   1.0000000000000000        3.5296925000000000E-007  -1.0000000000000000        0.0000000000000000        0.0000000000000000        0.0000000000000000     
   2.0000000000000000        1.3485150000000000E-003 -0.99865324999999994        0.0000000000000000        0.0000000000000000        0.0000000000000000     
   3.0000000000000000        1.7803075000000002E-002 -0.98220025000000011        0.0000000000000000        0.0000000000000000        0.0000000000000000     
   4.0000000000000000        5.9910850000000002E-002 -0.94008825000000007        0.0000000000000000        0.0000000000000000        0.0000000000000000     
   5.0000000000000000       0.11930450000000001      -0.88069550000000008        0.0000000000000000        0.0000000000000000        0.0000000000000000     
   6.0000000000000000       0.18479325000000002      -0.81520674999999998        0.0000000000000000        0.0000000000000000        0.0000000000000000     
   7.0000000000000000       0.24951950000000003      -0.75048050000000011        0.0000000000000000        0.0000000000000000        0.0000000000000000     
   8.0000000000000000       0.31017550000000005      -0.68982450000000006        0.0000000000000000        0.0000000000000000        0.0000000000000000     
   9.0000000000000000       0.36554225000000001      -0.63445775000000004        0.0000000000000000        0.0000000000000000        0.0000000000000000     
   10.000000000000000       0.41547200000000001      -0.58452799999999994        0.0000000000000000        0.0000000000000000        0.0000000000000000     
   11.000000000000000       0.46024475000000004      -0.53975525000000002        0.0000000000000000        0.0000000000000000        0.0000000000000000     
   12.000000000000000       0.50034274999999995      -0.49965725000000005        0.0000000000000000        0.0000000000000000        0.0000000000000000     
   13.000000000000002       0.53624500000000008      -0.46375499999999997        0.0000000000000000        0.0000000000000000        0.0000000000000000     
   14.000000000000000       0.56848250000000000      -0.43151750000000000        0.0000000000000000        0.0000000000000000        0.0000000000000000     
   15.000000000000000       0.59748200000000007      -0.40251800000000004        0.0000000000000000        0.0000000000000000        0.0000000000000000     
   16.000000000000000       0.62363575000000004      -0.37636424999999996        0.0000000000000000        0.0000000000000000        0.0000000000000000     
   17.000000000000000       0.64728825000000001      -0.35271174999999999        0.0000000000000000        0.0000000000000000        0.0000000000000000     
   18.000000000000000       0.66872725000000000      -0.33127275000000000        0.0000000000000000        0.0000000000000000        0.0000000000000000     
   19.000000000000000       0.68822725000000007      -0.31177275000000004        0.0000000000000000        0.0000000000000000        0.0000000000000000     
   20.000000000000000       0.70599825000000005      -0.29400175000000006        0.0000000000000000        0.0000000000000000        0.0000000000000000     
   21.000000000000004       0.72222249999999999      -0.27777750000000001        0.0000000000000000        0.0000000000000000        0.0000000000000000     
   22.000000000000000       0.73707999999999996      -0.26292000000000004        0.0000000000000000        0.0000000000000000        0.0000000000000000     
   23.000000000000000       0.75071300000000007      -0.24928700000000004        0.0000000000000000        0.0000000000000000        0.0000000000000000     
   24.000000000000000       0.76324149999999991      -0.23675850000000001        0.0000000000000000        0.0000000000000000        0.0000000000000000     
   25.000000000000000       0.77477774999999993      -0.22522225000000001        0.0000000000000000        0.0000000000000000        0.0000000000000000     
   26.000000000000004       0.78541174999999996      -0.21458825000000001        0.0000000000000000        0.0000000000000000        0.0000000000000000     
   27.000000000000000       0.79524349999999999      -0.20475650000000001        0.0000000000000000        0.0000000000000000        0.0000000000000000     
   28.000000000000000       0.80433300000000008      -0.19566700000000001        0.0000000000000000        0.0000000000000000        0.0000000000000000     
   29.000000000000000       0.81275474999999997      -0.18724525000000003        0.0000000000000000        0.0000000000000000        0.0000000000000000     
   30.000000000000000       0.82055650000000002      -0.17944350000000001        0.0000000000000000        0.0000000000000000        0.0000000000000000     
   31.000000000000004       0.82780825000000002      -0.17219175000000000        0.0000000000000000        0.0000000000000000        0.0000000000000000     
   32.000000000000000       0.83454450000000002      -0.16545550000000003        0.0000000000000000        0.0000000000000000        0.0000000000000000     
   33.000000000000000       0.84081850000000002      -0.15918150000000000        0.0000000000000000        0.0000000000000000        0.0000000000000000     
   34.000000000000000       0.84664925000000002      -0.15335075000000001        0.0000000000000000        0.0000000000000000        0.0000000000000000     
   35.000000000000000       0.85209000000000001      -0.14790999999999999        0.0000000000000000        0.0000000000000000        0.0000000000000000     
   36.000000000000000       0.85715525000000004      -0.14284475000000002        0.0000000000000000        0.0000000000000000        0.0000000000000000     
   37.000000000000000       0.86189274999999999      -0.13810724999999999        0.0000000000000000        0.0000000000000000        0.0000000000000000     
   38.000000000000000       0.86630475000000007      -0.13369525000000002        0.0000000000000000        0.0000000000000000        0.0000000000000000     
   39.000000000000000       0.87043349999999997      -0.12956650000000000        0.0000000000000000        0.0000000000000000        0.0000000000000000     
   40.000000000000000       0.87429224999999999      -0.12570775000000001        0.0000000000000000        0.0000000000000000        0.0000000000000000     
   41.000000000000000       0.87790000000000001      -0.12209999999999999        0.0000000000000000        0.0000000000000000        0.0000000000000000     
   42.000000000000007       0.88127225000000009      -0.11872774999999999        0.0000000000000000        0.0000000000000000        0.0000000000000000     
   43.000000000000000       0.88442900000000002      -0.11557100000000001        0.0000000000000000        0.0000000000000000        0.0000000000000000     
   44.000000000000000       0.88738025000000009      -0.11261975000000000        0.0000000000000000        0.0000000000000000        0.0000000000000000     
   45.000000000000000       0.89015600000000017      -0.10984400000000000        0.0000000000000000        0.0000000000000000        0.0000000000000000     
   46.000000000000000       0.89274075000000008      -0.10725925000000000        0.0000000000000000        0.0000000000000000        0.0000000000000000     
   47.000000000000007       0.89516775000000004      -0.10483202500000000        0.0000000000000000        0.0000000000000000        0.0000000000000000     
   48.000000000000000       0.89744924999999998      -0.10255052500000000        0.0000000000000000        0.0000000000000000        0.0000000000000000     
   49.000000000000000       0.89957975000000001      -0.10042070000000000        0.0000000000000000        0.0000000000000000        0.0000000000000000     
   50.000000000000000       0.90157474999999998       -9.8425475000000012E-002   0.0000000000000000        0.0000000000000000        0.0000000000000000     
   51.000000000000000       0.90344425000000006       -9.6554850000000012E-002   0.0000000000000000        0.0000000000000000        0.0000000000000000     
   52.000000000000007       0.90520050000000007       -9.4800825000000005E-002   0.0000000000000000        0.0000000000000000        0.0000000000000000     
   53.000000000000000       0.90684350000000002       -9.3157400000000001E-002   0.0000000000000000        0.0000000000000000        0.0000000000000000     
   54.000000000000000       0.90838100000000011       -9.1618350000000001E-002   0.0000000000000000        0.0000000000000000        0.0000000000000000     
   55.000000000000000       0.90982300000000005       -9.0175900000000003E-002   0.0000000000000000        0.0000000000000000        0.0000000000000000     
   56.000000000000000       0.91117950000000003       -8.8824500000000015E-002   0.0000000000000000        0.0000000000000000        0.0000000000000000     
   57.000000000000007       0.91244275000000008       -8.7558700000000003E-002   0.0000000000000000        0.0000000000000000        0.0000000000000000     
   58.000000000000000       0.91363050000000001       -8.6372950000000004E-002   0.0000000000000000        0.0000000000000000        0.0000000000000000     
   59.000000000000000       0.91473274999999998       -8.5263249999999999E-002   0.0000000000000000        0.0000000000000000        0.0000000000000000     
   60.000000000000000       0.91577949999999997       -8.4224825000000003E-002   0.0000000000000000        0.0000000000000000        0.0000000000000000     
   61.000000000000000       0.91674300000000009       -8.3252675000000012E-002   0.0000000000000000        0.0000000000000000        0.0000000000000000     
   62.000000000000007       0.91765874999999997       -8.2343250000000007E-002   0.0000000000000000        0.0000000000000000        0.0000000000000000     
   63.000000000000000       0.91850900000000002       -8.1493549999999998E-002   0.0000000000000000        0.0000000000000000        0.0000000000000000     
   64.000000000000000       0.91930375000000009       -8.0698575000000008E-002   0.0000000000000000        0.0000000000000000        0.0000000000000000     
   65.000000000000000       0.92004300000000006       -7.9955999999999999E-002   0.0000000000000000        0.0000000000000000        0.0000000000000000     
   66.000000000000000       0.92073675000000010       -7.9263374999999997E-002   0.0000000000000000        0.0000000000000000        0.0000000000000000     
   67.000000000000000       0.92138275000000003       -7.8615600000000008E-002   0.0000000000000000        0.0000000000000000        0.0000000000000000     
   68.000000000000000       0.92199100000000000       -7.8012225000000004E-002   0.0000000000000000        0.0000000000000000        0.0000000000000000     
   69.000000000000000       0.92255375000000006       -7.7449475000000004E-002   0.0000000000000000        0.0000000000000000        0.0000000000000000     
   70.000000000000000       0.92307875000000006       -7.6925250000000001E-002   0.0000000000000000        0.0000000000000000        0.0000000000000000     
   71.000000000000000       0.92356600000000011       -7.6436875000000001E-002   0.0000000000000000        0.0000000000000000        0.0000000000000000     
   72.000000000000000       0.92401774999999997       -7.5983024999999996E-002   0.0000000000000000        0.0000000000000000        0.0000000000000000     
   73.000000000000000       0.92443950000000008       -7.5560150000000006E-002   0.0000000000000000        0.0000000000000000        0.0000000000000000     
   74.000000000000000       0.92483575000000007       -7.5168024999999999E-002   0.0000000000000000        0.0000000000000000        0.0000000000000000     
   75.000000000000000       0.92519425000000000       -7.4803874999999992E-002   0.0000000000000000        0.0000000000000000        0.0000000000000000     
   76.000000000000000       0.92553275000000002       -7.4465925000000002E-002   0.0000000000000000        0.0000000000000000        0.0000000000000000     
   77.000000000000000       0.92584349999999993       -7.4153175000000002E-002   0.0000000000000000        0.0000000000000000        0.0000000000000000     
   78.000000000000000       0.92613425000000005       -7.3863524999999999E-002   0.0000000000000000        0.0000000000000000        0.0000000000000000     
   79.000000000000000       0.92640725000000002       -7.3595525000000009E-002   0.0000000000000000        0.0000000000000000        0.0000000000000000     
   80.000000000000000       0.92665249999999999       -7.3347625000000014E-002   0.0000000000000000        0.0000000000000000        0.0000000000000000     
   81.000000000000000       0.92687775000000006       -7.3118824999999998E-002   0.0000000000000000        0.0000000000000000        0.0000000000000000     
   82.000000000000000       0.92709075000000007       -7.2908350000000011E-002   0.0000000000000000        0.0000000000000000        0.0000000000000000     
   83.000000000000000       0.92728825000000004       -7.2714424999999999E-002   0.0000000000000000        0.0000000000000000        0.0000000000000000     
   84.000000000000014       0.92746350000000000       -7.2536050000000005E-002   0.0000000000000000        0.0000000000000000        0.0000000000000000     
   85.000000000000000       0.92762875000000000       -7.2371900000000003E-002   0.0000000000000000        0.0000000000000000        0.0000000000000000     
   86.000000000000000       0.92777625000000008       -7.2221524999999995E-002   0.0000000000000000        0.0000000000000000        0.0000000000000000     
   87.000000000000000       0.92791374999999998       -7.2083375000000005E-002   0.0000000000000000        0.0000000000000000        0.0000000000000000     
   88.000000000000000       0.92803900000000006       -7.1957450000000006E-002   0.0000000000000000        0.0000000000000000        0.0000000000000000     
   89.000000000000014       0.92815425000000007       -7.1841199999999994E-002   0.0000000000000000        0.0000000000000000        0.0000000000000000     
   90.000000000000000       0.92826724999999999       -7.1736400000000006E-002   0.0000000000000000        0.0000000000000000        0.0000000000000000     
   91.000000000000000       0.92836249999999998       -7.1639499999999995E-002   0.0000000000000000        0.0000000000000000        0.0000000000000000     
   92.000000000000000       0.92844550000000003       -7.1551500000000004E-002   0.0000000000000000        0.0000000000000000        0.0000000000000000     
   93.000000000000000       0.92852850000000009       -7.1471174999999998E-002   0.0000000000000000        0.0000000000000000        0.0000000000000000     
   94.000000000000014       0.92859925000000010       -7.1398199999999995E-002   0.0000000000000000        0.0000000000000000        0.0000000000000000     
   95.000000000000000       0.92866775000000001       -7.1331350000000002E-002   0.0000000000000000        0.0000000000000000        0.0000000000000000     
   96.000000000000000       0.92872850000000007       -7.1270075000000016E-002   0.0000000000000000        0.0000000000000000        0.0000000000000000     
   97.000000000000000       0.92878474999999994       -7.1214150000000004E-002   0.0000000000000000        0.0000000000000000        0.0000000000000000     
   98.000000000000000       0.92883874999999994       -7.1163574999999993E-002   0.0000000000000000        0.0000000000000000        0.0000000000000000     
   99.000000000000014       0.92888275000000009       -7.1116575000000001E-002   0.0000000000000000        0.0000000000000000        0.0000000000000000     
   100.00000000000000       0.92892675000000002       -7.1073374999999994E-002   0.0000000000000000        0.0000000000000000        0.0000000000000000     
   101.00000000000000       0.92896624999999999       -7.1033200000000005E-002   0.0000000000000000        0.0000000000000000        0.0000000000000000     
   102.00000000000000       0.92900349999999998       -7.0995600000000006E-002   0.0000000000000000        0.0000000000000000        0.0000000000000000     
   103.00000000000000       0.92904074999999997       -7.0961024999999997E-002   0.0000000000000000        0.0000000000000000        0.0000000000000000     
   104.00000000000001       0.92907575000000009       -7.0927475000000004E-002   0.0000000000000000        0.0000000000000000        0.0000000000000000     
   105.00000000000000       0.92910625000000002       -7.0896725000000008E-002   0.0000000000000000        0.0000000000000000        0.0000000000000000     
   106.00000000000000       0.92913675000000007       -7.0866449999999997E-002   0.0000000000000000        0.0000000000000000        0.0000000000000000     
   107.00000000000000       0.92916500000000002       -7.0837200000000003E-002   0.0000000000000000        0.0000000000000000        0.0000000000000000     
   108.00000000000000       0.92919324999999997       -7.0808200000000002E-002   0.0000000000000000        0.0000000000000000        0.0000000000000000     
   109.00000000000001       0.92921699999999996       -7.0780225000000002E-002   0.0000000000000000        0.0000000000000000        0.0000000000000000     
   110.00000000000000       0.92924850000000014       -7.0751725000000001E-002   0.0000000000000000        0.0000000000000000        0.0000000000000000     
   111.00000000000000       0.92927775000000001       -7.0722475000000007E-002   0.0000000000000000        0.0000000000000000        0.0000000000000000     
   112.00000000000000       0.92930475000000001       -7.0692699999999997E-002   0.0000000000000000        0.0000000000000000        0.0000000000000000     
   113.00000000000000       0.92933949999999999       -7.0662400000000000E-002   0.0000000000000000        0.0000000000000000        0.0000000000000000     
   114.00000000000001       0.92936974999999999       -7.0631350000000009E-002   0.0000000000000000        0.0000000000000000        0.0000000000000000     
   115.00000000000000       0.92940000000000000       -7.0598775000000002E-002   0.0000000000000000        0.0000000000000000        0.0000000000000000     
   116.00000000000000       0.92943800000000010       -7.0564674999999993E-002   0.0000000000000000        0.0000000000000000        0.0000000000000000     
   117.00000000000000       0.92947150000000001       -7.0528825000000003E-002   0.0000000000000000        0.0000000000000000        0.0000000000000000     
   118.00000000000000       0.92950500000000003       -7.0490900000000009E-002   0.0000000000000000        0.0000000000000000        0.0000000000000000     
   119.00000000000001       0.92954399999999993       -7.0451225000000006E-002   0.0000000000000000        0.0000000000000000        0.0000000000000000     
   120.00000000000000       0.92959075000000002       -7.0409250000000007E-002   0.0000000000000000        0.0000000000000000        0.0000000000000000     
   121.00000000000000       0.92963525000000002       -7.0365524999999998E-002   0.0000000000000000        0.0000000000000000        0.0000000000000000     
   122.00000000000000       0.92967750000000005       -7.0318499999999992E-002   0.0000000000000000        0.0000000000000000        0.0000000000000000     
   123.00000000000000       0.92972750000000004       -7.0269725000000005E-002   0.0000000000000000        0.0000000000000000        0.0000000000000000     
   124.00000000000001       0.92978300000000003       -7.0217875000000013E-002   0.0000000000000000        0.0000000000000000        0.0000000000000000     
   125.00000000000000       0.92983850000000001       -7.0162500000000003E-002   0.0000000000000000        0.0000000000000000        0.0000000000000000     
   126.00000000000000       0.92989175000000002       -7.0105374999999998E-002   0.0000000000000000        0.0000000000000000        0.0000000000000000     
   127.00000000000000       0.92995824999999999       -7.0043950000000008E-002   0.0000000000000000        0.0000000000000000        0.0000000000000000     
   128.00000000000000       0.93001699999999998       -6.9980775000000009E-002   0.0000000000000000        0.0000000000000000        0.0000000000000000     
   129.00000000000000       0.93008350000000006       -6.9913299999999998E-002   0.0000000000000000        0.0000000000000000        0.0000000000000000     
   130.00000000000000       0.93015325000000004       -6.9843299999999997E-002   0.0000000000000000        0.0000000000000000        0.0000000000000000     
   131.00000000000000       0.93023299999999998       -6.9769774999999992E-002   0.0000000000000000        0.0000000000000000        0.0000000000000000     
   132.00000000000000       0.93031050000000004       -6.9693500000000005E-002   0.0000000000000000        0.0000000000000000        0.0000000000000000     
   133.00000000000000       0.93038574999999990       -6.9612925000000006E-002   0.0000000000000000        0.0000000000000000        0.0000000000000000     
   134.00000000000000       0.93046874999999996       -6.9529375000000004E-002   0.0000000000000000        0.0000000000000000        0.0000000000000000     
   135.00000000000000       0.93055725000000000       -6.9442525000000005E-002   0.0000000000000000        0.0000000000000000        0.0000000000000000     
   136.00000000000000       0.93064575000000005       -6.9351925000000009E-002   0.0000000000000000        0.0000000000000000        0.0000000000000000     
   137.00000000000000       0.93073974999999998       -6.9257800000000008E-002   0.0000000000000000        0.0000000000000000        0.0000000000000000     
   138.00000000000000       0.93084149999999988       -6.9159925000000011E-002   0.0000000000000000        0.0000000000000000        0.0000000000000000     
   139.00000000000000       0.93094325000000011       -6.9059074999999998E-002   0.0000000000000000        0.0000000000000000        0.0000000000000000     
   140.00000000000000       0.93104275000000003       -6.8953925000000013E-002   0.0000000000000000        0.0000000000000000        0.0000000000000000     
   141.00000000000000       0.93115774999999990       -6.8845799999999999E-002   0.0000000000000000        0.0000000000000000        0.0000000000000000     
   142.00000000000000       0.93126274999999992       -6.8734149999999994E-002   0.0000000000000000        0.0000000000000000        0.0000000000000000     
   143.00000000000000       0.93138325000000000       -6.8618525000000000E-002   0.0000000000000000        0.0000000000000000        0.0000000000000000     
   144.00000000000000       0.93150149999999998       -6.8499925000000003E-002   0.0000000000000000        0.0000000000000000        0.0000000000000000     
   145.00000000000000       0.93162199999999995       -6.8377574999999996E-002   0.0000000000000000        0.0000000000000000        0.0000000000000000     
   146.00000000000000       0.93174574999999993       -6.8251475000000006E-002   0.0000000000000000        0.0000000000000000        0.0000000000000000     
   147.00000000000000       0.93187950000000008       -6.8122175000000007E-002   0.0000000000000000        0.0000000000000000        0.0000000000000000     
   148.00000000000000       0.93201100000000003       -6.7989124999999997E-002   0.0000000000000000        0.0000000000000000        0.0000000000000000     
   149.00000000000000       0.93214799999999998       -6.7853100000000000E-002   0.0000000000000000        0.0000000000000000        0.0000000000000000     
   150.00000000000000       0.93228500000000003       -6.7713099999999998E-002   0.0000000000000000        0.0000000000000000        0.0000000000000000     
   151.00000000000000       0.93242975000000006       -6.7570124999999995E-002   0.0000000000000000        0.0000000000000000        0.0000000000000000     
   152.00000000000000       0.93257449999999997       -6.7423949999999996E-002   0.0000000000000000        0.0000000000000000        0.0000000000000000     
   153.00000000000000       0.93272475000000010       -6.7274575000000003E-002   0.0000000000000000        0.0000000000000000        0.0000000000000000     
   154.00000000000000       0.93287500000000012       -6.7121225000000007E-002   0.0000000000000000        0.0000000000000000        0.0000000000000000     
   155.00000000000000       0.93303300000000000       -6.6964899999999994E-002   0.0000000000000000        0.0000000000000000        0.0000000000000000     
   156.00000000000000       0.93319650000000010       -6.6805925000000002E-002   0.0000000000000000        0.0000000000000000        0.0000000000000000     
   157.00000000000000       0.93335224999999999       -6.6643200000000000E-002   0.0000000000000000        0.0000000000000000        0.0000000000000000     
   158.00000000000000       0.93352350000000006       -6.6478049999999997E-002   0.0000000000000000        0.0000000000000000        0.0000000000000000     
   159.00000000000000       0.93369250000000004       -6.6309475000000007E-002   0.0000000000000000        0.0000000000000000        0.0000000000000000     
   160.00000000000000       0.93386374999999999       -6.6137925000000000E-002   0.0000000000000000        0.0000000000000000        0.0000000000000000     
   161.00000000000000       0.93404050000000005       -6.5963725000000001E-002   0.0000000000000000        0.0000000000000000        0.0000000000000000     
   162.00000000000000       0.93421500000000002       -6.5786325000000007E-002   0.0000000000000000        0.0000000000000000        0.0000000000000000     
   163.00000000000000       0.93438949999999998       -6.5606275000000006E-002   0.0000000000000000        0.0000000000000000        0.0000000000000000     
   164.00000000000000       0.93457400000000002       -6.5423800000000004E-002   0.0000000000000000        0.0000000000000000        0.0000000000000000     
   165.00000000000000       0.93476175000000006       -6.5238900000000002E-002   0.0000000000000000        0.0000000000000000        0.0000000000000000     
   166.00000000000000       0.93495174999999997       -6.5050574999999999E-002   0.0000000000000000        0.0000000000000000        0.0000000000000000     
   167.00000000000000       0.93513950000000001       -6.4859824999999996E-002   0.0000000000000000        0.0000000000000000        0.0000000000000000     
   168.00000000000003       0.93533500000000003       -6.4667199999999994E-002   0.0000000000000000        0.0000000000000000        0.0000000000000000     
   169.00000000000000       0.93553050000000004       -6.4471375000000011E-002   0.0000000000000000        0.0000000000000000        0.0000000000000000     
   170.00000000000000       0.93572600000000006       -6.4273675000000002E-002   0.0000000000000000        0.0000000000000000        0.0000000000000000     
   171.00000000000000       0.93592700000000006       -6.4073325000000000E-002   0.0000000000000000        0.0000000000000000        0.0000000000000000     
   172.00000000000000       0.93612800000000007       -6.3871100000000000E-002   0.0000000000000000        0.0000000000000000        0.0000000000000000     
   173.00000000000003       0.93632900000000019       -6.3666449999999999E-002   0.0000000000000000        0.0000000000000000        0.0000000000000000     
   174.00000000000000       0.93653775000000006       -6.3459925000000000E-002   0.0000000000000000        0.0000000000000000        0.0000000000000000     
   175.00000000000000       0.93674425000000006       -6.3250749999999994E-002   0.0000000000000000        0.0000000000000000        0.0000000000000000     
   176.00000000000000       0.93696075000000001       -6.3040474999999999E-002   0.0000000000000000        0.0000000000000000        0.0000000000000000     
   177.00000000000000       0.93717500000000009       -6.2827550000000010E-002   0.0000000000000000        0.0000000000000000        0.0000000000000000     
   178.00000000000003       0.93738925000000006       -6.2612975000000001E-002   0.0000000000000000        0.0000000000000000        0.0000000000000000     
   179.00000000000000       0.93760125000000005       -6.2397075000000003E-002   0.0000000000000000        0.0000000000000000        0.0000000000000000     
   180.00000000000000       0.93782325000000000       -6.2178524999999998E-002   0.0000000000000000        0.0000000000000000        0.0000000000000000     
   181.00000000000000       0.93804300000000007       -6.1958874999999997E-002   0.0000000000000000        0.0000000000000000        0.0000000000000000     
   182.00000000000000       0.93826275000000003       -6.1738125000000005E-002   0.0000000000000000        0.0000000000000000        0.0000000000000000     
   183.00000000000003       0.93848250000000011       -6.1514500000000000E-002   0.0000000000000000        0.0000000000000000        0.0000000000000000     
   184.00000000000000       0.93871000000000004       -6.1290775000000006E-002   0.0000000000000000        0.0000000000000000        0.0000000000000000     
   185.00000000000000       0.93893749999999998       -6.1064950000000000E-002   0.0000000000000000        0.0000000000000000        0.0000000000000000     
   186.00000000000000       0.93916274999999994       -6.0837250000000002E-002   0.0000000000000000        0.0000000000000000        0.0000000000000000     
   187.00000000000000       0.93938800000000011       -6.0609225000000003E-002   0.0000000000000000        0.0000000000000000        0.0000000000000000     
   188.00000000000003       0.93962100000000004       -6.0379325000000005E-002   0.0000000000000000        0.0000000000000000        0.0000000000000000     
   189.00000000000000       0.93985399999999997       -6.0148874999999997E-002   0.0000000000000000        0.0000000000000000        0.0000000000000000     
   190.00000000000000       0.94008700000000012       -5.9917325000000000E-002   0.0000000000000000        0.0000000000000000        0.0000000000000000     
   191.00000000000000       0.94031775000000006       -5.9683674999999999E-002   0.0000000000000000        0.0000000000000000        0.0000000000000000     
   192.00000000000000       0.94055074999999999       -5.9449700000000001E-002   0.0000000000000000        0.0000000000000000        0.0000000000000000     
   193.00000000000003       0.94078150000000005       -5.9215400000000001E-002   0.0000000000000000        0.0000000000000000        0.0000000000000000     
   194.00000000000000       0.94101999999999997       -5.8978999999999997E-002   0.0000000000000000        0.0000000000000000        0.0000000000000000     
   195.00000000000000       0.94125850000000011       -5.8742824999999999E-002   0.0000000000000000        0.0000000000000000        0.0000000000000000     
   196.00000000000000       0.94149700000000003       -5.8504775000000002E-002   0.0000000000000000        0.0000000000000000        0.0000000000000000     
   197.00000000000000       0.94173550000000006       -5.8267174999999997E-002   0.0000000000000000        0.0000000000000000        0.0000000000000000     
   198.00000000000003       0.94197175000000000       -5.8028250000000003E-002   0.0000000000000000        0.0000000000000000        0.0000000000000000     
   199.00000000000000       0.94220800000000005       -5.7788775000000007E-002   0.0000000000000000        0.0000000000000000        0.0000000000000000     
   200.00000000000000       0.94245424999999994       -5.7548974999999995E-002   0.0000000000000000        0.0000000000000000        0.0000000000000000     
   201.00000000000000       0.94269050000000010       -5.7308625000000002E-002   0.0000000000000000        0.0000000000000000        0.0000000000000000     
   202.00000000000000       0.94293450000000001       -5.7067725000000000E-002   0.0000000000000000        0.0000000000000000        0.0000000000000000     
   203.00000000000003       0.94317624999999994       -5.6825725000000001E-002   0.0000000000000000        0.0000000000000000        0.0000000000000000     
   204.00000000000000       0.94341250000000010       -5.6584725000000002E-002   0.0000000000000000        0.0000000000000000        0.0000000000000000     
   205.00000000000000       0.94365650000000001       -5.6342625000000000E-002   0.0000000000000000        0.0000000000000000        0.0000000000000000     
   206.00000000000000       0.94389825000000005       -5.6099750000000004E-002   0.0000000000000000        0.0000000000000000        0.0000000000000000     
   207.00000000000000       0.94414225000000007       -5.5857324999999999E-002   0.0000000000000000        0.0000000000000000        0.0000000000000000     
   208.00000000000003       0.94438400000000000       -5.5615125000000001E-002   0.0000000000000000        0.0000000000000000        0.0000000000000000     
   209.00000000000000       0.94462574999999993       -5.5372375000000001E-002   0.0000000000000000        0.0000000000000000        0.0000000000000000     
   210.00000000000000       0.94486749999999997       -5.5129299999999992E-002   0.0000000000000000        0.0000000000000000        0.0000000000000000     
   211.00000000000000       0.94511699999999998       -5.4886225000000004E-002   0.0000000000000000        0.0000000000000000        0.0000000000000000     
   212.00000000000000       0.94535650000000004       -5.4643600000000001E-002   0.0000000000000000        0.0000000000000000        0.0000000000000000     
   213.00000000000003       0.94559825000000008       -5.4400425000000002E-002   0.0000000000000000        0.0000000000000000        0.0000000000000000     
   214.00000000000000       0.94583775000000014       -5.4158250000000005E-002   0.0000000000000000        0.0000000000000000        0.0000000000000000     
   215.00000000000000       0.94608725000000005       -5.3915525000000006E-002   0.0000000000000000        0.0000000000000000        0.0000000000000000     
   216.00000000000000       0.94632674999999999       -5.3672249999999998E-002   0.0000000000000000        0.0000000000000000        0.0000000000000000     
   217.00000000000000       0.94656625000000016       -5.3429975000000005E-002   0.0000000000000000        0.0000000000000000        0.0000000000000000     
   218.00000000000003       0.94681349999999997       -5.3188149999999997E-002   0.0000000000000000        0.0000000000000000        0.0000000000000000     
   219.00000000000000       0.94705300000000003       -5.2946325000000002E-002   0.0000000000000000        0.0000000000000000        0.0000000000000000     
   220.00000000000000       0.94729250000000009       -5.2704725000000001E-002   0.0000000000000000        0.0000000000000000        0.0000000000000000     
   221.00000000000000       0.94753975000000001       -5.2463574999999998E-002   0.0000000000000000        0.0000000000000000        0.0000000000000000     
   222.00000000000000       0.94777925000000007       -5.2222425000000003E-002   0.0000000000000000        0.0000000000000000        0.0000000000000000     
   223.00000000000003       0.94801650000000004       -5.1982275000000001E-002   0.0000000000000000        0.0000000000000000        0.0000000000000000     
   224.00000000000000       0.94825599999999999       -5.1742574999999999E-002   0.0000000000000000        0.0000000000000000        0.0000000000000000     
   225.00000000000000       0.94850100000000015       -5.1502875000000004E-002   0.0000000000000000        0.0000000000000000        0.0000000000000000     
   226.00000000000000       0.94873825000000001       -5.1263400000000001E-002   0.0000000000000000        0.0000000000000000        0.0000000000000000     
   227.00000000000000       0.94897549999999997       -5.1024925000000006E-002   0.0000000000000000        0.0000000000000000        0.0000000000000000     
   228.00000000000003       0.94921500000000003       -5.0786675000000003E-002   0.0000000000000000        0.0000000000000000        0.0000000000000000     
   229.00000000000000       0.94945225000000011       -5.0549425000000009E-002   0.0000000000000000        0.0000000000000000        0.0000000000000000     
   230.00000000000000       0.94968949999999996       -5.0312400000000007E-002   0.0000000000000000        0.0000000000000000        0.0000000000000000     
   231.00000000000000       0.94992450000000006       -5.0076150000000007E-002   0.0000000000000000        0.0000000000000000        0.0000000000000000     
   232.00000000000000       0.95016175000000003       -4.9840349999999999E-002   0.0000000000000000        0.0000000000000000        0.0000000000000000     
   233.00000000000003       0.95039125000000002       -4.9605324999999999E-002   0.0000000000000000        0.0000000000000000        0.0000000000000000     
   234.00000000000000       0.95062625000000001       -4.9371300000000000E-002   0.0000000000000000        0.0000000000000000        0.0000000000000000     
   235.00000000000000       0.95086350000000008       -4.9137500000000001E-002   0.0000000000000000        0.0000000000000000        0.0000000000000000     
   236.00000000000000       0.95109075000000010       -4.8904700000000002E-002   0.0000000000000000        0.0000000000000000        0.0000000000000000     
   237.00000000000000       0.95132800000000006       -4.8672900000000005E-002   0.0000000000000000        0.0000000000000000        0.0000000000000000     
   238.00000000000003       0.95155524999999996       -4.8441100000000001E-002   0.0000000000000000        0.0000000000000000        0.0000000000000000     
   239.00000000000000       0.95179025000000006       -4.8211075000000006E-002   0.0000000000000000        0.0000000000000000        0.0000000000000000     
   240.00000000000000       0.95201749999999996       -4.7981274999999997E-002   0.0000000000000000        0.0000000000000000        0.0000000000000000     
   241.00000000000000       0.95224475000000008       -4.7751700000000001E-002   0.0000000000000000        0.0000000000000000        0.0000000000000000     
   242.00000000000000       0.95247199999999999       -4.7523675000000001E-002   0.0000000000000000        0.0000000000000000        0.0000000000000000     
   243.00000000000003       0.95270699999999997       -4.7296649999999996E-002   0.0000000000000000        0.0000000000000000        0.0000000000000000     
   244.00000000000000       0.95292650000000001       -4.7069850000000003E-002   0.0000000000000000        0.0000000000000000        0.0000000000000000     
   245.00000000000000       0.95315375000000002       -4.6844825000000007E-002   0.0000000000000000        0.0000000000000000        0.0000000000000000     
   246.00000000000000       0.95337875000000005       -4.6619800000000003E-002   0.0000000000000000        0.0000000000000000        0.0000000000000000     
   247.00000000000000       0.95360599999999995       -4.6395775000000000E-002   0.0000000000000000        0.0000000000000000        0.0000000000000000     
   248.00000000000003       0.95382325000000001       -4.6173525000000000E-002   0.0000000000000000        0.0000000000000000        0.0000000000000000     
   249.00000000000000       0.95405050000000002       -4.5951275000000000E-002   0.0000000000000000        0.0000000000000000        0.0000000000000000     
   250.00000000000000       0.95426774999999997       -4.5730250000000000E-002   0.0000000000000000        0.0000000000000000        0.0000000000000000     
   251.00000000000000       0.95448725000000012       -4.5510549999999997E-002   0.0000000000000000        0.0000000000000000        0.0000000000000000     
   252.00000000000000       0.95471225000000004       -4.5291300000000000E-002   0.0000000000000000        0.0000000000000000        0.0000000000000000     
   253.00000000000003       0.95492949999999999       -4.5072825000000004E-002   0.0000000000000000        0.0000000000000000        0.0000000000000000     
   254.00000000000000       0.95514675000000004       -4.4855900000000004E-002   0.0000000000000000        0.0000000000000000        0.0000000000000000     
   255.00000000000000       0.95535625000000002       -4.4640199999999998E-002   0.0000000000000000        0.0000000000000000        0.0000000000000000     
   256.00000000000000       0.95557350000000008       -4.4424499999999999E-002   0.0000000000000000        0.0000000000000000        0.0000000000000000     
   257.00000000000000       0.95579075000000002       -4.4210349999999995E-002   0.0000000000000000        0.0000000000000000        0.0000000000000000     
   258.00000000000000       0.95600025000000011       -4.3997425000000000E-002   0.0000000000000000        0.0000000000000000        0.0000000000000000     
   259.00000000000000       0.95621750000000005       -4.3785049999999999E-002   0.0000000000000000        0.0000000000000000        0.0000000000000000     
   260.00000000000000       0.95642700000000003       -4.3574675000000007E-002   0.0000000000000000        0.0000000000000000        0.0000000000000000     
   261.00000000000000       0.95663425000000002       -4.3364300000000001E-002   0.0000000000000000        0.0000000000000000        0.0000000000000000     
   262.00000000000000       0.95684374999999999       -4.3155475000000006E-002   0.0000000000000000        0.0000000000000000        0.0000000000000000     
   263.00000000000000       0.95705324999999997       -4.2946874999999995E-002   0.0000000000000000        0.0000000000000000        0.0000000000000000     
   264.00000000000000       0.95726050000000007       -4.2740050000000002E-002   0.0000000000000000        0.0000000000000000        0.0000000000000000     
   265.00000000000000       0.95747000000000004       -4.2534000000000002E-002   0.0000000000000000        0.0000000000000000        0.0000000000000000     
   266.00000000000000       0.95766950000000006       -4.2329724999999999E-002   0.0000000000000000        0.0000000000000000        0.0000000000000000     
   267.00000000000000       0.95787675000000005       -4.2125675000000001E-002   0.0000000000000000        0.0000000000000000        0.0000000000000000     
   268.00000000000000       0.95807850000000006       -4.1923175000000000E-002   0.0000000000000000        0.0000000000000000        0.0000000000000000     
   269.00000000000000       0.95827800000000007       -4.1721450000000000E-002   0.0000000000000000        0.0000000000000000        0.0000000000000000     
   270.00000000000000       0.95847750000000009       -4.1520725000000001E-002   0.0000000000000000        0.0000000000000000        0.0000000000000000     
   271.00000000000000       0.95867700000000000       -4.1320774999999997E-002   0.0000000000000000        0.0000000000000000        0.0000000000000000     
   272.00000000000000       0.95887650000000002       -4.1122600000000002E-002   0.0000000000000000        0.0000000000000000        0.0000000000000000     
   273.00000000000000       0.95907600000000004       -4.0925425000000001E-002   0.0000000000000000        0.0000000000000000        0.0000000000000000     
   274.00000000000000       0.95926775000000009       -4.0729025000000002E-002   0.0000000000000000        0.0000000000000000        0.0000000000000000     
   275.00000000000000       0.95946724999999999       -4.0533400000000004E-002   0.0000000000000000        0.0000000000000000        0.0000000000000000     
   276.00000000000000       0.95965900000000004       -4.0339550000000002E-002   0.0000000000000000        0.0000000000000000        0.0000000000000000     
   277.00000000000000       0.95985074999999997       -4.0145925000000006E-002   0.0000000000000000        0.0000000000000000        0.0000000000000000     
   278.00000000000000       0.96004250000000002       -3.9953849999999999E-002   0.0000000000000000        0.0000000000000000        0.0000000000000000     
   279.00000000000000       0.96023425000000007       -3.9763325000000002E-002   0.0000000000000000        0.0000000000000000        0.0000000000000000     
   280.00000000000000       0.96042375000000013       -3.9573024999999998E-002   0.0000000000000000        0.0000000000000000        0.0000000000000000     
   281.00000000000000       0.96061550000000007       -3.9384500000000003E-002   0.0000000000000000        0.0000000000000000        0.0000000000000000     
   282.00000000000000       0.96080725000000000       -3.9196524999999996E-002   0.0000000000000000        0.0000000000000000        0.0000000000000000     
   283.00000000000000       0.96098900000000009       -3.9009775000000003E-002   0.0000000000000000        0.0000000000000000        0.0000000000000000     
   284.00000000000000       0.96117300000000006       -3.8823574999999999E-002   0.0000000000000000        0.0000000000000000        0.0000000000000000     
   285.00000000000000       0.96136250000000001       -3.8639374999999997E-002   0.0000000000000000        0.0000000000000000        0.0000000000000000     
   286.00000000000000       0.96154649999999997       -3.8455792500000002E-002   0.0000000000000000        0.0000000000000000        0.0000000000000000     
   287.00000000000000       0.96172825000000006       -3.8273142500000003E-002   0.0000000000000000        0.0000000000000000        0.0000000000000000     
   288.00000000000000       0.96191000000000004       -3.8091380000000001E-002   0.0000000000000000        0.0000000000000000        0.0000000000000000     
   289.00000000000000       0.96208625000000003       -3.7911257500000003E-002   0.0000000000000000        0.0000000000000000        0.0000000000000000     
   290.00000000000000       0.96226800000000012       -3.7732000000000002E-002   0.0000000000000000        0.0000000000000000        0.0000000000000000     
   291.00000000000000       0.96244975000000010       -3.7553607500000002E-002   0.0000000000000000        0.0000000000000000        0.0000000000000000     
   292.00000000000000       0.96262375000000011       -3.7376102500000001E-002   0.0000000000000000        0.0000000000000000        0.0000000000000000     
   293.00000000000000       0.96280000000000010       -3.7199440000000000E-002   0.0000000000000000        0.0000000000000000        0.0000000000000000     
   294.00000000000000       0.96297400000000000       -3.7024440000000006E-002   0.0000000000000000        0.0000000000000000        0.0000000000000000     
   295.00000000000000       0.96314800000000000       -3.6850305000000000E-002   0.0000000000000000        0.0000000000000000        0.0000000000000000     
   296.00000000000000       0.96332200000000001       -3.6677012500000002E-002   0.0000000000000000        0.0000000000000000        0.0000000000000000     
   297.00000000000000       0.96349600000000002       -3.6504584999999999E-002   0.0000000000000000        0.0000000000000000        0.0000000000000000     
   298.00000000000000       0.96367000000000003       -3.6333820000000003E-002   0.0000000000000000        0.0000000000000000        0.0000000000000000     
   299.00000000000000       0.96383624999999995       -3.6163099999999997E-002   0.0000000000000000        0.0000000000000000        0.0000000000000000     
   300.00000000000000       0.96400800000000009       -3.5994042500000004E-002   0.0000000000000000        0.0000000000000000        0.0000000000000000     
   301.00000000000000       0.96417425000000001       -3.5825849999999999E-002   0.0000000000000000        0.0000000000000000        0.0000000000000000     
   302.00000000000000       0.96434050000000004       -3.5658500000000003E-002   0.0000000000000000        0.0000000000000000        0.0000000000000000     
   303.00000000000000       0.96450675000000008       -3.5492790000000003E-002   0.0000000000000000        0.0000000000000000        0.0000000000000000     
   304.00000000000000       0.96467299999999989       -3.5327147500000003E-002   0.0000000000000000        0.0000000000000000        0.0000000000000000     
   305.00000000000000       0.96483700000000006       -3.5163144999999993E-002   0.0000000000000000        0.0000000000000000        0.0000000000000000     
   306.00000000000000       0.96500325000000009       -3.5000007500000006E-002   0.0000000000000000        0.0000000000000000        0.0000000000000000     
   307.00000000000000       0.96516175000000004       -3.4837690000000004E-002   0.0000000000000000        0.0000000000000000        0.0000000000000000     
   308.00000000000000       0.96532575000000009       -3.4676260000000000E-002   0.0000000000000000        0.0000000000000000        0.0000000000000000     
   309.00000000000000       0.96548425000000004       -3.4516447499999998E-002   0.0000000000000000        0.0000000000000000        0.0000000000000000     
   310.00000000000000       0.96564050000000001       -3.4356702500000003E-002   0.0000000000000000        0.0000000000000000        0.0000000000000000     
   311.00000000000000       0.96579900000000007       -3.4198597499999997E-002   0.0000000000000000        0.0000000000000000        0.0000000000000000     
   312.00000000000000       0.96595524999999993       -3.4041335000000006E-002   0.0000000000000000        0.0000000000000000        0.0000000000000000     
   313.00000000000000       0.96611375000000010       -3.3884140000000000E-002   0.0000000000000000        0.0000000000000000        0.0000000000000000     
   314.00000000000000       0.96627000000000007       -3.3728562500000003E-002   0.0000000000000000        0.0000000000000000        0.0000000000000000     
   315.00000000000000       0.96642625000000004       -3.3574625000000004E-002   0.0000000000000000        0.0000000000000000        0.0000000000000000     
   316.00000000000000       0.96657700000000002       -3.3420755000000003E-002   0.0000000000000000        0.0000000000000000        0.0000000000000000     
   317.00000000000000       0.96673324999999999       -3.3267727499999997E-002   0.0000000000000000        0.0000000000000000        0.0000000000000000     
   318.00000000000000       0.96688175000000010       -3.3115542499999998E-002   0.0000000000000000        0.0000000000000000        0.0000000000000000     
   319.00000000000000       0.96703800000000006       -3.2964975000000001E-002   0.0000000000000000        0.0000000000000000        0.0000000000000000     
   320.00000000000000       0.96718874999999993       -3.2815272499999999E-002   0.0000000000000000        0.0000000000000000        0.0000000000000000     
   321.00000000000000       0.96733724999999993       -3.2665615000000002E-002   0.0000000000000000        0.0000000000000000        0.0000000000000000     
   322.00000000000000       0.96748575000000003       -3.2517575000000000E-002   0.0000000000000000        0.0000000000000000        0.0000000000000000     
   323.00000000000000       0.96762649999999994       -3.2370400000000001E-002   0.0000000000000000        0.0000000000000000        0.0000000000000000     
   324.00000000000000       0.96777500000000005       -3.2224045000000000E-002   0.0000000000000000        0.0000000000000000        0.0000000000000000     
   325.00000000000000       0.96792350000000005       -3.2078532500000000E-002   0.0000000000000000        0.0000000000000000        0.0000000000000000     
   326.00000000000000       0.96806425000000007       -3.1933087499999999E-002   0.0000000000000000        0.0000000000000000        0.0000000000000000     
   327.00000000000000       0.96821275000000007       -3.1789260000000000E-002   0.0000000000000000        0.0000000000000000        0.0000000000000000     
   328.00000000000000       0.96835350000000009       -3.1647050000000003E-002   0.0000000000000000        0.0000000000000000        0.0000000000000000     
   329.00000000000000       0.96849425000000000       -3.1504885000000003E-002   0.0000000000000000        0.0000000000000000        0.0000000000000000     
   330.00000000000000       0.96863500000000002       -3.1363562499999997E-002   0.0000000000000000        0.0000000000000000        0.0000000000000000     
   331.00000000000006       0.96877575000000005       -3.1223082499999999E-002   0.0000000000000000        0.0000000000000000        0.0000000000000000     
   332.00000000000000       0.96891649999999996       -3.1083444999999998E-002   0.0000000000000000        0.0000000000000000        0.0000000000000000     
   333.00000000000000       0.96905725000000009       -3.0944649999999997E-002   0.0000000000000000        0.0000000000000000        0.0000000000000000     
   334.00000000000000       0.96919575000000013       -3.0806675000000002E-002   0.0000000000000000        0.0000000000000000        0.0000000000000000     
   335.00000000000000       0.96932874999999996       -3.0669519999999999E-002   0.0000000000000000        0.0000000000000000        0.0000000000000000     
   336.00000000000006       0.96946949999999998       -3.0533229999999998E-002   0.0000000000000000        0.0000000000000000        0.0000000000000000     
   337.00000000000000       0.96960250000000014       -3.0397759999999999E-002   0.0000000000000000        0.0000000000000000        0.0000000000000000     
   338.00000000000000       0.96973324999999999       -3.0263109999999999E-002   0.0000000000000000        0.0000000000000000        0.0000000000000000     
   339.00000000000000       0.96987400000000001       -3.0129302500000003E-002   0.0000000000000000        0.0000000000000000        0.0000000000000000     
   340.00000000000000       0.97000700000000006       -2.9996337500000001E-002   0.0000000000000000        0.0000000000000000        0.0000000000000000     
   341.00000000000006       0.97013775000000002       -2.9864192500000001E-002   0.0000000000000000        0.0000000000000000        0.0000000000000000     
   342.00000000000000       0.97027075000000007       -2.9732890000000001E-002   0.0000000000000000        0.0000000000000000        0.0000000000000000     
   343.00000000000000       0.97039375000000005       -2.9601632500000002E-002   0.0000000000000000        0.0000000000000000        0.0000000000000000     
   344.00000000000000       0.97052675000000010       -2.9471969999999997E-002   0.0000000000000000        0.0000000000000000        0.0000000000000000     
   345.00000000000000       0.97065749999999995       -2.9343150000000002E-002   0.0000000000000000        0.0000000000000000        0.0000000000000000     
   346.00000000000006       0.97078275000000003       -2.9214374999999997E-002   0.0000000000000000        0.0000000000000000        0.0000000000000000     
   347.00000000000000       0.97091349999999998       -2.9087217500000005E-002   0.0000000000000000        0.0000000000000000        0.0000000000000000     
   348.00000000000000       0.97103874999999995       -2.8960105000000003E-002   0.0000000000000000        0.0000000000000000        0.0000000000000000     
   349.00000000000000       0.97116175000000005       -2.8833812500000000E-002   0.0000000000000000        0.0000000000000000        0.0000000000000000     
   350.00000000000000       0.97129474999999998       -2.8708362500000004E-002   0.0000000000000000        0.0000000000000000        0.0000000000000000     
   351.00000000000006       0.97141775000000008       -2.8583709999999998E-002   0.0000000000000000        0.0000000000000000        0.0000000000000000     
   352.00000000000000       0.97154074999999995       -2.8459900000000000E-002   0.0000000000000000        0.0000000000000000        0.0000000000000000     
   353.00000000000000       0.97166600000000003       -2.8336932500000005E-002   0.0000000000000000        0.0000000000000000        0.0000000000000000     
   354.00000000000000       0.97178900000000001       -2.8214762500000001E-002   0.0000000000000000        0.0000000000000000        0.0000000000000000     
   355.00000000000000       0.97190425000000003       -2.8092659999999998E-002   0.0000000000000000        0.0000000000000000        0.0000000000000000     
   356.00000000000006       0.97202949999999999       -2.7971377499999998E-002   0.0000000000000000        0.0000000000000000        0.0000000000000000     
   357.00000000000000       0.97215249999999997       -2.7851689999999998E-002   0.0000000000000000        0.0000000000000000        0.0000000000000000     
   358.00000000000000       0.97226775000000010       -2.7732047499999999E-002   0.0000000000000000        0.0000000000000000        0.0000000000000000     
   359.00000000000000       0.97238300000000000       -2.7613224999999998E-002   0.0000000000000000        0.0000000000000000        0.0000000000000000     
   360.00000000000000       0.97250600000000009       -2.7494470000000003E-002   0.0000000000000000        0.0000000000000000        0.0000000000000000     
   361.00000000000006       0.97262349999999997       -2.7377287500000000E-002   0.0000000000000000        0.0000000000000000        0.0000000000000000     
   362.00000000000000       0.97273874999999999       -2.7260172500000002E-002   0.0000000000000000        0.0000000000000000        0.0000000000000000     
   363.00000000000000       0.97285400000000011       -2.7143855000000001E-002   0.0000000000000000        0.0000000000000000        0.0000000000000000     
   364.00000000000000       0.97296925000000001       -2.7028379999999998E-002   0.0000000000000000        0.0000000000000000        0.0000000000000000     
   365.00000000000000       0.97308450000000002       -2.6913702500000001E-002   0.0000000000000000        0.0000000000000000        0.0000000000000000     
   366.00000000000006       0.97319975000000003       -2.6799867500000001E-002   0.0000000000000000        0.0000000000000000        0.0000000000000000     
   367.00000000000000       0.97331499999999993       -2.6686077499999999E-002   0.0000000000000000        0.0000000000000000        0.0000000000000000     
   368.00000000000000       0.97342249999999997       -2.6573085000000003E-002   0.0000000000000000        0.0000000000000000        0.0000000000000000     
   369.00000000000000       0.97353774999999998       -2.6460934999999998E-002   0.0000000000000000        0.0000000000000000        0.0000000000000000     
   370.00000000000000       0.97365299999999999       -2.6349582500000000E-002   0.0000000000000000        0.0000000000000000        0.0000000000000000     
   371.00000000000006       0.97376050000000003       -2.6239050000000000E-002   0.0000000000000000        0.0000000000000000        0.0000000000000000     
   372.00000000000000       0.97386800000000007       -2.6128562500000001E-002   0.0000000000000000        0.0000000000000000        0.0000000000000000     
   373.00000000000000       0.97398324999999997       -2.6018895000000000E-002   0.0000000000000000        0.0000000000000000        0.0000000000000000     
   374.00000000000000       0.97409075000000012       -2.5910047500000002E-002   0.0000000000000000        0.0000000000000000        0.0000000000000000     
   375.00000000000000       0.97419824999999993       -2.5801245000000004E-002   0.0000000000000000        0.0000000000000000        0.0000000000000000     
   376.00000000000006       0.97430574999999997       -2.5693262500000005E-002   0.0000000000000000        0.0000000000000000        0.0000000000000000     
   377.00000000000000       0.97441325000000001       -2.5586077500000002E-002   0.0000000000000000        0.0000000000000000        0.0000000000000000     
   378.00000000000000       0.97451850000000007       -2.5479712500000001E-002   0.0000000000000000        0.0000000000000000        0.0000000000000000     
   379.00000000000000       0.97462599999999999       -2.5374167500000003E-002   0.0000000000000000        0.0000000000000000        0.0000000000000000     
   380.00000000000000       0.97473350000000003       -2.5268667500000001E-002   0.0000000000000000        0.0000000000000000        0.0000000000000000     
   381.00000000000006       0.97483324999999998       -2.5163965000000003E-002   0.0000000000000000        0.0000000000000000        0.0000000000000000     
   382.00000000000000       0.97494075000000002       -2.5059307500000003E-002   0.0000000000000000        0.0000000000000000        0.0000000000000000     
   383.00000000000000       0.97504599999999997       -2.4956245000000002E-002   0.0000000000000000        0.0000000000000000        0.0000000000000000     
   384.00000000000000       0.97514575000000003       -2.4853227500000002E-002   0.0000000000000000        0.0000000000000000        0.0000000000000000     
   385.00000000000000       0.97525325000000007       -2.4751007500000002E-002   0.0000000000000000        0.0000000000000000        0.0000000000000000     
   386.00000000000006       0.97535299999999991       -2.4648832499999999E-002   0.0000000000000000        0.0000000000000000        0.0000000000000000     
   387.00000000000000       0.97545050000000000       -2.4547477500000001E-002   0.0000000000000000        0.0000000000000000        0.0000000000000000     
   388.00000000000000       0.97555024999999995       -2.4446920000000000E-002   0.0000000000000000        0.0000000000000000        0.0000000000000000     
   389.00000000000000       0.97565775000000010       -2.4346407500000000E-002   0.0000000000000000        0.0000000000000000        0.0000000000000000     
   390.00000000000000       0.97575525000000007       -2.4247467500000001E-002   0.0000000000000000        0.0000000000000000        0.0000000000000000     
   391.00000000000006       0.97585500000000003       -2.4147797500000002E-002   0.0000000000000000        0.0000000000000000        0.0000000000000000     
   392.00000000000000       0.97595250000000000       -2.4049722499999999E-002   0.0000000000000000        0.0000000000000000        0.0000000000000000     
   393.00000000000000       0.97604450000000009       -2.3951692500000000E-002   0.0000000000000000        0.0000000000000000        0.0000000000000000     
   394.00000000000000       0.97614425000000005       -2.3854437499999999E-002   0.0000000000000000        0.0000000000000000        0.0000000000000000     
   395.00000000000000       0.97624175000000002       -2.3757250000000001E-002   0.0000000000000000        0.0000000000000000        0.0000000000000000     
   396.00000000000006       0.97634150000000008       -2.3660860000000002E-002   0.0000000000000000        0.0000000000000000        0.0000000000000000     
   397.00000000000000       0.97643124999999997       -2.3565267500000001E-002   0.0000000000000000        0.0000000000000000        0.0000000000000000     
   398.00000000000000       0.97653100000000004       -2.3470494999999997E-002   0.0000000000000000        0.0000000000000000        0.0000000000000000     
   399.00000000000000       0.97662075000000004       -2.3375767500000002E-002   0.0000000000000000        0.0000000000000000        0.0000000000000000     
   400.00000000000000       0.97672049999999988       -2.3281062500000001E-002   0.0000000000000000        0.0000000000000000        0.0000000000000000     
   401.00000000000006       0.97681024999999999       -2.3187155000000001E-002   0.0000000000000000        0.0000000000000000        0.0000000000000000     
   402.00000000000000       0.97690999999999995       -2.3094067499999999E-002   0.0000000000000000        0.0000000000000000        0.0000000000000000     
   403.00000000000000       0.97699975000000006       -2.3001799999999999E-002   0.0000000000000000        0.0000000000000000        0.0000000000000000     
   404.00000000000000       0.97708950000000006       -2.2909555000000002E-002   0.0000000000000000        0.0000000000000000        0.0000000000000000     
   405.00000000000000       0.97718149999999993       -2.2818107500000000E-002   0.0000000000000000        0.0000000000000000        0.0000000000000000     
   406.00000000000006       0.97727125000000004       -2.2726705000000000E-002   0.0000000000000000        0.0000000000000000        0.0000000000000000     
   407.00000000000000       0.97736325000000002       -2.2636099999999999E-002   0.0000000000000000        0.0000000000000000        0.0000000000000000     
   408.00000000000000       0.97745300000000002       -2.2545517500000001E-002   0.0000000000000000        0.0000000000000000        0.0000000000000000     
   409.00000000000000       0.97754275000000002       -2.2455755000000004E-002   0.0000000000000000        0.0000000000000000        0.0000000000000000     
   410.00000000000000       0.97763475000000000       -2.2366812500000000E-002   0.0000000000000000        0.0000000000000000        0.0000000000000000     
   411.00000000000006       0.97772450000000000       -2.2277870000000002E-002   0.0000000000000000        0.0000000000000000        0.0000000000000000     
   412.00000000000000       0.97780650000000002       -2.2189747499999999E-002   0.0000000000000000        0.0000000000000000        0.0000000000000000     
   413.00000000000000       0.97789850000000000       -2.2102445000000002E-002   0.0000000000000000        0.0000000000000000        0.0000000000000000     
   414.00000000000000       0.97798825000000000       -2.2015165000000000E-002   0.0000000000000000        0.0000000000000000        0.0000000000000000     
   415.00000000000000       0.97807025000000003       -2.1927907500000000E-002   0.0000000000000000        0.0000000000000000        0.0000000000000000     
   416.00000000000006       0.97816000000000003       -2.1841447500000003E-002   0.0000000000000000        0.0000000000000000        0.0000000000000000     
   417.00000000000000       0.97824424999999993       -2.1755807500000002E-002   0.0000000000000000        0.0000000000000000        0.0000000000000000     
   418.00000000000000       0.97832625000000006       -2.1670190000000002E-002   0.0000000000000000        0.0000000000000000        0.0000000000000000     
   419.00000000000000       0.97841600000000006       -2.1585370000000000E-002   0.0000000000000000        0.0000000000000000        0.0000000000000000     
   420.00000000000000       0.97849799999999998       -2.1500572500000002E-002   0.0000000000000000        0.0000000000000000        0.0000000000000000     
   421.00000000000006       0.97858000000000001       -2.1416594999999997E-002   0.0000000000000000        0.0000000000000000        0.0000000000000000     
   422.00000000000000       0.97866425000000001       -2.1333414999999998E-002   0.0000000000000000        0.0000000000000000        0.0000000000000000     
   423.00000000000000       0.97875400000000012       -2.1250280000000003E-002   0.0000000000000000        0.0000000000000000        0.0000000000000000     
   424.00000000000000       0.97883600000000004       -2.1167145000000002E-002   0.0000000000000000        0.0000000000000000        0.0000000000000000     
   425.00000000000000       0.97891800000000007       -2.1084830000000002E-002   0.0000000000000000        0.0000000000000000        0.0000000000000000     
   426.00000000000006       0.97900000000000009       -2.1003312499999999E-002   0.0000000000000000        0.0000000000000000        0.0000000000000000     
   427.00000000000000       0.97907425000000003       -2.0921817499999999E-002   0.0000000000000000        0.0000000000000000        0.0000000000000000     
   428.00000000000000       0.97915625000000006       -2.0840367500000002E-002   0.0000000000000000        0.0000000000000000        0.0000000000000000     
   429.00000000000000       0.97924049999999996       -2.0759692499999999E-002   0.0000000000000000        0.0000000000000000        0.0000000000000000     
   430.00000000000000       0.97932249999999998       -2.0679837499999999E-002   0.0000000000000000        0.0000000000000000        0.0000000000000000     
   431.00000000000006       0.97940450000000001       -2.0600004999999998E-002   0.0000000000000000        0.0000000000000000        0.0000000000000000     
   432.00000000000000       0.97947875000000006       -2.0520195000000001E-002   0.0000000000000000        0.0000000000000000        0.0000000000000000     
   433.00000000000000       0.97956075000000009       -2.0441957500000000E-002   0.0000000000000000        0.0000000000000000        0.0000000000000000     
   434.00000000000000       0.97963500000000003       -2.0362989999999997E-002   0.0000000000000000        0.0000000000000000        0.0000000000000000     
   435.00000000000000       0.97971699999999995       -2.0284797500000000E-002   0.0000000000000000        0.0000000000000000        0.0000000000000000     
   436.00000000000006       0.97979125000000000       -2.0207425000000001E-002   0.0000000000000000        0.0000000000000000        0.0000000000000000     
   437.00000000000000       0.97987324999999992       -2.0130075000000001E-002   0.0000000000000000        0.0000000000000000        0.0000000000000000     
   438.00000000000000       0.97994749999999997       -2.0052747499999999E-002   0.0000000000000000        0.0000000000000000        0.0000000000000000     
   439.00000000000000       0.98002175000000002       -1.9976217500000001E-002   0.0000000000000000        0.0000000000000000        0.0000000000000000     
   440.00000000000000       0.98010375000000005       -1.9900484999999999E-002   0.0000000000000000        0.0000000000000000        0.0000000000000000     
   441.00000000000006       0.98017800000000010       -1.9824775000000003E-002   0.0000000000000000        0.0000000000000000        0.0000000000000000     
   442.00000000000000       0.98025225000000005       -1.9749087499999998E-002   0.0000000000000000        0.0000000000000000        0.0000000000000000     
   443.00000000000000       0.98032650000000010       -1.9674219999999999E-002   0.0000000000000000        0.0000000000000000        0.0000000000000000     
   444.00000000000000       0.98040075000000004       -1.9600127500000002E-002   0.0000000000000000        0.0000000000000000        0.0000000000000000     
   445.00000000000000       0.98047499999999999       -1.9526057500000003E-002   0.0000000000000000        0.0000000000000000        0.0000000000000000     
   446.00000000000006       0.98054700000000006       -1.9452032500000001E-002   0.0000000000000000        0.0000000000000000        0.0000000000000000     
   447.00000000000000       0.98062125000000000       -1.9378804999999999E-002   0.0000000000000000        0.0000000000000000        0.0000000000000000     
   448.00000000000000       0.98069550000000005       -1.9305577500000001E-002   0.0000000000000000        0.0000000000000000        0.0000000000000000     
   449.00000000000000       0.98076975000000000       -1.9232394999999999E-002   0.0000000000000000        0.0000000000000000        0.0000000000000000     
   450.00000000000000       0.98083625000000008       -1.9160785000000000E-002   0.0000000000000000        0.0000000000000000        0.0000000000000000     
   451.00000000000006       0.98091050000000002       -1.9088400000000002E-002   0.0000000000000000        0.0000000000000000        0.0000000000000000     
   452.00000000000000       0.98098475000000007       -1.9016834999999999E-002   0.0000000000000000        0.0000000000000000        0.0000000000000000     
   453.00000000000000       0.98105674999999992       -1.8946067500000000E-002   0.0000000000000000        0.0000000000000000        0.0000000000000000     
   454.00000000000000       0.98112325000000011       -1.8874525000000003E-002   0.0000000000000000        0.0000000000000000        0.0000000000000000     
   455.00000000000000       0.98119749999999994       -1.8804577499999999E-002   0.0000000000000000        0.0000000000000000        0.0000000000000000     
   456.00000000000006       0.98126400000000003       -1.8733855000000001E-002   0.0000000000000000        0.0000000000000000        0.0000000000000000     
   457.00000000000000       0.98133825000000008       -1.8664727499999999E-002   0.0000000000000000        0.0000000000000000        0.0000000000000000     
   458.00000000000000       0.98140250000000007       -1.8594847500000001E-002   0.0000000000000000        0.0000000000000000        0.0000000000000000     
   459.00000000000000       0.98147675000000001       -1.8525742500000001E-002   0.0000000000000000        0.0000000000000000        0.0000000000000000     
   460.00000000000000       0.98154325000000009       -1.8457457500000000E-002   0.0000000000000000        0.0000000000000000        0.0000000000000000     
   461.00000000000006       0.98160975000000006       -1.8388397500000001E-002   0.0000000000000000        0.0000000000000000        0.0000000000000000     
   462.00000000000000       0.98168400000000000       -1.8320910000000003E-002   0.0000000000000000        0.0000000000000000        0.0000000000000000     
   463.00000000000000       0.98174824999999999       -1.8252692500000001E-002   0.0000000000000000        0.0000000000000000        0.0000000000000000     
   464.00000000000000       0.98181475000000007       -1.8185250000000000E-002   0.0000000000000000        0.0000000000000000        0.0000000000000000     
   465.00000000000000       0.98188125000000004       -1.8118605000000003E-002   0.0000000000000000        0.0000000000000000        0.0000000000000000     
   466.00000000000006       0.98194550000000003       -1.8051982500000001E-002   0.0000000000000000        0.0000000000000000        0.0000000000000000     
   467.00000000000000       0.98201200000000011       -1.7985382500000001E-002   0.0000000000000000        0.0000000000000000        0.0000000000000000     
   468.00000000000000       0.98207849999999997       -1.7919580000000001E-002   0.0000000000000000        0.0000000000000000        0.0000000000000000     
   469.00000000000000       0.98214500000000005       -1.7853777500000001E-002   0.0000000000000000        0.0000000000000000        0.0000000000000000     
   470.00000000000000       0.98220925000000003       -1.7788020000000002E-002   0.0000000000000000        0.0000000000000000        0.0000000000000000     
   471.00000000000006       0.98227575000000000       -1.7723037500000000E-002   0.0000000000000000        0.0000000000000000        0.0000000000000000     
   472.00000000000000       0.98234224999999997       -1.7658100000000003E-002   0.0000000000000000        0.0000000000000000        0.0000000000000000     
   473.00000000000000       0.98240650000000007       -1.7593937500000000E-002   0.0000000000000000        0.0000000000000000        0.0000000000000000     
   474.00000000000000       0.98247299999999993       -1.7529797499999999E-002   0.0000000000000000        0.0000000000000000        0.0000000000000000     
   475.00000000000000       0.98252950000000006       -1.7465680000000001E-002   0.0000000000000000        0.0000000000000000        0.0000000000000000     
   476.00000000000006       0.98259600000000002       -1.7402360000000002E-002   0.0000000000000000        0.0000000000000000        0.0000000000000000     
   477.00000000000000       0.98266249999999999       -1.7339040000000000E-002   0.0000000000000000        0.0000000000000000        0.0000000000000000     
   478.00000000000000       0.98272675000000009       -1.7276540000000000E-002   0.0000000000000000        0.0000000000000000        0.0000000000000000     
   479.00000000000000       0.98278550000000009       -1.7214040000000003E-002   0.0000000000000000        0.0000000000000000        0.0000000000000000     
   480.00000000000000       0.98284975000000008       -1.7151562500000002E-002   0.0000000000000000        0.0000000000000000        0.0000000000000000     
   481.00000000000006       0.98290849999999996       -1.7089882500000000E-002   0.0000000000000000        0.0000000000000000        0.0000000000000000     
   482.00000000000000       0.98297499999999993       -1.7028225000000001E-002   0.0000000000000000        0.0000000000000000        0.0000000000000000     
   483.00000000000000       0.98303150000000006       -1.6966567500000002E-002   0.0000000000000000        0.0000000000000000        0.0000000000000000     
   484.00000000000000       0.98309800000000003       -1.6905730000000001E-002   0.0000000000000000        0.0000000000000000        0.0000000000000000     
   485.00000000000000       0.98315449999999993       -1.6844892500000000E-002   0.0000000000000000        0.0000000000000000        0.0000000000000000     
   486.00000000000006       0.98321325000000004       -1.6784077500000001E-002   0.0000000000000000        0.0000000000000000        0.0000000000000000     
   487.00000000000000       0.98327750000000003       -1.6724060000000002E-002   0.0000000000000000        0.0000000000000000        0.0000000000000000     
   488.00000000000000       0.98333625000000002       -1.6664042500000000E-002   0.0000000000000000        0.0000000000000000        0.0000000000000000     
   489.00000000000000       0.98339275000000015       -1.6604047500000003E-002   0.0000000000000000        0.0000000000000000        0.0000000000000000     
   490.00000000000000       0.98345149999999992       -1.6544850000000000E-002   0.0000000000000000        0.0000000000000000        0.0000000000000000     
   491.00000000000006       0.98351575000000002       -1.6485675000000002E-002   0.0000000000000000        0.0000000000000000        0.0000000000000000     
   492.00000000000000       0.98357450000000002       -1.6427297500000000E-002   0.0000000000000000        0.0000000000000000        0.0000000000000000     
   493.00000000000000       0.98363100000000003       -1.6368919999999999E-002   0.0000000000000000        0.0000000000000000        0.0000000000000000     
   494.00000000000000       0.98368975000000014       -1.6310565000000003E-002   0.0000000000000000        0.0000000000000000        0.0000000000000000     
   495.00000000000000       0.98374625000000004       -1.6252232500000002E-002   0.0000000000000000        0.0000000000000000        0.0000000000000000     
   496.00000000000006       0.98380499999999993       -1.6194697500000001E-002   0.0000000000000000        0.0000000000000000        0.0000000000000000     
   497.00000000000000       0.98386149999999994       -1.6137162500000000E-002   0.0000000000000000        0.0000000000000000        0.0000000000000000     
   498.00000000000000       0.98392024999999994       -1.6080424999999999E-002   0.0000000000000000        0.0000000000000000        0.0000000000000000     
   499.00000000000000       0.98397675000000007       -1.6023710000000000E-002   0.0000000000000000        0.0000000000000000        0.0000000000000000     
   500.00000000000000       0.98403550000000006       -1.5966995000000001E-002   0.0000000000000000        0.0000000000000000        0.0000000000000000     
   501.00000000000006       0.98409199999999997       -1.5910324999999999E-002   0.0000000000000000        0.0000000000000000        0.0000000000000000     
   502.00000000000000       0.98414074999999990       -1.5854430000000003E-002   0.0000000000000000        0.0000000000000000        0.0000000000000000     
   503.00000000000000       0.98419950000000000       -1.5798534999999999E-002   0.0000000000000000        0.0000000000000000        0.0000000000000000     
   504.00000000000000       0.98425600000000002       -1.5743460000000001E-002   0.0000000000000000        0.0000000000000000        0.0000000000000000     
   505.00000000000000       0.98431475000000002       -1.5688385000000003E-002   0.0000000000000000        0.0000000000000000        0.0000000000000000     
   506.00000000000006       0.98436349999999995       -1.5633310000000001E-002   0.0000000000000000        0.0000000000000000        0.0000000000000000     
   507.00000000000000       0.98442000000000007       -1.5578279999999998E-002   0.0000000000000000        0.0000000000000000        0.0000000000000000     
   508.00000000000000       0.98447875000000007       -1.5524024999999999E-002   0.0000000000000000        0.0000000000000000        0.0000000000000000     
   509.00000000000000       0.98452750000000000       -1.5469792499999999E-002   0.0000000000000000        0.0000000000000000        0.0000000000000000     
   510.00000000000000       0.98458625000000000       -1.5415560000000000E-002   0.0000000000000000        0.0000000000000000        0.0000000000000000     
   511.00000000000006       0.98463500000000004       -1.5362124999999999E-002   0.0000000000000000        0.0000000000000000        0.0000000000000000     
   512.00000000000000       0.98469150000000005       -1.5308712500000002E-002   0.0000000000000000        0.0000000000000000        0.0000000000000000     
   513.00000000000000       0.98474249999999997       -1.5255322500000001E-002   0.0000000000000000        0.0000000000000000        0.0000000000000000     
   514.00000000000000       0.98479899999999998       -1.5201932499999999E-002   0.0000000000000000        0.0000000000000000        0.0000000000000000     
   515.00000000000000       0.98484774999999991       -1.5149340000000001E-002   0.0000000000000000        0.0000000000000000        0.0000000000000000     
   516.00000000000000       0.98490650000000002       -1.5096747500000000E-002   0.0000000000000000        0.0000000000000000        0.0000000000000000     
   517.00000000000000       0.98495525000000006       -1.5044952500000002E-002   0.0000000000000000        0.0000000000000000        0.0000000000000000     
   518.00000000000000       0.98500399999999999       -1.4992405000000000E-002   0.0000000000000000        0.0000000000000000        0.0000000000000000     
   519.00000000000000       0.98506274999999999       -1.4940632500000000E-002   0.0000000000000000        0.0000000000000000        0.0000000000000000     
   520.00000000000000       0.98511150000000014       -1.4889657500000000E-002   0.0000000000000000        0.0000000000000000        0.0000000000000000     
   521.00000000000000       0.98516025000000007       -1.4837930000000001E-002   0.0000000000000000        0.0000000000000000        0.0000000000000000     
   522.00000000000000       0.98520900000000011       -1.4786977499999999E-002   0.0000000000000000        0.0000000000000000        0.0000000000000000     
   523.00000000000000       0.98526775000000000       -1.4736047500000000E-002   0.0000000000000000        0.0000000000000000        0.0000000000000000     
   524.00000000000000       0.98531649999999993       -1.4685892499999999E-002   0.0000000000000000        0.0000000000000000        0.0000000000000000     
   525.00000000000000       0.98536525000000008       -1.4635007500000000E-002   0.0000000000000000        0.0000000000000000        0.0000000000000000     
   526.00000000000000       0.98541400000000001       -1.4584875000000001E-002   0.0000000000000000        0.0000000000000000        0.0000000000000000     
   527.00000000000000       0.98546500000000004       -1.4535562500000000E-002   0.0000000000000000        0.0000000000000000        0.0000000000000000     
   528.00000000000000       0.98551374999999997       -1.4485474999999999E-002   0.0000000000000000        0.0000000000000000        0.0000000000000000     
   529.00000000000000       0.98556250000000012       -1.4436162500000000E-002   0.0000000000000000        0.0000000000000000        0.0000000000000000     
   530.00000000000000       0.98561125000000005       -1.4386872499999998E-002   0.0000000000000000        0.0000000000000000        0.0000000000000000     
   531.00000000000000       0.98566224999999996       -1.4337605000000002E-002   0.0000000000000000        0.0000000000000000        0.0000000000000000     
   532.00000000000000       0.98571100000000000       -1.4289112500000001E-002   0.0000000000000000        0.0000000000000000        0.0000000000000000     
   533.00000000000000       0.98575974999999993       -1.4240642500000001E-002   0.0000000000000000        0.0000000000000000        0.0000000000000000     
   534.00000000000000       0.98580850000000009       -1.4192195000000001E-002   0.0000000000000000        0.0000000000000000        0.0000000000000000     
   535.00000000000000       0.98585950000000000       -1.4143747500000001E-002   0.0000000000000000        0.0000000000000000        0.0000000000000000     
   536.00000000000000       0.98590050000000007       -1.4096075000000000E-002   0.0000000000000000        0.0000000000000000        0.0000000000000000     
   537.00000000000000       0.98594925000000000       -1.4048447499999998E-002   0.0000000000000000        0.0000000000000000        0.0000000000000000     
   538.00000000000000       0.98599800000000015       -1.4000797500000000E-002   0.0000000000000000        0.0000000000000000        0.0000000000000000     
   539.00000000000000       0.98604675000000008       -1.3953967500000001E-002   0.0000000000000000        0.0000000000000000        0.0000000000000000     
   540.00000000000000       0.98609775000000011       -1.3906362500000000E-002   0.0000000000000000        0.0000000000000000        0.0000000000000000     
   541.00000000000000       0.98613875000000006       -1.3859532500000001E-002   0.0000000000000000        0.0000000000000000        0.0000000000000000     
   542.00000000000000       0.98618749999999999       -1.3813500000000001E-002   0.0000000000000000        0.0000000000000000        0.0000000000000000     
   543.00000000000000       0.98623625000000004       -1.3766715000000001E-002   0.0000000000000000        0.0000000000000000        0.0000000000000000     
   544.00000000000000       0.98627725000000011       -1.3720705000000000E-002   0.0000000000000000        0.0000000000000000        0.0000000000000000     
   545.00000000000000       0.98632600000000004       -1.3674694999999999E-002   0.0000000000000000        0.0000000000000000        0.0000000000000000     
   546.00000000000000       0.98636924999999998       -1.3628707500000000E-002   0.0000000000000000        0.0000000000000000        0.0000000000000000     
   547.00000000000000       0.98641800000000002       -1.3583517500000000E-002   0.0000000000000000        0.0000000000000000        0.0000000000000000     
   548.00000000000000       0.98645899999999997       -1.3537552499999999E-002   0.0000000000000000        0.0000000000000000        0.0000000000000000     
   549.00000000000000       0.98650774999999991       -1.3492384999999999E-002   0.0000000000000000        0.0000000000000000        0.0000000000000000     
   550.00000000000000       0.98654874999999997       -1.3447217499999999E-002   0.0000000000000000        0.0000000000000000        0.0000000000000000     
