   1.0000000000000000        27.658374999999999        24.182124999999999        2.4760860000000000        0.0000000000000000        0.0000000000000000     
   2.0000000000000000        13.695375000000000        11.458547500000000        1.2373870000000000        0.0000000000000000        0.0000000000000000     
   3.0000000000000000        9.1318699999999993        7.3059550000000000       0.82585324999999998        0.0000000000000000        0.0000000000000000     
   4.0000000000000000        6.8967299999999998        5.2729525000000006       0.62378849999999997        0.0000000000000000        0.0000000000000000     
   5.0000000000000000        5.5980425000000000        4.0916674999999998       0.50638300000000003        0.0000000000000000        0.0000000000000000     
   6.0000000000000000        4.7639375000000008        3.3328350000000002       0.43107825000000000        0.0000000000000000        0.0000000000000000     
   7.0000000000000000        4.1917249999999999        2.8123925000000001       0.37935857500000003        0.0000000000000000        0.0000000000000000     
   8.0000000000000000        3.7779174999999996        2.4359275000000000       0.34197292500000004        0.0000000000000000        0.0000000000000000     
   9.0000000000000000        3.4664125000000001        2.1526125000000000       0.31384382500000002        0.0000000000000000        0.0000000000000000     
   10.000000000000000        3.2243525000000002        1.9324150000000002       0.29198940000000001        0.0000000000000000        0.0000000000000000     
   11.000000000000000        3.0312125000000005        1.7566500000000003       0.27456622500000000        0.0000000000000000        0.0000000000000000     
   12.000000000000000        2.8737274999999998        1.6134149999999998       0.26037047499999999        0.0000000000000000        0.0000000000000000     
   13.000000000000002        2.7428175000000001        1.4942859999999998       0.24858327500000002        0.0000000000000000        0.0000000000000000     
   14.000000000000000        2.6324874999999999        1.3937892500000000       0.23864725000000001        0.0000000000000000        0.0000000000000000     
   15.000000000000000        2.5380425000000004        1.3078654999999999       0.23016082500000001        0.0000000000000000        0.0000000000000000     
   16.000000000000000        2.4562300000000001        1.2334307499999999       0.22282127499999999        0.0000000000000000        0.0000000000000000     
   17.000000000000000        2.3847299999999998        1.1683110000000001       0.21640742499999999        0.0000000000000000        0.0000000000000000     
   18.000000000000000        2.3215775000000001        1.1108142500000000       0.21074730000000003        0.0000000000000000        0.0000000000000000     
   19.000000000000000        2.2653075000000000        1.0596215000000000       0.20571767499999999        0.0000000000000000        0.0000000000000000     
   20.000000000000000        2.2148874999999997        1.0136227499999999       0.20121240000000001        0.0000000000000000        0.0000000000000000     
   21.000000000000004        2.1693074999999999       0.97213150000000004       0.19714150000000000        0.0000000000000000        0.0000000000000000     
   22.000000000000000        2.1278125000000001       0.93441075000000007       0.19345532499999998        0.0000000000000000        0.0000000000000000     
   23.000000000000000        2.0899475000000001       0.89990100000000006       0.19008849999999999        0.0000000000000000        0.0000000000000000     
   24.000000000000000        2.0551349999999999       0.86814599999999997       0.18700024999999998        0.0000000000000000        0.0000000000000000     
   25.000000000000000        2.0229650000000001       0.83884800000000004       0.18414980000000000        0.0000000000000000        0.0000000000000000     
   26.000000000000004        1.9931925000000001       0.81166850000000001       0.18151232500000000        0.0000000000000000        0.0000000000000000     
   27.000000000000000        1.9654075000000002       0.78635100000000002       0.17906277499999998        0.0000000000000000        0.0000000000000000     
   28.000000000000000        1.9394649999999998       0.76267575000000010       0.17676947500000001        0.0000000000000000        0.0000000000000000     
   29.000000000000000        1.9151100000000001       0.74046950000000000       0.17463107500000000        0.0000000000000000        0.0000000000000000     
   30.000000000000000        1.8921875000000001       0.71955575000000005       0.17260837500000001        0.0000000000000000        0.0000000000000000     
   31.000000000000004        1.8705525000000003       0.69981125000000000       0.17070777500000001        0.0000000000000000        0.0000000000000000     
   32.000000000000000        1.8500500000000000       0.68110950000000003       0.16891377500000002        0.0000000000000000        0.0000000000000000     
   33.000000000000000        1.8306024999999999       0.66335050000000007       0.16720974999999999        0.0000000000000000        0.0000000000000000     
   34.000000000000000        1.8119874999999999       0.64644550000000001       0.16558772500000002        0.0000000000000000        0.0000000000000000     
   35.000000000000000        1.7943275000000001       0.63031674999999998       0.16403972500000000        0.0000000000000000        0.0000000000000000     
   36.000000000000000        1.7774225000000001       0.61489099999999997       0.16255732499999997        0.0000000000000000        0.0000000000000000     
   37.000000000000000        1.7612500000000000       0.60011274999999997       0.16114030000000001        0.0000000000000000        0.0000000000000000     
   38.000000000000000        1.7457000000000000       0.58592425000000004       0.15978045000000002        0.0000000000000000        0.0000000000000000     
   39.000000000000000        1.7307825000000001       0.57227225000000004       0.15847777499999999        0.0000000000000000        0.0000000000000000     
   40.000000000000000        1.7163425000000001       0.55912675000000001       0.15721632500000002        0.0000000000000000        0.0000000000000000     
   41.000000000000000        1.7024024999999998       0.54644000000000004       0.15599587500000001        0.0000000000000000        0.0000000000000000     
   42.000000000000007        1.6890399999999999       0.53418425000000003       0.15482417500000004        0.0000000000000000        0.0000000000000000     
   43.000000000000000        1.6759775000000001       0.52232400000000001       0.15368550000000003        0.0000000000000000        0.0000000000000000     
   44.000000000000000        1.6633700000000000       0.51082925000000001       0.15257187500000002        0.0000000000000000        0.0000000000000000     
   45.000000000000000        1.6511625000000001       0.49968224999999999       0.15149857500000000        0.0000000000000000        0.0000000000000000     
   46.000000000000000        1.6392774999999999       0.48885525000000002       0.15045807500000000        0.0000000000000000        0.0000000000000000     
   47.000000000000007        1.6277475000000001       0.47832825000000007       0.14943420000000002        0.0000000000000000        0.0000000000000000     
   48.000000000000000        1.6165400000000001       0.46808350000000004       0.14844289999999999        0.0000000000000000        0.0000000000000000     
   49.000000000000000        1.6056100000000002       0.45811100000000005       0.14746822499999998        0.0000000000000000        0.0000000000000000     
   50.000000000000000        1.5949024999999999       0.44838074999999999       0.14651815000000001        0.0000000000000000        0.0000000000000000     
   51.000000000000000        1.5844725000000000       0.43889499999999998       0.14559222500000002        0.0000000000000000        0.0000000000000000     
   52.000000000000007        1.5743425000000000       0.42963375000000009       0.14467517500000002        0.0000000000000000        0.0000000000000000     
   53.000000000000000        1.5643350000000003       0.42057925000000002       0.14378227500000001        0.0000000000000000        0.0000000000000000     
   54.000000000000000        1.5546275000000001       0.41172924999999999       0.14290555000000002        0.0000000000000000        0.0000000000000000     
   55.000000000000000        1.5451200000000000       0.40307375000000001       0.14204545000000002        0.0000000000000000        0.0000000000000000     
   56.000000000000000        1.5357900000000000       0.39460275000000000       0.14119377499999999        0.0000000000000000        0.0000000000000000     
   57.000000000000007        1.5266825000000002       0.38630075000000003       0.14036602500000001        0.0000000000000000        0.0000000000000000     
   58.000000000000000        1.5176975000000001       0.37817370000000000       0.13953894999999999        0.0000000000000000        0.0000000000000000     
   59.000000000000000        1.5089675000000000       0.37020317500000000       0.13872805000000002        0.0000000000000000        0.0000000000000000     
   60.000000000000000        1.5002825000000000       0.36238827500000004       0.13793310000000000        0.0000000000000000        0.0000000000000000     
   61.000000000000000        1.4918750000000001       0.35471967500000001       0.13714657499999999        0.0000000000000000        0.0000000000000000     
   62.000000000000007        1.4835900000000000       0.34719624999999998       0.13636847499999999        0.0000000000000000        0.0000000000000000     
   63.000000000000000        1.4754050000000001       0.33980867500000000       0.13559857500000000        0.0000000000000000        0.0000000000000000     
   64.000000000000000        1.4674199999999999       0.33254807500000005       0.13483665000000000        0.0000000000000000        0.0000000000000000     
   65.000000000000000        1.4595350000000000       0.32542107499999995       0.13408314999999998        0.0000000000000000        0.0000000000000000     
   66.000000000000000        1.4517725000000001       0.31841835000000002       0.13334560000000001        0.0000000000000000        0.0000000000000000     
   67.000000000000000        1.4441875000000000       0.31153922500000003       0.13260850000000002        0.0000000000000000        0.0000000000000000     
   68.000000000000000        1.4366250000000000       0.30477460000000001       0.13187937500000002        0.0000000000000000        0.0000000000000000     
   69.000000000000000        1.4292400000000001       0.29811582500000000       0.13115845000000001        0.0000000000000000        0.0000000000000000     
   70.000000000000000        1.4219775000000001       0.29157705000000000       0.13043797499999998        0.0000000000000000        0.0000000000000000     
   71.000000000000000        1.4148925000000001       0.28514232500000003       0.12973322499999998        0.0000000000000000        0.0000000000000000     
   72.000000000000000        1.4078299999999999       0.27881007499999999       0.12902892499999999        0.0000000000000000        0.0000000000000000     
   73.000000000000000        1.4008900000000002       0.27257985000000007       0.12833237500000000        0.0000000000000000        0.0000000000000000     
   74.000000000000000        1.3941050000000001       0.26645029999999997       0.12764424999999999        0.0000000000000000        0.0000000000000000     
   75.000000000000000        1.3873425000000001       0.26041322500000003       0.12695612500000000        0.0000000000000000        0.0000000000000000     
   76.000000000000000        1.3807575000000001       0.25447524999999999       0.12627620000000001        0.0000000000000000        0.0000000000000000     
   77.000000000000000        1.3742174999999999       0.24863570000000002       0.12559650000000000        0.0000000000000000        0.0000000000000000     
   78.000000000000000        1.3678325000000000       0.24287817500000000       0.12492477500000000        0.0000000000000000        0.0000000000000000     
   79.000000000000000        1.3614700000000000       0.23721749999999997       0.12426102500000001        0.0000000000000000        0.0000000000000000     
   80.000000000000000        1.3551850000000001       0.23163727500000000       0.12359750000000000        0.0000000000000000        0.0000000000000000     
   81.000000000000000        1.3491000000000000       0.22615232500000002       0.12293419999999999        0.0000000000000000        0.0000000000000000     
   82.000000000000000        1.3430149999999998       0.22074669999999999       0.12227887500000001        0.0000000000000000        0.0000000000000000     
   83.000000000000000        1.3370525000000000       0.21541927500000002       0.12163152500000000        0.0000000000000000        0.0000000000000000     
   84.000000000000014        1.3311450000000000       0.21017734999999999       0.12098440000000001        0.0000000000000000        0.0000000000000000     
   85.000000000000000        1.3253599999999999       0.20502024999999999       0.12034525000000000        0.0000000000000000        0.0000000000000000     
   86.000000000000000        1.3196525000000001       0.19993977500000001       0.11970632500000000        0.0000000000000000        0.0000000000000000     
   87.000000000000000        1.3140450000000001       0.19493524999999998       0.11906762500000000        0.0000000000000000        0.0000000000000000     
   88.000000000000000        1.3084375000000001       0.19000577499999999       0.11843667499999999        0.0000000000000000        0.0000000000000000     
   89.000000000000014        1.3029299999999999       0.18515909999999999       0.11780617500000000        0.0000000000000000        0.0000000000000000     
   90.000000000000000        1.2976000000000001       0.18037860000000003       0.11718342499999999        0.0000000000000000        0.0000000000000000     
   91.000000000000000        1.2922700000000000       0.17567977500000001       0.11656067500000000        0.0000000000000000        0.0000000000000000     
   92.000000000000000        1.2870175000000001       0.17105420000000002       0.11593837500000000        0.0000000000000000        0.0000000000000000     
   93.000000000000000        1.2817875000000001       0.16649345000000002       0.11532382500000000        0.0000000000000000        0.0000000000000000     
   94.000000000000014        1.2767350000000000       0.16200482499999999       0.11470972500000000        0.0000000000000000        0.0000000000000000     
   95.000000000000000        1.2716824999999998       0.15759607500000000       0.11410315000000001        0.0000000000000000        0.0000000000000000     
   96.000000000000000        1.2667074999999999       0.15324305000000002       0.11349702499999999        0.0000000000000000        0.0000000000000000     
   97.000000000000000        1.2618324999999999       0.14896877500000000       0.11289090000000000        0.0000000000000000        0.0000000000000000     
   98.000000000000000        1.2570350000000001       0.14475734500000001       0.11229275000000000        0.0000000000000000        0.0000000000000000     
   99.000000000000014        1.2523375000000001       0.14061610499999999       0.11169482500000001        0.0000000000000000        0.0000000000000000     
   100.00000000000000        1.2476175000000000       0.13653696750000002       0.11109690000000000        0.0000000000000000        0.0000000000000000     
   101.00000000000000        1.2430200000000000       0.13252734499999999       0.11050695000000001        0.0000000000000000        0.0000000000000000     
   102.00000000000000        1.2384774999999999       0.12857910500000003       0.10991722499999999        0.0000000000000000        0.0000000000000000     
   103.00000000000000        1.2340350000000000       0.12469972750000000       0.10932750000000001        0.0000000000000000        0.0000000000000000     
   104.00000000000001        1.2295925000000001       0.12088114750000001       0.10874574999999999        0.0000000000000000        0.0000000000000000     
   105.00000000000000        1.2253275000000001       0.11713079999999999       0.10816400000000001        0.0000000000000000        0.0000000000000000     
   106.00000000000000        1.2210399999999999       0.11343291500000001       0.10758270000000002        0.0000000000000000        0.0000000000000000     
   107.00000000000000        1.2167750000000002       0.10980274500000001       0.10700915000000000        0.0000000000000000        0.0000000000000000     
   108.00000000000000        1.2126649999999999       0.10623227000000000       0.10643560000000001        0.0000000000000000        0.0000000000000000     
   109.00000000000001        1.2085775000000001       0.10272124925000001       0.10586227500000001        0.0000000000000000        0.0000000000000000     
   110.00000000000000        1.2045675000000000        9.9277201000000009E-002  0.10529692500000000        0.0000000000000000        0.0000000000000000     
   111.00000000000000        1.2006350000000001        9.5884404749999999E-002  0.10473157499999999        0.0000000000000000        0.0000000000000000     
   112.00000000000000        1.1967025000000000        9.2550390000000010E-002  0.10416645000000001        0.0000000000000000        0.0000000000000000     
   113.00000000000000        1.1929250000000000        8.9274992500000011E-002  0.10360930000000000        0.0000000000000000        0.0000000000000000     
   114.00000000000001        1.1890700000000001        8.6057962500000001E-002  0.10305215000000001        0.0000000000000000        0.0000000000000000     
   115.00000000000000        1.1853924999999998        8.2899164999999997E-002  0.10249522500000000        0.0000000000000000        0.0000000000000000     
   116.00000000000000        1.1817150000000001        7.9798397500000007E-002  0.10193852500000000        0.0000000000000000        0.0000000000000000     
   117.00000000000000        1.1781150000000000        7.6752402500000011E-002  0.10138957500000000        0.0000000000000000        0.0000000000000000     
   118.00000000000000        1.1745925000000002        7.3760247500000015E-002  0.10084062500000000        0.0000000000000000        0.0000000000000000     
   119.00000000000001        1.1711475000000000        7.0822572500000014E-002  0.10029987500000001        0.0000000000000000        0.0000000000000000     
   120.00000000000000        1.1677250000000001        6.7939219999999995E-002   9.9759125000000004E-002   0.0000000000000000        0.0000000000000000     
   121.00000000000000        1.1643025000000000        6.5109257500000003E-002   9.9218375000000011E-002   0.0000000000000000        0.0000000000000000     
   122.00000000000000        1.1610125000000000        6.2332595000000005E-002   9.8677849999999998E-002   0.0000000000000000        0.0000000000000000     
   123.00000000000000        1.1577450000000000        5.9607547499999997E-002   9.8145300000000005E-002   0.0000000000000000        0.0000000000000000     
   124.00000000000001        1.1545550000000000        5.6934755000000004E-002   9.7612749999999998E-002   0.0000000000000000        0.0000000000000000     
   125.00000000000000        1.1513650000000000        5.4313330000000007E-002   9.7080424999999998E-002   0.0000000000000000        0.0000000000000000     
   126.00000000000000        1.1482749999999999        5.1741632499999995E-002   9.6556075000000005E-002   0.0000000000000000        0.0000000000000000     
   127.00000000000000        1.1452400000000000        4.9221100000000004E-002   9.6031724999999998E-002   0.0000000000000000        0.0000000000000000     
   128.00000000000000        1.1422825000000001        4.6749317499999998E-002   9.5507599999999998E-002   0.0000000000000000        0.0000000000000000     
   129.00000000000000        1.1393475000000002        4.4326970000000000E-002   9.4983475000000012E-002   0.0000000000000000        0.0000000000000000     
   130.00000000000000        1.1364125000000000        4.1952417499999999E-002   9.4467325000000005E-002   0.0000000000000000        0.0000000000000000     
   131.00000000000000        1.1336100000000000        3.9626345000000000E-002   9.3951400000000004E-002   0.0000000000000000        0.0000000000000000     
   132.00000000000000        1.1307525000000000        3.7347135000000004E-002   9.3443225000000005E-002   0.0000000000000000        0.0000000000000000     
   133.00000000000000        1.1280500000000000        3.5114697500000000E-002   9.2935275000000012E-002   0.0000000000000000        0.0000000000000000     
   134.00000000000000        1.1253474999999999        3.2928190000000003E-002   9.2427325000000005E-002   0.0000000000000000        0.0000000000000000     
   135.00000000000000        1.1227225000000001        3.0787545000000003E-002   9.1919600000000004E-002   0.0000000000000000        0.0000000000000000     
   136.00000000000000        1.1200975000000000        2.8691145000000005E-002   9.1419625000000004E-002   0.0000000000000000        0.0000000000000000     
   137.00000000000000        1.1175725000000001        2.6639697500000000E-002   9.0920100000000004E-002   0.0000000000000000        0.0000000000000000     
   138.00000000000000        1.1150250000000002        2.4631607500000003E-002   9.0420350000000010E-002   0.0000000000000000        0.0000000000000000     
   139.00000000000000        1.1125550000000000        2.2666807499999997E-002   8.9928800000000003E-002   0.0000000000000000        0.0000000000000000     
   140.00000000000000        1.1101850000000000        2.0745252500000002E-002   8.9437249999999996E-002   0.0000000000000000        0.0000000000000000     
   141.00000000000000        1.1077925000000000        1.8865324999999999E-002   8.8945700000000003E-002   0.0000000000000000        0.0000000000000000     
   142.00000000000000        1.1055000000000001        1.7026980000000001E-002   8.8454600000000008E-002   0.0000000000000000        0.0000000000000000     
   143.00000000000000        1.1032074999999999        1.5229397499999998E-002   8.7971025000000008E-002   0.0000000000000000        0.0000000000000000     
   144.00000000000000        1.1009700000000000        1.3472532500000000E-002   8.7487899999999993E-002   0.0000000000000000        0.0000000000000000     
   145.00000000000000        1.0987550000000001        1.1754789999999999E-002   8.7012525000000007E-002   0.0000000000000000        0.0000000000000000     
   146.00000000000000        1.0966175000000000        1.0076900000000001E-002   8.6537150000000007E-002   0.0000000000000000        0.0000000000000000     
   147.00000000000000        1.0944800000000001        8.4372674999999998E-003   8.6062000000000000E-002   0.0000000000000000        0.0000000000000000     
   148.00000000000000        1.0924200000000002        6.8358924999999994E-003   8.5587074999999999E-002   0.0000000000000000        0.0000000000000000     
   149.00000000000000        1.0903600000000000        5.2719099999999994E-003   8.5120125000000005E-002   0.0000000000000000        0.0000000000000000     
   150.00000000000000        1.0883775000000000        3.7449100000000002E-003   8.4652949999999991E-002   0.0000000000000000        0.0000000000000000     
   151.00000000000000        1.0864725000000000        2.2543500000000005E-003   8.4186225000000003E-002   0.0000000000000000        0.0000000000000000     
   152.00000000000000        1.0844900000000002        7.9954250000000048E-004   8.3719500000000002E-002   0.0000000000000000        0.0000000000000000     
   153.00000000000000        1.0826624999999999       -6.1989999999999983E-004   8.3260750000000008E-002   0.0000000000000000        0.0000000000000000     
   154.00000000000000        1.0807575000000000       -2.0047192499999997E-003   8.2802000000000001E-002   0.0000000000000000        0.0000000000000000     
   155.00000000000000        1.0790299999999999       -3.3553725000000003E-003   8.2351225000000000E-002   0.0000000000000000        0.0000000000000000     
   156.00000000000000        1.0772025000000001       -4.6724550000000007E-003   8.1898349999999995E-002   0.0000000000000000        0.0000000000000000     
   157.00000000000000        1.0754525000000001       -5.9564775000000006E-003   8.1448575000000009E-002   0.0000000000000000        0.0000000000000000     
   158.00000000000000        1.0738025000000000       -7.2078825000000003E-003   8.1001350000000000E-002   0.0000000000000000        0.0000000000000000     
   159.00000000000000        1.0721300000000000       -8.4274125000000002E-003   8.0555675000000007E-002   0.0000000000000000        0.0000000000000000     
   160.00000000000000        1.0704575000000001       -9.6157250000000003E-003   8.0113325000000013E-002   0.0000000000000000        0.0000000000000000     
   161.00000000000000        1.0688850000000001       -1.0772525000000000E-002   7.9673299999999989E-002   0.0000000000000000        0.0000000000000000     
   162.00000000000000        1.0672900000000001       -1.1900200000000000E-002   7.9235824999999996E-002   0.0000000000000000        0.0000000000000000     
   163.00000000000000        1.0657950000000000       -1.2996975000000001E-002   7.8800900000000007E-002   0.0000000000000000        0.0000000000000000     
   164.00000000000000        1.0642775000000000       -1.4064399999999999E-002   7.8367524999999993E-002   0.0000000000000000        0.0000000000000000     
   165.00000000000000        1.0628600000000001       -1.5104250000000000E-002   7.7937474999999992E-002   0.0000000000000000        0.0000000000000000     
   166.00000000000000        1.0613650000000001       -1.6114750000000001E-002   7.7509750000000002E-002   0.0000000000000000        0.0000000000000000     
   167.00000000000000        1.0600025000000000       -1.7097675000000000E-002   7.7083800000000008E-002   0.0000000000000000        0.0000000000000000     
   168.00000000000003        1.0585849999999999       -1.8053799999999998E-002   7.6661174999999998E-002   0.0000000000000000        0.0000000000000000     
   169.00000000000000        1.0572450000000000       -1.8982900000000000E-002   7.6240875000000000E-002   0.0000000000000000        0.0000000000000000     
   170.00000000000000        1.0559600000000000       -1.9885199999999999E-002   7.5822350000000011E-002   0.0000000000000000        0.0000000000000000     
   171.00000000000000        1.0546200000000001       -2.0762474999999999E-002   7.5406150000000005E-002   0.0000000000000000        0.0000000000000000     
   172.00000000000000        1.0533575000000002       -2.1615050000000000E-002   7.4993275000000012E-002   0.0000000000000000        0.0000000000000000     
   173.00000000000003        1.0521725000000000       -2.2441600000000003E-002   7.4581950000000008E-002   0.0000000000000000        0.0000000000000000     
   174.00000000000000        1.0509100000000000       -2.3244674999999999E-002   7.4173174999999994E-002   0.0000000000000000        0.0000000000000000     
   175.00000000000000        1.0497250000000000       -2.4024049999999998E-002   7.3766950000000012E-002   0.0000000000000000        0.0000000000000000     
   176.00000000000000        1.0485949999999999       -2.4779724999999999E-002   7.3363049999999999E-002   0.0000000000000000        0.0000000000000000     
   177.00000000000000        1.0474100000000000       -2.5513250000000001E-002   7.2961700000000018E-002   0.0000000000000000        0.0000000000000000     
   178.00000000000003        1.0463025000000001       -2.6223074999999998E-002   7.2562674999999993E-002   0.0000000000000000        0.0000000000000000     
   179.00000000000000        1.0452725000000000       -2.6912525000000000E-002   7.2165425000000005E-002   0.0000000000000000        0.0000000000000000     
   180.00000000000000        1.0441650000000000       -2.7579275000000000E-002   7.1771274999999995E-002   0.0000000000000000        0.0000000000000000     
   181.00000000000000        1.0431350000000001       -2.8225424999999998E-002   7.1378900000000009E-002   0.0000000000000000        0.0000000000000000     
   182.00000000000000        1.0421050000000001       -2.8851200000000000E-002   7.0989074999999999E-002   0.0000000000000000        0.0000000000000000     
   183.00000000000003        1.0411524999999999       -2.9456375000000000E-002   7.0601574999999986E-002   0.0000000000000000        0.0000000000000000     
   184.00000000000000        1.0402000000000000       -3.0042725000000003E-002   7.0216399999999998E-002   0.0000000000000000        0.0000000000000000     
   185.00000000000000        1.0392474999999999       -3.0608475000000000E-002   6.9833224999999999E-002   0.0000000000000000        0.0000000000000000     
   186.00000000000000        1.0383175000000000       -3.1156400000000004E-002   6.9452924999999999E-002   0.0000000000000000        0.0000000000000000     
   187.00000000000000        1.0373649999999999       -3.1685274999999999E-002   6.9074625000000001E-002   0.0000000000000000        0.0000000000000000     
   188.00000000000003        1.0364900000000001       -3.2196100000000005E-002   6.8698425000000007E-002   0.0000000000000000        0.0000000000000000     
   189.00000000000000        1.0356150000000000       -3.2689650000000001E-002   6.8325000000000011E-002   0.0000000000000000        0.0000000000000000     
   190.00000000000000        1.0348174999999999       -3.3165699999999999E-002   6.7953124999999989E-002   0.0000000000000000        0.0000000000000000     
   191.00000000000000        1.0339425000000000       -3.3624700000000000E-002   6.7583575000000007E-002   0.0000000000000000        0.0000000000000000     
   192.00000000000000        1.0331450000000000       -3.4067199999999999E-002   6.7216575000000001E-002   0.0000000000000000        0.0000000000000000     
   193.00000000000003        1.0323700000000000       -3.4493749999999997E-002   6.6852125000000012E-002   0.0000000000000000        0.0000000000000000     
   194.00000000000000        1.0315725000000000       -3.4904025000000005E-002   6.6489224999999999E-002   0.0000000000000000        0.0000000000000000     
   195.00000000000000        1.0308525000000002       -3.5299350000000000E-002   6.6128650000000011E-002   0.0000000000000000        0.0000000000000000     
   196.00000000000000        1.0300550000000002       -3.5679725000000002E-002   6.5770624999999999E-002   0.0000000000000000        0.0000000000000000     
   197.00000000000000        1.0293574999999999       -3.6045149999999998E-002   6.5415150000000005E-002   0.0000000000000000        0.0000000000000000     
   198.00000000000003        1.0286375000000001       -3.6396400000000002E-002   6.5061225000000014E-002   0.0000000000000000        0.0000000000000000     
   199.00000000000000        1.0279950000000000       -3.6733475000000002E-002   6.4709850000000013E-002   0.0000000000000000        0.0000000000000000     
   200.00000000000000        1.0272975000000000       -3.7057375000000004E-002   6.4360025000000001E-002   0.0000000000000000        0.0000000000000000     
   201.00000000000000        1.0266549999999999       -3.7367875000000002E-002   6.4012750000000007E-002   0.0000000000000000        0.0000000000000000     
   202.00000000000000        1.0260125000000000       -3.7664975000000003E-002   6.3667799999999997E-002   0.0000000000000000        0.0000000000000000     
   203.00000000000003        1.0253925000000002       -3.7948675000000001E-002   6.3324624999999996E-002   0.0000000000000000        0.0000000000000000     
   204.00000000000000        1.0247500000000000       -3.8221524999999999E-002   6.2983774999999992E-002   0.0000000000000000        0.0000000000000000     
   205.00000000000000        1.0241850000000001       -3.8480975000000001E-002   6.2644699999999998E-002   0.0000000000000000        0.0000000000000000     
   206.00000000000000        1.0235650000000001       -3.8729350000000003E-002   6.2307950000000001E-002   0.0000000000000000        0.0000000000000000     
   207.00000000000000        1.0229999999999999       -3.8966100000000004E-002   6.1973750000000001E-002   0.0000000000000000        0.0000000000000000     
   208.00000000000003        1.0224350000000002       -3.9191999999999998E-002   6.1641100000000011E-002   0.0000000000000000        0.0000000000000000     
   209.00000000000000        1.0218924999999999       -3.9406600000000000E-002   6.1311000000000004E-002   0.0000000000000000        0.0000000000000000     
   210.00000000000000        1.0214050000000001       -3.9610350000000003E-002   6.0982449999999994E-002   0.0000000000000000        0.0000000000000000     
   211.00000000000000        1.0208625000000000       -3.9804025000000000E-002   6.0656450000000001E-002   0.0000000000000000        0.0000000000000000     
   212.00000000000000        1.0203749999999998       -3.9988175000000001E-002   6.0332000000000004E-002   0.0000000000000000        0.0000000000000000     
   213.00000000000003        1.0198324999999999       -4.0161475000000002E-002   6.0010099999999997E-002   0.0000000000000000        0.0000000000000000     
   214.00000000000000        1.0193450000000002       -4.0326025000000001E-002   5.9689750000000000E-002   0.0000000000000000        0.0000000000000000     
   215.00000000000000        1.0188800000000002       -4.0481275000000004E-002   5.9371950000000000E-002   0.0000000000000000        0.0000000000000000     
   216.00000000000000        1.0183925000000000       -4.0626999999999996E-002   5.9055700000000003E-002   0.0000000000000000        0.0000000000000000     
   217.00000000000000        1.0179825000000000       -4.0764200000000000E-002   5.8741225000000008E-002   0.0000000000000000        0.0000000000000000     
   218.00000000000003        1.0175175000000001       -4.0891875000000001E-002   5.8429075000000004E-002   0.0000000000000000        0.0000000000000000     
   219.00000000000000        1.0171075000000001       -4.1012799999999995E-002   5.8119250000000004E-002   0.0000000000000000        0.0000000000000000     
   220.00000000000000        1.0167200000000001       -4.1124750000000002E-002   5.7810650000000012E-002   0.0000000000000000        0.0000000000000000     
   221.00000000000000        1.0162550000000001       -4.1228399999999998E-002   5.7504149999999997E-002   0.0000000000000000        0.0000000000000000     
   222.00000000000000        1.0158450000000001       -4.1324850000000003E-002   5.7200200000000000E-002   0.0000000000000000        0.0000000000000000     
   223.00000000000003        1.0154574999999999       -4.1414099999999995E-002   5.6898025000000005E-002   0.0000000000000000        0.0000000000000000     
   224.00000000000000        1.0151250000000001       -4.1495825000000007E-002   5.6597399999999999E-002   0.0000000000000000        0.0000000000000000     
   225.00000000000000        1.0147375000000001       -4.1570327500000004E-002   5.6299099999999998E-002   0.0000000000000000        0.0000000000000000     
   226.00000000000000        1.0143275000000000       -4.1638607500000001E-002   5.6001800000000004E-002   0.0000000000000000        0.0000000000000000     
   227.00000000000000        1.0140175000000000       -4.1699844999999999E-002   5.5707599999999996E-002   0.0000000000000000        0.0000000000000000     
   228.00000000000003        1.0136849999999999       -4.1754837500000003E-002   5.5414400000000003E-002   0.0000000000000000        0.0000000000000000     
   229.00000000000000        1.0132975000000000       -4.1802787500000001E-002   5.5123525000000000E-002   0.0000000000000000        0.0000000000000000     
   230.00000000000000        1.0129875000000002       -4.1845267500000005E-002   5.4834424999999992E-002   0.0000000000000000        0.0000000000000000     
   231.00000000000000        1.0126550000000001       -4.1881479999999999E-002   5.4546875000000009E-002   0.0000000000000000        0.0000000000000000     
   232.00000000000000        1.0123449999999998       -4.1912245000000001E-002   5.4261650000000002E-002   0.0000000000000000        0.0000000000000000     
   233.00000000000003        1.0120125000000000       -4.1937517500000000E-002   5.3977425000000009E-002   0.0000000000000000        0.0000000000000000     
   234.00000000000000        1.0117025000000002       -4.1957319999999999E-002   5.3695749999999993E-002   0.0000000000000000        0.0000000000000000     
   235.00000000000000        1.0114700000000001       -4.1971652499999998E-002   5.3415624999999994E-002   0.0000000000000000        0.0000000000000000     
   236.00000000000000        1.0111375000000000       -4.1981312500000000E-002   5.3137825000000007E-002   0.0000000000000000        0.0000000000000000     
   237.00000000000000        1.0109050000000002       -4.1986277500000002E-002   5.2861024999999999E-002   0.0000000000000000        0.0000000000000000     
   238.00000000000003        1.0105724999999999       -4.1985772499999997E-002   5.2586550000000003E-002   0.0000000000000000        0.0000000000000000     
   239.00000000000000        1.0103400000000000       -4.1980595000000002E-002   5.2313625000000002E-002   0.0000000000000000        0.0000000000000000     
   240.00000000000000        1.0101074999999999       -4.1971497499999996E-002   5.2042475000000005E-002   0.0000000000000000        0.0000000000000000     
   241.00000000000000        1.0097750000000001       -4.1957727500000007E-002   5.1773100000000009E-002   0.0000000000000000        0.0000000000000000     
   242.00000000000000        1.0095425000000002       -4.1939285000000007E-002   5.1505049999999997E-002   0.0000000000000000        0.0000000000000000     
   243.00000000000003        1.0093100000000002       -4.1917697499999997E-002   5.1239000000000007E-002   0.0000000000000000        0.0000000000000000     
   244.00000000000000        1.0090550000000000       -4.1891460000000005E-002   5.0974275000000006E-002   0.0000000000000000        0.0000000000000000     
   245.00000000000000        1.0088225000000000       -4.1862077500000004E-002   5.0712100000000003E-002   0.0000000000000000        0.0000000000000000     
   246.00000000000000        1.0085900000000001       -4.1828045000000001E-002   5.0450925000000001E-002   0.0000000000000000        0.0000000000000000     
   247.00000000000000        1.0084124999999999       -4.1791642500000004E-002   5.0191849999999996E-002   0.0000000000000000        0.0000000000000000     
   248.00000000000003        1.0081800000000001       -4.1750590000000004E-002   4.9933999999999999E-002   0.0000000000000000        0.0000000000000000     
   249.00000000000000        1.0079475000000000       -4.1707167500000003E-002   4.9678250000000007E-002   0.0000000000000000        0.0000000000000000     
   250.00000000000000        1.0077925000000001       -4.1659892499999997E-002   4.9424275000000004E-002   0.0000000000000000        0.0000000000000000     
   251.00000000000000        1.0075375000000000       -4.1609472499999994E-002   4.9171300000000001E-002   0.0000000000000000        0.0000000000000000     
   252.00000000000000        1.0073824999999998       -4.1555952500000000E-002   4.8920650000000003E-002   0.0000000000000000        0.0000000000000000     
   253.00000000000003        1.0071500000000000       -4.1500084999999999E-002   4.8670774999999999E-002   0.0000000000000000        0.0000000000000000     
   254.00000000000000        1.0069725000000000       -4.1441117499999999E-002   4.8423225000000000E-002   0.0000000000000000        0.0000000000000000     
   255.00000000000000        1.0068175000000001       -4.1379825000000002E-002   4.8176675000000002E-002   0.0000000000000000        0.0000000000000000     
   256.00000000000000        1.0065850000000001       -4.1315410000000004E-002   4.7931900000000006E-002   0.0000000000000000        0.0000000000000000     
   257.00000000000000        1.0064300000000002       -4.1248670000000001E-002   4.7689225000000009E-002   0.0000000000000000        0.0000000000000000     
   258.00000000000000        1.0062525000000000       -4.1178807499999998E-002   4.7447550000000005E-002   0.0000000000000000        0.0000000000000000     
   259.00000000000000        1.0060975000000001       -4.1107417500000000E-002   4.7207649999999997E-002   0.0000000000000000        0.0000000000000000     
   260.00000000000000        1.0059425000000000       -4.1033680000000003E-002   4.6969299999999999E-002   0.0000000000000000        0.0000000000000000     
   261.00000000000000        1.0057874999999998       -4.0957617500000008E-002   4.6732500000000003E-002   0.0000000000000000        0.0000000000000000     
   262.00000000000000        1.0056099999999999       -4.0879230000000003E-002   4.6496475000000002E-002   0.0000000000000000        0.0000000000000000     
   263.00000000000000        1.0054550000000000       -4.0798517499999999E-002   4.6262999999999999E-002   0.0000000000000000        0.0000000000000000     
   264.00000000000000        1.0053000000000001       -4.0716232499999998E-002   4.6030525000000003E-002   0.0000000000000000        0.0000000000000000     
   265.00000000000000        1.0051450000000002       -4.0632420000000002E-002   4.5799375000000003E-002   0.0000000000000000        0.0000000000000000     
   266.00000000000000        1.0050450000000000       -4.0546282500000003E-002   4.5569999999999999E-002   0.0000000000000000        0.0000000000000000     
   267.00000000000000        1.0048900000000001       -4.0458595000000000E-002   4.5342400000000005E-002   0.0000000000000000        0.0000000000000000     
   268.00000000000000        1.0047350000000002       -4.0369380000000003E-002   4.5116125000000000E-002   0.0000000000000000        0.0000000000000000     
   269.00000000000000        1.0046575000000002       -4.0278592500000002E-002   4.4890849999999996E-002   0.0000000000000000        0.0000000000000000     
   270.00000000000000        1.0044800000000000       -4.0186277499999999E-002   4.4667350000000001E-002   0.0000000000000000        0.0000000000000000     
   271.00000000000000        1.0043249999999999       -4.0092412500000001E-002   4.4445174999999996E-002   0.0000000000000000        0.0000000000000000     
   272.00000000000000        1.0042475000000000       -3.9996997500000006E-002   4.4223999999999999E-002   0.0000000000000000        0.0000000000000000     
   273.00000000000000        1.0040925000000001       -3.9900032500000002E-002   4.4005374999999999E-002   0.0000000000000000        0.0000000000000000     
   274.00000000000000        1.0040149999999999       -3.9802315000000005E-002   4.3787525000000001E-002   0.0000000000000000        0.0000000000000000     
   275.00000000000000        1.0038374999999999       -3.9703047500000005E-002   4.3570449999999997E-002   0.0000000000000000        0.0000000000000000     
   276.00000000000000        1.0037600000000000       -3.9602252500000004E-002   4.3355699999999997E-002   0.0000000000000000        0.0000000000000000     
   277.00000000000000        1.0036049999999999       -3.9500682499999995E-002   4.3141950000000005E-002   0.0000000000000000        0.0000000000000000     
   278.00000000000000        1.0035275000000001       -3.9398360000000000E-002   4.2929750000000003E-002   0.0000000000000000        0.0000000000000000     
   279.00000000000000        1.0034500000000000       -3.9294487500000003E-002   4.2718325000000001E-002   0.0000000000000000        0.0000000000000000     
   280.00000000000000        1.0032725000000000       -3.9189839999999997E-002   4.2508675000000003E-002   0.0000000000000000        0.0000000000000000     
   281.00000000000000        1.0031950000000001       -3.9083665000000004E-002   4.2300575000000000E-002   0.0000000000000000        0.0000000000000000     
   282.00000000000000        1.0031175000000001       -3.8977512500000006E-002   4.2093249999999999E-002   0.0000000000000000        0.0000000000000000     
   283.00000000000000        1.0030400000000002       -3.8869809999999998E-002   4.1887722499999995E-002   0.0000000000000000        0.0000000000000000     
   284.00000000000000        1.0029625000000002       -3.8762130000000006E-002   4.1683722499999999E-002   0.0000000000000000        0.0000000000000000     
   285.00000000000000        1.0027850000000000       -3.8652900000000004E-002   4.1480565000000004E-002   0.0000000000000000        0.0000000000000000     
   286.00000000000000        1.0027074999999999       -3.8542917500000003E-002   4.1278250000000002E-002   0.0000000000000000        0.0000000000000000     
   287.00000000000000        1.0026299999999999       -3.8432182500000002E-002   4.1078327500000004E-002   0.0000000000000000        0.0000000000000000     
   288.00000000000000        1.0025525000000000       -3.8321447500000001E-002   4.0878472499999999E-002   0.0000000000000000        0.0000000000000000     
   289.00000000000000        1.0024750000000000       -3.8209960000000001E-002   4.0681032500000006E-002   0.0000000000000000        0.0000000000000000     
   290.00000000000000        1.0023975000000001       -3.8097720000000002E-002   4.0484412499999997E-002   0.0000000000000000        0.0000000000000000     
   291.00000000000000        1.0022975000000001       -3.7984727500000003E-002   4.0288635000000003E-002   0.0000000000000000        0.0000000000000000     
   292.00000000000000        1.0022199999999999       -3.7870960000000002E-002   4.0094497500000000E-002   0.0000000000000000        0.0000000000000000     
   293.00000000000000        1.0021425000000002       -3.7757214999999997E-002   3.9901180000000001E-002   0.0000000000000000        0.0000000000000000     
   294.00000000000000        1.0020650000000000       -3.7642717499999999E-002   3.9709480000000005E-002   0.0000000000000000        0.0000000000000000     
   295.00000000000000        1.0019875000000000       -3.7528220000000001E-002   3.9519397500000004E-002   0.0000000000000000        0.0000000000000000     
   296.00000000000000        1.0019100000000001       -3.7412992499999999E-002   3.9329382500000003E-002   0.0000000000000000        0.0000000000000000     
   297.00000000000000        1.0018324999999999       -3.7296990000000002E-002   3.9141760000000005E-002   0.0000000000000000        0.0000000000000000     
   298.00000000000000        1.0017325000000001       -3.7181784999999995E-002   3.8954957499999998E-002   0.0000000000000000        0.0000000000000000     
   299.00000000000000        1.0017325000000001       -3.7065052500000001E-002   3.8769019999999994E-002   0.0000000000000000        0.0000000000000000     
   300.00000000000000        1.0016550000000002       -3.6949117500000003E-002   3.8583902500000003E-002   0.0000000000000000        0.0000000000000000     
   301.00000000000000        1.0015775000000000       -3.6831632499999996E-002   3.8401177500000001E-002   0.0000000000000000        0.0000000000000000     
   302.00000000000000        1.0015000000000001       -3.6714967500000001E-002   3.8218520000000006E-002   0.0000000000000000        0.0000000000000000     
   303.00000000000000        1.0014225000000001       -3.6597527500000004E-002   3.8037480000000005E-002   0.0000000000000000        0.0000000000000000     
   304.00000000000000        1.0014000000000001       -3.6480109999999996E-002   3.7857260000000004E-002   0.0000000000000000        0.0000000000000000     
   305.00000000000000        1.0013225000000001       -3.6362737500000006E-002   3.7678657499999997E-002   0.0000000000000000        0.0000000000000000     
   306.00000000000000        1.0012450000000002       -3.6245365000000002E-002   3.7500897499999998E-002   0.0000000000000000        0.0000000000000000     
   307.00000000000000        1.0011675000000000       -3.6127239999999998E-002   3.7323957500000005E-002   0.0000000000000000        0.0000000000000000     
   308.00000000000000        1.0011675000000000       -3.6009137500000003E-002   3.7148657500000001E-002   0.0000000000000000        0.0000000000000000     
   309.00000000000000        1.0010900000000000       -3.5891057499999997E-002   3.6974155000000002E-002   0.0000000000000000        0.0000000000000000     
   310.00000000000000        1.0010124999999999       -3.5773000000000006E-002   3.6801292499999999E-002   0.0000000000000000        0.0000000000000000     
   311.00000000000000        1.0010124999999999       -3.5654942500000002E-002   3.6628475000000001E-002   0.0000000000000000        0.0000000000000000     
   312.00000000000000        1.0009125000000001       -3.5536155000000000E-002   3.6457252500000002E-002   0.0000000000000000        0.0000000000000000     
   313.00000000000000        1.0008349999999999       -3.5418165000000008E-002   3.6287647500000006E-002   0.0000000000000000        0.0000000000000000     
   314.00000000000000        1.0008349999999999       -3.5299422500000004E-002   3.6118110000000002E-002   0.0000000000000000        0.0000000000000000     
   315.00000000000000        1.0007575000000000       -3.5181455000000000E-002   3.5950167499999998E-002   0.0000000000000000        0.0000000000000000     
   316.00000000000000        1.0007575000000000       -3.5063532500000001E-002   3.5783842500000003E-002   0.0000000000000000        0.0000000000000000     
   317.00000000000000        1.0006800000000000       -3.4944857500000003E-002   3.5617562500000005E-002   0.0000000000000000        0.0000000000000000     
   318.00000000000000        1.0006025000000001       -3.4826980000000000E-002   3.5452900000000002E-002   0.0000000000000000        0.0000000000000000     
   319.00000000000000        1.0006025000000001       -3.4708327500000004E-002   3.5289057500000005E-002   0.0000000000000000        0.0000000000000000     
   320.00000000000000        1.0005250000000001       -3.4590494999999999E-002   3.5126035000000000E-002   0.0000000000000000        0.0000000000000000     
   321.00000000000000        1.0005025000000001       -3.4472685000000003E-002   3.4963855000000002E-002   0.0000000000000000        0.0000000000000000     
   322.00000000000000        1.0004250000000001       -3.4354897500000002E-002   3.4803292499999999E-002   0.0000000000000000        0.0000000000000000     
   323.00000000000000        1.0004250000000001       -3.4237110000000001E-002   3.4643527500000007E-002   0.0000000000000000        0.0000000000000000     
   324.00000000000000        1.0003474999999999       -3.4119367499999997E-002   3.4484627500000004E-002   0.0000000000000000        0.0000000000000000     
   325.00000000000000        1.0003474999999999       -3.4002422500000004E-002   3.4327300000000005E-002   0.0000000000000000        0.0000000000000000     
   326.00000000000000        1.0002700000000000       -3.3884724999999997E-002   3.4170039999999999E-002   0.0000000000000000        0.0000000000000000     
   327.00000000000000        1.0002545000000000       -3.3767825000000001E-002   3.4014374999999999E-002   0.0000000000000000        0.0000000000000000     
   328.00000000000000        1.0002157500000000       -3.3650947500000000E-002   3.3859552500000001E-002   0.0000000000000000        0.0000000000000000     
   329.00000000000000        1.0001847500000001       -3.3534092500000001E-002   3.3705527499999999E-002   0.0000000000000000        0.0000000000000000     
   330.00000000000000        1.0001234999999999       -3.3417259999999997E-002   3.3552345000000004E-002   0.0000000000000000        0.0000000000000000     
   331.00000000000006        1.0000925000000001       -3.3300450000000002E-002   3.3400005000000003E-002   0.0000000000000000        0.0000000000000000     
   332.00000000000000        1.0000614999999999       -3.3184437499999997E-002   3.3249237500000001E-002   0.0000000000000000        0.0000000000000000     
   333.00000000000000        1.0000305000000000       -3.3068447500000001E-002   3.3098537500000004E-002   0.0000000000000000        0.0000000000000000     
   334.00000000000000       0.99999175000000007       -3.2952479999999999E-002   3.2949432500000000E-002   0.0000000000000000        0.0000000000000000     
   335.00000000000000       0.99996850000000004       -3.2837332499999997E-002   3.2801147500000002E-002   0.0000000000000000        0.0000000000000000     
   336.00000000000006       0.99993750000000015       -3.2722185000000001E-002   3.2653682500000003E-002   0.0000000000000000        0.0000000000000000     
   337.00000000000000       0.99990650000000003       -3.2607060000000000E-002   3.2507060000000004E-002   0.0000000000000000        0.0000000000000000     
   338.00000000000000       0.99987550000000003       -3.2491979999999997E-002   3.2361234999999995E-002   0.0000000000000000        0.0000000000000000     
   339.00000000000000       0.99984450000000014       -3.2377675000000002E-002   3.2216252500000001E-002   0.0000000000000000        0.0000000000000000     
   340.00000000000000       0.99982124999999999       -3.2263415000000004E-002   3.2072864999999999E-002   0.0000000000000000        0.0000000000000000     
   341.00000000000006       0.99976775000000007       -3.2149177500000001E-002   3.1929522499999995E-002   0.0000000000000000        0.0000000000000000     
   342.00000000000000       0.99974450000000004       -3.2034939999999998E-002   3.1787000000000003E-002   0.0000000000000000        0.0000000000000000     
   343.00000000000000       0.99972125000000001       -3.1921522500000001E-002   3.1646072499999997E-002   0.0000000000000000        0.0000000000000000     
   344.00000000000000       0.99969025000000000       -3.1808127499999998E-002   3.1505190000000002E-002   0.0000000000000000        0.0000000000000000     
   345.00000000000000       0.99966699999999997       -3.1695530000000000E-002   3.1365925000000003E-002   0.0000000000000000        0.0000000000000000     
   346.00000000000006       0.99964375000000005       -3.1582932500000001E-002   3.1227457500000000E-002   0.0000000000000000        0.0000000000000000     
   347.00000000000000       0.99962050000000002       -3.1470379999999999E-002   3.1089035000000001E-002   0.0000000000000000        0.0000000000000000     
   348.00000000000000       0.99959724999999999       -3.1358625000000001E-002   3.0952207499999999E-002   0.0000000000000000        0.0000000000000000     
   349.00000000000000       0.99957400000000007       -3.1246892499999998E-002   3.0816222500000000E-002   0.0000000000000000        0.0000000000000000     
   350.00000000000000       0.99955075000000004       -3.1135182500000001E-002   3.0680259999999997E-002   0.0000000000000000        0.0000000000000000     
   351.00000000000006       0.99952750000000001       -3.1024292500000002E-002   3.0545892500000001E-002   0.0000000000000000        0.0000000000000000     
   352.00000000000000       0.99951199999999996       -3.0913402499999999E-002   3.0412344999999997E-002   0.0000000000000000        0.0000000000000000     
   353.00000000000000       0.99946625000000000       -3.0803310000000004E-002   3.0278842500000000E-002   0.0000000000000000        0.0000000000000000     
   354.00000000000000       0.99944299999999997       -3.0693240000000000E-002   3.0146935000000000E-002   0.0000000000000000        0.0000000000000000     
   355.00000000000000       0.99942750000000002       -3.0583215000000000E-002   3.0015072500000000E-002   0.0000000000000000        0.0000000000000000     
   356.00000000000006       0.99940424999999999       -3.0473964999999999E-002   2.9884804999999997E-002   0.0000000000000000        0.0000000000000000     
   357.00000000000000       0.99938875000000005       -3.0364737499999999E-002   2.9755357500000003E-002   0.0000000000000000        0.0000000000000000     
   358.00000000000000       0.99936550000000002       -3.0256330000000001E-002   2.9625932500000004E-002   0.0000000000000000        0.0000000000000000     
   359.00000000000000       0.99934999999999996       -3.0147147500000002E-002   2.9497327499999997E-002   0.0000000000000000        0.0000000000000000     
   360.00000000000000       0.99933450000000001       -3.0039560000000000E-002   2.9370340000000002E-002   0.0000000000000000        0.0000000000000000     
   361.00000000000006       0.99931124999999998       -2.9931972500000001E-002   2.9243374999999999E-002   0.0000000000000000        0.0000000000000000     
   362.00000000000000       0.99929575000000004       -2.9824430000000002E-002   2.9117207499999999E-002   0.0000000000000000        0.0000000000000000     
   363.00000000000000       0.99928024999999998       -2.9716910000000003E-002   2.8991882500000000E-002   0.0000000000000000        0.0000000000000000     
   364.00000000000000       0.99926474999999992       -2.9610940000000002E-002   2.8867354999999997E-002   0.0000000000000000        0.0000000000000000     
   365.00000000000000       0.99924924999999998       -2.9504240000000004E-002   2.8743670000000002E-002   0.0000000000000000        0.0000000000000000     
   366.00000000000006       0.99923375000000003       -2.9398337500000000E-002   2.8620760000000006E-002   0.0000000000000000        0.0000000000000000     
   367.00000000000000       0.99919574999999994       -2.9292434999999999E-002   2.8497917499999997E-002   0.0000000000000000        0.0000000000000000     
   368.00000000000000       0.99918024999999999       -2.9187352500000003E-002   2.8376647500000005E-002   0.0000000000000000        0.0000000000000000     
   369.00000000000000       0.99916475000000005       -2.9082292499999999E-002   2.8255445000000001E-002   0.0000000000000000        0.0000000000000000     
   370.00000000000000       0.99914924999999988       -2.8978030000000002E-002   2.8135792500000003E-002   0.0000000000000000        0.0000000000000000     
   371.00000000000006       0.99913374999999993       -2.8873767500000001E-002   2.8016207500000001E-002   0.0000000000000000        0.0000000000000000     
   372.00000000000000       0.99912599999999996       -2.8770324999999999E-002   2.7897420000000003E-002   0.0000000000000000        0.0000000000000000     
   373.00000000000000       0.99911050000000001       -2.8666905000000003E-002   2.7779452500000003E-002   0.0000000000000000        0.0000000000000000     
   374.00000000000000       0.99909500000000007       -2.8563507499999998E-002   2.7661529999999997E-002   0.0000000000000000        0.0000000000000000     
   375.00000000000000       0.99908725000000009       -2.8460884999999998E-002   2.7545180000000002E-002   0.0000000000000000        0.0000000000000000     
   376.00000000000006       0.99907174999999993       -2.8359082500000000E-002   2.7428875000000002E-002   0.0000000000000000        0.0000000000000000     
   377.00000000000000       0.99906399999999995       -2.8256527499999996E-002   2.7314142499999999E-002   0.0000000000000000        0.0000000000000000     
   378.00000000000000       0.99904850000000001       -2.8155545000000001E-002   2.7199455000000001E-002   0.0000000000000000        0.0000000000000000     
   379.00000000000000       0.99904075000000003       -2.8053787500000000E-002   2.7085587500000001E-002   0.0000000000000000        0.0000000000000000     
   380.00000000000000       0.99902525000000009       -2.7952850000000001E-002   2.6971742500000003E-002   0.0000000000000000        0.0000000000000000     
   381.00000000000006       0.99901750000000011       -2.7852709999999999E-002   2.6859492499999998E-002   0.0000000000000000        0.0000000000000000     
   382.00000000000000       0.99900199999999995       -2.7752570000000004E-002   2.6747264999999999E-002   0.0000000000000000        0.0000000000000000     
   383.00000000000000       0.99899424999999997       -2.7653249999999997E-002   2.6635857500000002E-002   0.0000000000000000        0.0000000000000000     
   384.00000000000000       0.99896400000000007       -2.7553952500000003E-002   2.6525270000000000E-002   0.0000000000000000        0.0000000000000000     
   385.00000000000000       0.99894850000000002       -2.7454655000000001E-002   2.6414705000000004E-002   0.0000000000000000        0.0000000000000000     
   386.00000000000006       0.99894075000000004       -2.7356177500000002E-002   2.6305712500000002E-002   0.0000000000000000        0.0000000000000000     
   387.00000000000000       0.99893299999999996       -2.7257699999999999E-002   2.6196787500000002E-002   0.0000000000000000        0.0000000000000000     
   388.00000000000000       0.99892525000000010       -2.7160042499999999E-002   2.6088637500000001E-002   0.0000000000000000        0.0000000000000000     
   389.00000000000000       0.99891750000000001       -2.7063160000000003E-002   2.5981307500000002E-002   0.0000000000000000        0.0000000000000000     
   390.00000000000000       0.99890200000000007       -2.6965547500000003E-002   2.5874022500000003E-002   0.0000000000000000        0.0000000000000000     
   391.00000000000006       0.99889424999999998       -2.6869485000000002E-002   2.5767535000000001E-002   0.0000000000000000        0.0000000000000000     
   392.00000000000000       0.99888650000000001       -2.6772670000000002E-002   2.5661844999999999E-002   0.0000000000000000        0.0000000000000000     
   393.00000000000000       0.99887875000000004       -2.6676652500000002E-002   2.5556974999999999E-002   0.0000000000000000        0.0000000000000000     
   394.00000000000000       0.99887100000000006       -2.6581432499999998E-002   2.5452150000000003E-002   0.0000000000000000        0.0000000000000000     
   395.00000000000000       0.99886325000000009       -2.6486235000000000E-002   2.5348897500000002E-002   0.0000000000000000        0.0000000000000000     
   396.00000000000006       0.99885550000000001       -2.6391835000000006E-002   2.5245667500000003E-002   0.0000000000000000        0.0000000000000000     
   397.00000000000000       0.99884775000000003       -2.6297457500000000E-002   2.5142482500000000E-002   0.0000000000000000        0.0000000000000000     
   398.00000000000000       0.99883999999999995       -2.6203102499999999E-002   2.5040095000000002E-002   0.0000000000000000        0.0000000000000000     
   399.00000000000000       0.99883225000000009       -2.6109545000000005E-002   2.4938505000000000E-002   0.0000000000000000        0.0000000000000000     
   400.00000000000000       0.99883225000000009       -2.6015987499999997E-002   2.4837735000000000E-002   0.0000000000000000        0.0000000000000000     
   401.00000000000006       0.99882450000000000       -2.5923250000000005E-002   2.4737762500000000E-002   0.0000000000000000        0.0000000000000000     
   402.00000000000000       0.99881675000000003       -2.5830535000000002E-002   2.4637835000000004E-002   0.0000000000000000        0.0000000000000000     
   403.00000000000000       0.99880900000000006       -2.5738595000000000E-002   2.4538705000000001E-002   0.0000000000000000        0.0000000000000000     
   404.00000000000000       0.99877874999999994       -2.5646677500000003E-002   2.4439597500000000E-002   0.0000000000000000        0.0000000000000000     
   405.00000000000000       0.99877874999999994       -2.5555557500000003E-002   2.4341310000000001E-002   0.0000000000000000        0.0000000000000000     
   406.00000000000006       0.99877099999999996       -2.5464460000000001E-002   2.4243819999999999E-002   0.0000000000000000        0.0000000000000000     
   407.00000000000000       0.99876324999999999       -2.5373385000000002E-002   2.4147127500000001E-002   0.0000000000000000        0.0000000000000000     
   408.00000000000000       0.99876324999999999       -2.5283107499999999E-002   2.4050479999999999E-002   0.0000000000000000        0.0000000000000000     
   409.00000000000000       0.99875550000000002       -2.5193627500000003E-002   2.3954630000000001E-002   0.0000000000000000        0.0000000000000000     
   410.00000000000000       0.99874775000000005       -2.5104147500000000E-002   2.3858802500000002E-002   0.0000000000000000        0.0000000000000000     
   411.00000000000006       0.99874775000000005       -2.5014712500000001E-002   2.3763795000000001E-002   0.0000000000000000        0.0000000000000000     
   412.00000000000000       0.99873999999999996       -2.4926052500000000E-002   2.3669562500000001E-002   0.0000000000000000        0.0000000000000000     
   413.00000000000000       0.99873224999999999       -2.4837415000000002E-002   2.3576150000000001E-002   0.0000000000000000        0.0000000000000000     
   414.00000000000000       0.99873224999999999       -2.4749575000000003E-002   2.3482782500000000E-002   0.0000000000000000        0.0000000000000000     
   415.00000000000000       0.99872450000000002       -2.4661757499999999E-002   2.3390190000000002E-002   0.0000000000000000        0.0000000000000000     
   416.00000000000006       0.99872450000000002       -2.4573962500000001E-002   2.3297642500000000E-002   0.0000000000000000        0.0000000000000000     
   417.00000000000000       0.99871675000000004       -2.4486964999999999E-002   2.3205892500000002E-002   0.0000000000000000        0.0000000000000000     
   418.00000000000000       0.99871675000000004       -2.4400742500000003E-002   2.3114940000000000E-002   0.0000000000000000        0.0000000000000000     
   419.00000000000000       0.99870900000000007       -2.4314542500000001E-002   2.3024032500000003E-002   0.0000000000000000        0.0000000000000000     
   420.00000000000000       0.99870900000000007       -2.4228387500000000E-002   2.2933900000000000E-002   0.0000000000000000        0.0000000000000000     
   421.00000000000006       0.99870900000000007       -2.4143007500000001E-002   2.2843812500000001E-002   0.0000000000000000        0.0000000000000000     
   422.00000000000000       0.99870124999999998       -2.4057627500000001E-002   2.2754522500000002E-002   0.0000000000000000        0.0000000000000000     
   423.00000000000000       0.99870124999999998       -2.3973067500000000E-002   2.2666029999999997E-002   0.0000000000000000        0.0000000000000000     
   424.00000000000000       0.99869350000000001       -2.3888507500000000E-002   2.2577582500000002E-002   0.0000000000000000        0.0000000000000000     
   425.00000000000000       0.99869350000000001       -2.3803992499999999E-002   2.2489909999999998E-002   0.0000000000000000        0.0000000000000000     
   426.00000000000006       0.99869350000000001       -2.3720252500000000E-002   2.2402282500000002E-002   0.0000000000000000        0.0000000000000000     
   427.00000000000000       0.99868574999999993       -2.3637310000000002E-002   2.2315452500000003E-002   0.0000000000000000        0.0000000000000000     
   428.00000000000000       0.99868574999999993       -2.3553592500000001E-002   2.2229420000000000E-002   0.0000000000000000        0.0000000000000000     
   429.00000000000000       0.99868574999999993       -2.3471469999999998E-002   2.2143409999999999E-002   0.0000000000000000        0.0000000000000000     
   430.00000000000000       0.99865549999999992       -2.3388572500000003E-002   2.2058197500000001E-002   0.0000000000000000        0.0000000000000000     
   431.00000000000006       0.99865549999999992       -2.3307247500000003E-002   2.1973030000000001E-002   0.0000000000000000        0.0000000000000000     
   432.00000000000000       0.99865549999999992       -2.3225170000000003E-002   2.1888637499999999E-002   0.0000000000000000        0.0000000000000000     
   433.00000000000000       0.99865549999999992       -2.3143890000000000E-002   2.1805064999999998E-002   0.0000000000000000        0.0000000000000000     
   434.00000000000000       0.99864774999999995       -2.3062610000000001E-002   2.1721515000000000E-002   0.0000000000000000        0.0000000000000000     
   435.00000000000000       0.99864774999999995       -2.2982127500000001E-002   2.1637965000000002E-002   0.0000000000000000        0.0000000000000000     
   436.00000000000006       0.99864774999999995       -2.2901667500000000E-002   2.1555234999999999E-002   0.0000000000000000        0.0000000000000000     
   437.00000000000000       0.99864774999999995       -2.2822005000000003E-002   2.1473302499999999E-002   0.0000000000000000        0.0000000000000000     
   438.00000000000000       0.99864774999999995       -2.2742365000000000E-002   2.1391392499999998E-002   0.0000000000000000        0.0000000000000000     
   439.00000000000000       0.99863999999999997       -2.2663500000000000E-002   2.1310280000000004E-002   0.0000000000000000        0.0000000000000000     
   440.00000000000000       0.99863999999999997       -2.2584657500000004E-002   2.1229189999999998E-002   0.0000000000000000        0.0000000000000000     
   441.00000000000006       0.99863999999999997       -2.2505837500000004E-002   2.1148920000000002E-002   0.0000000000000000        0.0000000000000000     
   442.00000000000000       0.99863999999999997       -2.2427815000000000E-002   2.1069425000000003E-002   0.0000000000000000        0.0000000000000000     
   443.00000000000000       0.99863999999999997       -2.2349792500000003E-002   2.0989177500000004E-002   0.0000000000000000        0.0000000000000000     
   444.00000000000000       0.99863999999999997       -2.2271792500000002E-002   2.0910502500000001E-002   0.0000000000000000        0.0000000000000000     
   445.00000000000000       0.99863999999999997       -2.2194590000000000E-002   2.0831872500000001E-002   0.0000000000000000        0.0000000000000000     
   446.00000000000006       0.99863225000000000       -2.2118184999999999E-002   2.0753242500000005E-002   0.0000000000000000        0.0000000000000000     
   447.00000000000000       0.99863225000000000       -2.2041005000000002E-002   2.0675410000000002E-002   0.0000000000000000        0.0000000000000000     
   448.00000000000000       0.99863225000000000       -2.1964622500000003E-002   2.0598374999999999E-002   0.0000000000000000        0.0000000000000000     
   449.00000000000000       0.99863225000000000       -2.1889037500000000E-002   2.0520609999999998E-002   0.0000000000000000        0.0000000000000000     
   450.00000000000000       0.99863225000000000       -2.1813452500000000E-002   2.0444395000000001E-002   0.0000000000000000        0.0000000000000000     
   451.00000000000006       0.99863225000000000       -2.1737912499999998E-002   2.0368202499999998E-002   0.0000000000000000        0.0000000000000000     
   452.00000000000000       0.99863225000000000       -2.1663147500000004E-002   2.0292055000000003E-002   0.0000000000000000        0.0000000000000000     
   453.00000000000000       0.99863225000000000       -2.1588382499999999E-002   2.0216682499999999E-002   0.0000000000000000        0.0000000000000000     
   454.00000000000000       0.99863225000000000       -2.1514437500000001E-002   2.0142107499999999E-002   0.0000000000000000        0.0000000000000000     
   455.00000000000000       0.99863225000000000       -2.1440492500000002E-002   2.0067555000000001E-002   0.0000000000000000        0.0000000000000000     
   456.00000000000006       0.99863225000000000       -2.1366547499999999E-002   1.9993025000000001E-002   0.0000000000000000        0.0000000000000000     
   457.00000000000000       0.99863225000000000       -2.1293422499999999E-002   1.9919292499999998E-002   0.0000000000000000        0.0000000000000000     
   458.00000000000000       0.99863225000000000       -2.1220297499999999E-002   1.9845582500000000E-002   0.0000000000000000        0.0000000000000000     
   459.00000000000000       0.99863225000000000       -2.1147970000000002E-002   1.9772669999999999E-002   0.0000000000000000        0.0000000000000000     
   460.00000000000000       0.99863225000000000       -2.1074890000000002E-002   1.9699780000000000E-002   0.0000000000000000        0.0000000000000000     
   461.00000000000006       0.99863225000000000       -2.1003359999999999E-002   1.9627664999999999E-002   0.0000000000000000        0.0000000000000000     
   462.00000000000000       0.99863225000000000       -2.0931077500000003E-002   1.9555594999999999E-002   0.0000000000000000        0.0000000000000000     
   463.00000000000000       0.99863225000000000       -2.0859570000000001E-002   1.9484300000000000E-002   0.0000000000000000        0.0000000000000000     
   464.00000000000000       0.99863225000000000       -2.0788882500000001E-002   1.9413050000000001E-002   0.0000000000000000        0.0000000000000000     
   465.00000000000000       0.99861750000000005       -2.0718195000000002E-002   1.9342575000000001E-002   0.0000000000000000        0.0000000000000000     
   466.00000000000006       0.99861750000000005       -2.0647507500000002E-002   1.9272122500000002E-002   0.0000000000000000        0.0000000000000000     
   467.00000000000000       0.99861750000000005       -2.0576865000000000E-002   1.9201692500000003E-002   0.0000000000000000        0.0000000000000000     
   468.00000000000000       0.99861750000000005       -2.0506997500000002E-002   1.9132059999999999E-002   0.0000000000000000        0.0000000000000000     
   469.00000000000000       0.99861750000000005       -2.0437130000000005E-002   1.9063225000000003E-002   0.0000000000000000        0.0000000000000000     
   470.00000000000000       0.99861750000000005       -2.0368082499999999E-002   1.8993637500000000E-002   0.0000000000000000        0.0000000000000000     
   471.00000000000006       0.99861750000000005       -2.0299035000000003E-002   1.8925600000000001E-002   0.0000000000000000        0.0000000000000000     
   472.00000000000000       0.99861750000000005       -2.0230762500000003E-002   1.8856832500000004E-002   0.0000000000000000        0.0000000000000000     
   473.00000000000000       0.99861750000000005       -2.0161737500000002E-002   1.8788840000000001E-002   0.0000000000000000        0.0000000000000000     
   474.00000000000000       0.99862525000000002       -2.0093509999999998E-002   1.8721644999999999E-002   0.0000000000000000        0.0000000000000000     
   475.00000000000000       0.99862525000000002       -2.0026079999999998E-002   1.8654472500000002E-002   0.0000000000000000        0.0000000000000000     
   476.00000000000006       0.99862525000000002       -1.9958649999999998E-002   1.8587300000000001E-002   0.0000000000000000        0.0000000000000000     
   477.00000000000000       0.99862525000000002       -1.9891242500000000E-002   1.8520947499999999E-002   0.0000000000000000        0.0000000000000000     
   478.00000000000000       0.99862525000000002       -1.9823835000000001E-002   1.8454595000000001E-002   0.0000000000000000        0.0000000000000000     
   479.00000000000000       0.99862525000000002       -1.9757225000000003E-002   1.8389062500000001E-002   0.0000000000000000        0.0000000000000000     
   480.00000000000000       0.99863299999999999       -1.9691412500000002E-002   1.8323530000000001E-002   0.0000000000000000        0.0000000000000000     
   481.00000000000006       0.99863299999999999       -1.9624825000000002E-002   1.8257997500000001E-002   0.0000000000000000        0.0000000000000000     
   482.00000000000000       0.99863299999999999       -1.9559034999999999E-002   1.8193285000000000E-002   0.0000000000000000        0.0000000000000000     
   483.00000000000000       0.99863299999999999       -1.9494042499999999E-002   1.8129347500000004E-002   0.0000000000000000        0.0000000000000000     
   484.00000000000000       0.99863299999999999       -1.9428275000000002E-002   1.8064680000000000E-002   0.0000000000000000        0.0000000000000000     
   485.00000000000000       0.99864074999999997       -1.9363282500000002E-002   1.8000787500000000E-002   0.0000000000000000        0.0000000000000000     
   486.00000000000006       0.99864074999999997       -1.9299109999999998E-002   1.7937669999999999E-002   0.0000000000000000        0.0000000000000000     
   487.00000000000000       0.99864074999999997       -1.9234162499999999E-002   1.7874597499999999E-002   0.0000000000000000        0.0000000000000000     
   488.00000000000000       0.99864074999999997       -1.9169990000000001E-002   1.7811525000000002E-002   0.0000000000000000        0.0000000000000000     
   489.00000000000000       0.99864074999999997       -1.9106615000000000E-002   1.7749250000000001E-002   0.0000000000000000        0.0000000000000000     
   490.00000000000000       0.99864850000000005       -1.9042487500000000E-002   1.7686997499999999E-002   0.0000000000000000        0.0000000000000000     
   491.00000000000006       0.99864850000000005       -1.8979135000000001E-002   1.7624745000000001E-002   0.0000000000000000        0.0000000000000000     
   492.00000000000000       0.99864850000000005       -1.8916580000000002E-002   1.7563312500000001E-002   0.0000000000000000        0.0000000000000000     
   493.00000000000000       0.99864850000000005       -1.8854047499999999E-002   1.7501880000000001E-002   0.0000000000000000        0.0000000000000000     
   494.00000000000000       0.99865625000000002       -1.8791515000000002E-002   1.7441245000000001E-002   0.0000000000000000        0.0000000000000000     
   495.00000000000000       0.99865625000000002       -1.8728982500000001E-002   1.7379835000000000E-002   0.0000000000000000        0.0000000000000000     
   496.00000000000006       0.99865625000000002       -1.8667270000000000E-002   1.7319997500000000E-002   0.0000000000000000        0.0000000000000000     
   497.00000000000000       0.99865625000000002       -1.8605534999999999E-002   1.7259407500000001E-002   0.0000000000000000        0.0000000000000000     
   498.00000000000000       0.99866400000000011       -1.8543845000000000E-002   1.7199615000000001E-002   0.0000000000000000        0.0000000000000000     
   499.00000000000000       0.99866400000000011       -1.8482930000000002E-002   1.7140597500000004E-002   0.0000000000000000        0.0000000000000000     
   500.00000000000000       0.99866400000000011       -1.8422015000000000E-002   1.7081625000000000E-002   0.0000000000000000        0.0000000000000000     
   501.00000000000006       0.99866400000000011       -1.8361122500000000E-002   1.7022630000000000E-002   0.0000000000000000        0.0000000000000000     
   502.00000000000000       0.99867175000000008       -1.8301027500000001E-002   1.6963680000000002E-002   0.0000000000000000        0.0000000000000000     
   503.00000000000000       0.99867175000000008       -1.8240932500000001E-002   1.6905505000000001E-002   0.0000000000000000        0.0000000000000000     
   504.00000000000000       0.99867175000000008       -1.8180837499999998E-002   1.6847352499999999E-002   0.0000000000000000        0.0000000000000000     
   505.00000000000000       0.99867950000000005       -1.8121562500000001E-002   1.6789997500000001E-002   0.0000000000000000        0.0000000000000000     
   506.00000000000006       0.99867950000000005       -1.8062265000000001E-002   1.6732642499999999E-002   0.0000000000000000        0.0000000000000000     
   507.00000000000000       0.99867950000000005       -1.8003012499999999E-002   1.6675310000000002E-002   0.0000000000000000        0.0000000000000000     
   508.00000000000000       0.99867950000000005       -1.7944535000000001E-002   1.6618000000000001E-002   0.0000000000000000        0.0000000000000000     
   509.00000000000000       0.99868725000000003       -1.7885282499999999E-002   1.6561465000000001E-002   0.0000000000000000        0.0000000000000000     
   510.00000000000000       0.99868725000000003       -1.7827602500000001E-002   1.6505727499999998E-002   0.0000000000000000        0.0000000000000000     
   511.00000000000006       0.99868725000000003       -1.7769147499999999E-002   1.6449237499999998E-002   0.0000000000000000        0.0000000000000000     
   512.00000000000000       0.99869500000000000       -1.7711490000000000E-002   1.6393522500000000E-002   0.0000000000000000        0.0000000000000000     
   513.00000000000000       0.99869500000000000       -1.7653855000000000E-002   1.6337829999999998E-002   0.0000000000000000        0.0000000000000000     
   514.00000000000000       0.99867249999999996       -1.7596219999999999E-002   1.6282935000000002E-002   0.0000000000000000        0.0000000000000000     
   515.00000000000000       0.99868025000000005       -1.7539360000000000E-002   1.6228039999999999E-002   0.0000000000000000        0.0000000000000000     
   516.00000000000000       0.99868025000000005       -1.7482522500000000E-002   1.6173167500000002E-002   0.0000000000000000        0.0000000000000000     
   517.00000000000000       0.99868025000000005       -1.7425707499999998E-002   1.6119092499999998E-002   0.0000000000000000        0.0000000000000000     
   518.00000000000000       0.99868800000000002       -1.7369667499999998E-002   1.6065017500000001E-002   0.0000000000000000        0.0000000000000000     
   519.00000000000000       0.99868800000000002       -1.7313650000000003E-002   1.6010964999999999E-002   0.0000000000000000        0.0000000000000000     
   520.00000000000000       0.99868800000000002       -1.7257632500000002E-002   1.5956912500000000E-002   0.0000000000000000        0.0000000000000000     
   521.00000000000000       0.99869574999999999       -1.7201615000000000E-002   1.5903657500000001E-002   0.0000000000000000        0.0000000000000000     
   522.00000000000000       0.99869574999999999       -1.7146395000000002E-002   1.5850425000000001E-002   0.0000000000000000        0.0000000000000000     
   523.00000000000000       0.99869574999999999       -1.7091197500000002E-002   1.5797967499999999E-002   0.0000000000000000        0.0000000000000000     
   524.00000000000000       0.99870349999999997       -1.7036775000000001E-002   1.5745532499999999E-002   0.0000000000000000        0.0000000000000000     
   525.00000000000000       0.99870349999999997       -1.6981599999999999E-002   1.5693120000000001E-002   0.0000000000000000        0.0000000000000000     
   526.00000000000000       0.99870349999999997       -1.6927200000000000E-002   1.5640707500000000E-002   0.0000000000000000        0.0000000000000000     
   527.00000000000000       0.99871124999999994       -1.6872800000000000E-002   1.5589092500000000E-002   0.0000000000000000        0.0000000000000000     
   528.00000000000000       0.99871124999999994       -1.6819197500000001E-002   1.5537477500000001E-002   0.0000000000000000        0.0000000000000000     
   529.00000000000000       0.99871124999999994       -1.6765617500000003E-002   1.5485885000000000E-002   0.0000000000000000        0.0000000000000000     
   530.00000000000000       0.99871900000000002       -1.6712037500000002E-002   1.5435067500000000E-002   0.0000000000000000        0.0000000000000000     
   531.00000000000000       0.99871900000000002       -1.6658457499999998E-002   1.5384295000000001E-002   0.0000000000000000        0.0000000000000000     
   532.00000000000000       0.99872675000000000       -1.6605675000000000E-002   1.5333500000000000E-002   0.0000000000000000        0.0000000000000000     
   533.00000000000000       0.99872675000000000       -1.6552117500000001E-002   1.5282750000000001E-002   0.0000000000000000        0.0000000000000000     
   534.00000000000000       0.99872675000000000       -1.6500132500000000E-002   1.5232752500000000E-002   0.0000000000000000        0.0000000000000000     
   535.00000000000000       0.99873449999999997       -1.6447395000000004E-002   1.5182800000000002E-002   0.0000000000000000        0.0000000000000000     
   536.00000000000000       0.99873449999999997       -1.6395409999999999E-002   1.5133622499999999E-002   0.0000000000000000        0.0000000000000000     
   537.00000000000000       0.99873449999999997       -1.6343470000000002E-002   1.5083670000000002E-002   0.0000000000000000        0.0000000000000000     
   538.00000000000000       0.99874225000000005       -1.6291507500000000E-002   1.5034537500000000E-002   0.0000000000000000        0.0000000000000000     
   539.00000000000000       0.99874225000000005       -1.6239590000000002E-002   1.4986157500000000E-002   0.0000000000000000        0.0000000000000000     
   540.00000000000000       0.99874225000000005       -1.6188424999999999E-002   1.4937047500000000E-002   0.0000000000000000        0.0000000000000000     
   541.00000000000000       0.99874999999999992       -1.6137282500000003E-002   1.4888690000000000E-002   0.0000000000000000        0.0000000000000000     
   542.00000000000000       0.99874999999999992       -1.6086937500000002E-002   1.4840377500000000E-002   0.0000000000000000        0.0000000000000000     
   543.00000000000000       0.99875775000000000       -1.6035817500000001E-002   1.4792840000000002E-002   0.0000000000000000        0.0000000000000000     
   544.00000000000000       0.99875775000000000       -1.5985472500000000E-002   1.4744527500000000E-002   0.0000000000000000        0.0000000000000000     
   545.00000000000000       0.99875775000000000       -1.5935150000000002E-002   1.4697012500000000E-002   0.0000000000000000        0.0000000000000000     
   546.00000000000000       0.99876549999999997       -1.5885625000000000E-002   1.4649519999999999E-002   0.0000000000000000        0.0000000000000000     
   547.00000000000000       0.99876549999999997       -1.5835302499999999E-002   1.4602802500000001E-002   0.0000000000000000        0.0000000000000000     
   548.00000000000000       0.99877325000000006       -1.5785799999999999E-002   1.4555310000000002E-002   0.0000000000000000        0.0000000000000000     
   549.00000000000000       0.99877325000000006       -1.5736275000000001E-002   1.4508615000000001E-002   0.0000000000000000        0.0000000000000000     
   550.00000000000000       0.99877325000000006       -1.5687547500000003E-002   1.4462717500000000E-002   0.0000000000000000        0.0000000000000000     
