   1.0000000000000000        7.2709650999999997        6.1746787000000003        9.6285829000000003E-002   0.0000000000000000        0.0000000000000000     
   2.0000000000000000        3.7885886000000002        2.7381053000000000        5.0530504999999996E-002   0.0000000000000000        0.0000000000000000     
   3.0000000000000000        2.7731296000000003        1.7360554000000001        3.7015497000000001E-002   0.0000000000000000        0.0000000000000000     
   4.0000000000000000        2.3140105000000002        1.2831762000000000        3.0891641200000004E-002   0.0000000000000000        0.0000000000000000     
   5.0000000000000000        2.0570190999999998        1.0295570200000002        2.7465044899999999E-002   0.0000000000000000        0.0000000000000000     
   6.0000000000000000        1.8936650000000004       0.86838987000000001        2.5292069599999998E-002   0.0000000000000000        0.0000000000000000     
   7.0000000000000000        1.7813735000000002       0.75755591000000000        2.3796089200000002E-002   0.0000000000000000        0.0000000000000000     
   8.0000000000000000        1.6993285000000000       0.67662944000000003        2.2705966400000003E-002   0.0000000000000000        0.0000000000000000     
   9.0000000000000000        1.6367703000000002       0.61492065000000007        2.1875530400000003E-002   0.0000000000000000        0.0000000000000000     
   10.000000000000000        1.5875022000000001       0.56629013000000006        2.1222897300000002E-002   0.0000000000000000        0.0000000000000000     
   11.000000000000000        1.5475949000000000       0.52691693000000006        2.0695792600000002E-002   0.0000000000000000        0.0000000000000000     
   12.000000000000000        1.5146158000000001       0.49434270000000002        2.0261190799999999E-002   0.0000000000000000        0.0000000000000000     
   13.000000000000000        1.4867997000000002       0.46688191000000001        1.9896157200000000E-002   0.0000000000000000        0.0000000000000000     
   14.000000000000000        1.4629813999999999       0.44341511000000006        1.9585623000000003E-002   0.0000000000000000        0.0000000000000000     
   15.000000000000000        1.4423935000000001       0.42306959000000000        1.9317373600000003E-002   0.0000000000000000        0.0000000000000000     
   16.000000000000000        1.4243371000000000       0.40523578999999998        1.9082913800000004E-002   0.0000000000000000        0.0000000000000000     
   17.000000000000000        1.4082796000000002       0.38944067000000004        1.8877063400000001E-002   0.0000000000000000        0.0000000000000000     
   18.000000000000000        1.3940210000000000       0.37532445000000003        1.8693484700000002E-002   0.0000000000000000        0.0000000000000000     
   19.000000000000000        1.3811613000000000       0.36260071999999999        1.8529952800000003E-002   0.0000000000000000        0.0000000000000000     
   20.000000000000000        1.3694342000000002       0.35105622000000003        1.8382186400000000E-002   0.0000000000000000        0.0000000000000000     
   21.000000000000000        1.3587397000000001       0.34051780000000004        1.8247432399999999E-002   0.0000000000000000        0.0000000000000000     
   22.000000000000000        1.3489778000000001       0.33082557000000001        1.8125454900000001E-002   0.0000000000000000        0.0000000000000000     
   23.000000000000000        1.3398822000000001       0.32187290000000002        1.8012905200000002E-002   0.0000000000000000        0.0000000000000000     
   24.000000000000000        1.3314528999999999       0.31355990000000000        1.7909614799999998E-002   0.0000000000000000        0.0000000000000000     
   25.000000000000000        1.3236236000000001       0.30580331000000005        1.7813527300000000E-002   0.0000000000000000        0.0000000000000000     
   26.000000000000000        1.3162606000000001       0.29853976000000004        1.7724575300000003E-002   0.0000000000000000        0.0000000000000000     
   27.000000000000000        1.3093639000000001       0.29171609999999998        1.7641399100000000E-002   0.0000000000000000        0.0000000000000000     
   28.000000000000000        1.3028335000000002       0.28526896000000002        1.7563931299999998E-002   0.0000000000000000        0.0000000000000000     
   29.000000000000000        1.2966368000000001       0.27916171000000001        1.7490778500000002E-002   0.0000000000000000        0.0000000000000000     
   30.000000000000000        1.2908064000000001       0.27337109000000004        1.7421907000000000E-002   0.0000000000000000        0.0000000000000000     
   31.000000000000000        1.2851760000000003       0.26784710000000000        1.7356653800000003E-002   0.0000000000000000        0.0000000000000000     
   32.000000000000000        1.2798456000000000       0.26257974000000001        1.7294951499999999E-002   0.0000000000000000        0.0000000000000000     
   33.000000000000000        1.2747815000000000       0.25753575000000001        1.7236170799999999E-002   0.0000000000000000        0.0000000000000000     
   34.000000000000000        1.2698848000000003       0.25270176000000000        1.7180210600000002E-002   0.0000000000000000        0.0000000000000000     
   35.000000000000000        1.2651544000000001       0.24804552099999999        1.7126441600000000E-002   0.0000000000000000        0.0000000000000000     
   36.000000000000000        1.2606240000000002       0.24357197799999999        1.7074830100000001E-002   0.0000000000000000        0.0000000000000000     
   37.000000000000000        1.2562936000000000       0.23924921900000001        1.7026005400000002E-002   0.0000000000000000        0.0000000000000000     
   38.000000000000000        1.2520306000000001       0.23507454799999999        1.6978675200000001E-002   0.0000000000000000        0.0000000000000000     
   39.000000000000000        1.2480002000000001       0.23103066100000000        1.6932805800000002E-002   0.0000000000000000        0.0000000000000000     
   40.000000000000000        1.2440035000000000       0.22711587300000000        1.6889026500000001E-002   0.0000000000000000        0.0000000000000000     
   41.000000000000000        1.2401405000000001       0.22331355400000003        1.6846011300000002E-002   0.0000000000000000        0.0000000000000000     
   42.000000000000000        1.2364112000000000       0.21962201900000000        1.6804423200000002E-002   0.0000000000000000        0.0000000000000000     
   43.000000000000000        1.2328145000000001       0.21603227899999999        1.6764262200000001E-002   0.0000000000000000        0.0000000000000000     
   44.000000000000000        1.2292852000000001       0.21253601899999999        1.6725494599999998E-002   0.0000000000000000        0.0000000000000000     
   45.000000000000000        1.2257895999999999       0.20912492400000002        1.6687491100000000E-002   0.0000000000000000        0.0000000000000000     
   46.000000000000000        1.2224603000000001       0.20579730900000001        1.6650218000000001E-002   0.0000000000000000        0.0000000000000000     
   47.000000000000000        1.2191647000000001       0.20255182600000002        1.6614338300000003E-002   0.0000000000000000        0.0000000000000000     
   48.000000000000000        1.2159691000000001       0.19937319300000000        1.6578492300000001E-002   0.0000000000000000        0.0000000000000000     
   49.000000000000000        1.2128072000000001       0.19626770300000002        1.6544039700000002E-002   0.0000000000000000        0.0000000000000000     
   50.000000000000000        1.2097453000000000       0.19322670400000003        1.6509654500000002E-002   0.0000000000000000        0.0000000000000000     
   51.000000000000000        1.2067171000000001       0.19024918500000002        1.6476629000000000E-002   0.0000000000000000        0.0000000000000000     
   52.000000000000000        1.2037552000000000       0.18733413500000001        1.6443637200000003E-002   0.0000000000000000        0.0000000000000000     
   53.000000000000000        1.2008607000000000       0.18447391299999999        1.6411342100000000E-002   0.0000000000000000        0.0000000000000000     
   54.000000000000000        1.1980325000000001       0.18166717099999999        1.6379114400000002E-002   0.0000000000000000        0.0000000000000000     
   55.000000000000000        1.1952380000000002       0.17891323500000000        1.6348246400000002E-002   0.0000000000000000        0.0000000000000000     
   56.000000000000000        1.1925435000000002       0.17620412700000002        1.6317378399999999E-002   0.0000000000000000        0.0000000000000000     
   57.000000000000000        1.1898164000000000       0.17353917300000002        1.6286544100000001E-002   0.0000000000000000        0.0000000000000000     
   58.000000000000000        1.1871556000000001       0.17092432900000001        1.6256440200000000E-002   0.0000000000000000        0.0000000000000000     
   59.000000000000007        1.1845947999999999       0.16835161700000001        1.6226336300000001E-002   0.0000000000000000        0.0000000000000000     
   60.000000000000000        1.1820014000000003       0.16582002600000001        1.6196895400000001E-002   0.0000000000000000        0.0000000000000000     
   61.000000000000007        1.1794743000000001       0.16332955599999999        1.6167488200000000E-002   0.0000000000000000        0.0000000000000000     
   62.000000000000000        1.1770472000000001       0.16087852200000002        1.6138777700000002E-002   0.0000000000000000        0.0000000000000000     
   63.000000000000007        1.1745538000000000       0.15845995700000001        1.6110100900000004E-002   0.0000000000000000        0.0000000000000000     
   64.000000000000000        1.1721604000000001       0.15607981700000001        1.6081390399999999E-002   0.0000000000000000        0.0000000000000000     
   65.000000000000000        1.1698007000000001       0.15373046100000001        1.6052747300000003E-002   0.0000000000000000        0.0000000000000000     
   66.000000000000000        1.1674410000000002       0.15141784500000000        1.6024733499999999E-002   0.0000000000000000        0.0000000000000000     
   67.000000000000000        1.1651476000000001       0.14912803500000002        1.5996753400000001E-002   0.0000000000000000        0.0000000000000000     
   68.000000000000000        1.1628216000000002       0.14688024699999999        1.5968806999999998E-002   0.0000000000000000        0.0000000000000000     
   69.000000000000000        1.1605619000000000       0.14465391700000002        1.5940826900000003E-002   0.0000000000000000        0.0000000000000000     
   70.000000000000000        1.1584022000000000       0.14246163100000001        1.5913543500000002E-002   0.0000000000000000        0.0000000000000000     
   71.000000000000000        1.1561762000000000       0.14029642200000003        1.5885630800000002E-002   0.0000000000000000        0.0000000000000000     
   72.000000000000000        1.1540502000000001       0.13815727900000002        1.5858347400000000E-002   0.0000000000000000        0.0000000000000000     
   73.000000000000000        1.1518579000000002       0.13604386500000001        1.5831097700000001E-002   0.0000000000000000        0.0000000000000000     
   74.000000000000000        1.1497982000000000       0.13396213600000001        1.5803848000000002E-002   0.0000000000000000        0.0000000000000000     
   75.000000000000000        1.1476722000000001       0.13189815799999999        1.5776598300000003E-002   0.0000000000000000        0.0000000000000000     
   76.000000000000000        1.1455799000000002       0.12986485400000000        1.5750011600000002E-002   0.0000000000000000        0.0000000000000000     
   77.000000000000000        1.1435876000000000       0.12784862700000002        1.5722761900000000E-002   0.0000000000000000        0.0000000000000000     
   78.000000000000000        1.1415616000000002       0.12586240000000001        1.5695512200000001E-002   0.0000000000000000        0.0000000000000000     
   79.000000000000000        1.1395693000000000       0.12389819500000000        1.5668959200000002E-002   0.0000000000000000        0.0000000000000000     
   80.000000000000000        1.1375770000000001       0.12195668600000001        1.5641709500000003E-002   0.0000000000000000        0.0000000000000000     
   81.000000000000000        1.1356510000000000       0.12002989500000000        1.5615156500000003E-002   0.0000000000000000        0.0000000000000000     
   82.000000000000000        1.1336924000000002       0.11813108200000000        1.5587940500000000E-002   0.0000000000000000        0.0000000000000000     
   83.000000000000000        1.1318001000000000       0.11625328000000000        1.5561353800000000E-002   0.0000000000000000        0.0000000000000000     
   84.000000000000000        1.1299741000000001       0.11439615200000000        1.5534137800000000E-002   0.0000000000000000        0.0000000000000000     
   85.000000000000000        1.1280817999999999       0.11255936100000000        1.5507584800000002E-002   0.0000000000000000        0.0000000000000000     
   86.000000000000000        1.1261895000000000       0.11074886299999999        1.5480998100000001E-002   0.0000000000000000        0.0000000000000000     
   87.000000000000000        1.1243972000000000       0.10895106100000000        1.5453782099999999E-002   0.0000000000000000        0.0000000000000000     
   88.000000000000000        1.1226049000000000       0.10717292199999999        1.5427195400000001E-002   0.0000000000000000        0.0000000000000000     
   89.000000000000000        1.1208126000000000       0.10542006500000001        1.5399979400000001E-002   0.0000000000000000        0.0000000000000000     
   90.000000000000000        1.1190866000000002       0.10367923000000001        1.5373426400000001E-002   0.0000000000000000        0.0000000000000000     
   91.000000000000000        1.1172943000000002       0.10196367700000000        1.5346176700000002E-002   0.0000000000000000        0.0000000000000000     
   92.000000000000000        1.1155683000000001       0.10026623680000001        1.5319623700000000E-002   0.0000000000000000        0.0000000000000000     
   93.000000000000000        1.1138759999999999        9.8586673500000013E-002   1.5292373999999999E-002   0.0000000000000000        0.0000000000000000     
   94.000000000000000        1.1121500000000002        9.6924784900000005E-002   1.5265124300000000E-002   0.0000000000000000        0.0000000000000000     
   95.000000000000000        1.1105240000000001        9.5280368800000001E-002   1.5238571300000002E-002   0.0000000000000000        0.0000000000000000     
   96.000000000000000        1.1088317000000001        9.3659853000000001E-002   1.5211321600000001E-002   0.0000000000000000        0.0000000000000000     
   97.000000000000000        1.1072057000000000        9.2049809000000024E-002   1.5184071900000000E-002   0.0000000000000000        0.0000000000000000     
   98.000000000000000        1.1055797000000001        9.0463294600000008E-002   1.5157485199999999E-002   0.0000000000000000        0.0000000000000000     
   99.000000000000000        1.1040537000000001        8.8893511300000005E-002   1.5130235500000000E-002   0.0000000000000000        0.0000000000000000     
   100.00000000000000        1.1024277000000000        8.7346886900000004E-002   1.5102985800000000E-002   0.0000000000000000        0.0000000000000000     
   101.00000000000000        1.1008680000000002        8.5810060300000005E-002   1.5075736100000001E-002   0.0000000000000000        0.0000000000000000     
   102.00000000000000        1.0993420000000000        8.4296123000000001E-002   1.5048452700000001E-002   0.0000000000000000        0.0000000000000000     
   103.00000000000000        1.0977823000000000        8.2798343900000002E-002   1.5021203000000000E-002   0.0000000000000000        0.0000000000000000     
   104.00000000000000        1.0963226000000001        8.1316520800000000E-002   1.4993256599999999E-002   0.0000000000000000        0.0000000000000000     
   105.00000000000001        1.0947966000000000        7.9857182600000007E-002   1.4966006900000000E-002   0.0000000000000000        0.0000000000000000     
   106.00000000000000        1.0933368999999999        7.8413598200000004E-002   1.4938723499999999E-002   0.0000000000000000        0.0000000000000000     
   107.00000000000000        1.0919435000000000        7.6985666500000008E-002   1.4911440099999999E-002   0.0000000000000000        0.0000000000000000     
   108.00000000000000        1.0904838000000001        7.5573286399999995E-002   1.4883493700000000E-002   0.0000000000000000        0.0000000000000000     
   109.00000000000001        1.0890241000000001        7.4182953100000004E-002   1.4856210300000000E-002   0.0000000000000000        0.0000000000000000     
   110.00000000000000        1.0876307000000001        7.2807969200000017E-002   1.4828230200000000E-002   0.0000000000000000        0.0000000000000000     
   111.00000000000000        1.0862373000000001        7.1448199900000009E-002   1.4800283800000001E-002   0.0000000000000000        0.0000000000000000     
   112.00000000000000        1.0849101999999999        7.0103645200000009E-002   1.4773000400000002E-002   0.0000000000000000        0.0000000000000000     
   113.00000000000000        1.0835167999999999        6.8780766600000001E-002   1.4745020300000002E-002   0.0000000000000000        0.0000000000000000     
   114.00000000000000        1.0822233999999999        6.7475586099999998E-002   1.4717040200000000E-002   0.0000000000000000        0.0000000000000000     
   115.00000000000000        1.0808963000000000        6.6185316899999999E-002   1.4689060100000002E-002   0.0000000000000000        0.0000000000000000     
   116.00000000000000        1.0795692000000001        6.4911947999999997E-002   1.4661080000000000E-002   0.0000000000000000        0.0000000000000000     
   117.00000000000000        1.0782758000000001        6.3655344599999997E-002   1.4633099900000000E-002   0.0000000000000000        0.0000000000000000     
   118.00000000000001        1.0770150000000003        6.2415472999999999E-002   1.4604456800000000E-002   0.0000000000000000        0.0000000000000000     
   119.00000000000000        1.0757879000000001        6.1192299500000005E-002   1.4576476700000000E-002   0.0000000000000000        0.0000000000000000     
   120.00000000000000        1.0745271000000001        5.9985722999999998E-002   1.4548462900000000E-002   0.0000000000000000        0.0000000000000000     
   121.00000000000000        1.0733000000000001        5.8795743500000011E-002   1.4519819800000002E-002   0.0000000000000000        0.0000000000000000     
   122.00000000000001        1.0721392000000001        5.7621596900000009E-002   1.4491806000000001E-002   0.0000000000000000        0.0000000000000000     
   123.00000000000000        1.0709447000000001        5.6464609200000009E-002   1.4463129200000001E-002   0.0000000000000000        0.0000000000000000     
   124.00000000000000        1.0697839000000000        5.5323386999999995E-002   1.4435115400000000E-002   0.0000000000000000        0.0000000000000000     
   125.00000000000000        1.0686231000000002        5.4198525900000002E-002   1.4406438600000002E-002   0.0000000000000000        0.0000000000000000     
   126.00000000000001        1.0674623000000001        5.3089362900000006E-002   1.4377761800000000E-002   0.0000000000000000        0.0000000000000000     
   127.00000000000000        1.0663341000000002        5.1996493600000006E-002   1.4349051300000000E-002   0.0000000000000000        0.0000000000000000     
   128.00000000000000        1.0652396000000000        5.0919255000000010E-002   1.4320374500000002E-002   0.0000000000000000        0.0000000000000000     
   129.00000000000000        1.0641451000000002        4.9858209000000007E-002   1.4291663999999999E-002   0.0000000000000000        0.0000000000000000     
   130.00000000000000        1.0630506000000000        4.8812726300000005E-002   1.4262953500000002E-002   0.0000000000000000        0.0000000000000000     
   131.00000000000000        1.0620224000000000        4.7782739500000004E-002   1.4234276700000000E-002   0.0000000000000000        0.0000000000000000     
   132.00000000000000        1.0609942000000001        4.6768248599999999E-002   1.4205566200000000E-002   0.0000000000000000        0.0000000000000000     
   133.00000000000000        1.0599660000000002        4.5769152500000000E-002   1.4176192700000001E-002   0.0000000000000000        0.0000000000000000     
   134.00000000000000        1.0589378000000003        4.4785518600000004E-002   1.4147448500000000E-002   0.0000000000000000        0.0000000000000000     
   135.00000000000000        1.0579096000000001        4.3816582800000003E-002   1.4118075000000001E-002   0.0000000000000000        0.0000000000000000     
   136.00000000000000        1.0569477000000000        4.2863008100000002E-002   1.4089364500000002E-002   0.0000000000000000        0.0000000000000000     
   137.00000000000000        1.0559858000000002        4.1924794500000001E-002   1.4059957299999998E-002   0.0000000000000000        0.0000000000000000     
   138.00000000000000        1.0550239000000001        4.1000548600000006E-002   1.4031246800000001E-002   0.0000000000000000        0.0000000000000000     
   139.00000000000000        1.0540620000000001        4.0091596400000006E-002   1.4001839600000000E-002   0.0000000000000000        0.0000000000000000     
   140.00000000000000        1.0532001000000000        3.9196578200000005E-002   1.3972432400000002E-002   0.0000000000000000        0.0000000000000000     
   141.00000000000000        1.0522382000000001        3.8316820000000001E-002   1.3943025200000000E-002   0.0000000000000000        0.0000000000000000     
   142.00000000000000        1.0513426000000001        3.7450962099999999E-002   1.3913618000000001E-002   0.0000000000000000        0.0000000000000000     
   143.00000000000000        1.0504470000000001        3.6599004499999997E-002   1.3884210800000000E-002   0.0000000000000000        0.0000000000000000     
   144.00000000000000        1.0496177000000002        3.5760879799999999E-002   1.3854803600000002E-002   0.0000000000000000        0.0000000000000000     
   145.00000000000000        1.0487557999999999        3.4937284700000001E-002   1.3825362700000001E-002   0.0000000000000000        0.0000000000000000     
   146.00000000000000        1.0479265000000000        3.4127522500000000E-002   1.3795955500000002E-002   0.0000000000000000        0.0000000000000000     
   147.00000000000000        1.0470972000000001        3.3330896499999998E-002   1.3766514600000000E-002   0.0000000000000000        0.0000000000000000     
   148.00000000000000        1.0462679000000001        3.2548069700000001E-002   1.3736444400000001E-002   0.0000000000000000        0.0000000000000000     
   149.00000000000000        1.0454723000000001        3.1778345399999998E-002   1.3707003500000000E-002   0.0000000000000000        0.0000000000000000     
   150.00000000000000        1.0447093000000001        3.1022386600000000E-002   1.3676899600000000E-002   0.0000000000000000        0.0000000000000000     
   151.00000000000000        1.0438800000000001        3.0278867300000005E-002   1.3647458700000000E-002   0.0000000000000000        0.0000000000000000     
   152.00000000000000        1.0431507000000000        2.9548416800000001E-002   1.3618017800000000E-002   0.0000000000000000        0.0000000000000000     
   153.00000000000000        1.0423877000000001        2.8830385580000003E-002   1.3587913900000000E-002   0.0000000000000000        0.0000000000000000     
   154.00000000000000        1.0417247000000001        2.8125389460000001E-002   1.3557810000000000E-002   0.0000000000000000        0.0000000000000000     
   155.00000000000000        1.0409617000000000        2.7433428440000004E-002   1.3528369100000000E-002   0.0000000000000000        0.0000000000000000     
   156.00000000000000        1.0402650000000002        2.6753166410000001E-002   1.3498231500000001E-002   0.0000000000000000        0.0000000000000000     
   157.00000000000000        1.0395357000000001        2.6084593260000000E-002   1.3468127600000001E-002   0.0000000000000000        0.0000000000000000     
   158.00000000000000        1.0388390000000001        2.5428358510000002E-002   1.3438023699999999E-002   0.0000000000000000        0.0000000000000000     
   159.00000000000000        1.0381760000000000        2.4784452049999999E-002   1.3407886099999999E-002   0.0000000000000000        0.0000000000000000     
   160.00000000000000        1.0375456000000001        2.4152197400000002E-002   1.3378411500000000E-002   0.0000000000000000        0.0000000000000000     
   161.00000000000000        1.0368826000000002        2.3530928190000001E-002   1.3348307600000000E-002   0.0000000000000000        0.0000000000000000     
   162.00000000000000        1.0362522000000001        2.2921290570000002E-002   1.3318170000000002E-002   0.0000000000000000        0.0000000000000000     
   163.00000000000000        1.0356218000000001        2.2323281170000004E-002   1.3288032400000002E-002   0.0000000000000000        0.0000000000000000     
   164.00000000000000        1.0350250999999999        2.1736223510000003E-002   1.3257894800000000E-002   0.0000000000000000        0.0000000000000000     
   165.00000000000000        1.0343947000000000        2.1159451220000000E-002   1.3227094200000001E-002   0.0000000000000000        0.0000000000000000     
   166.00000000000000        1.0337980000000000        2.0594273450000002E-002   1.3196956600000000E-002   0.0000000000000000        0.0000000000000000     
   167.00000000000000        1.0331676000000001        2.0039364200000000E-002   1.3166819000000000E-002   0.0000000000000000        0.0000000000000000     
   168.00000000000000        1.0326372000000001        1.9494709990000001E-002   1.3136681399999999E-002   0.0000000000000000        0.0000000000000000     
   169.00000000000000        1.0321068000000000        1.8960970450000000E-002   1.3106543800000002E-002   0.0000000000000000        0.0000000000000000     
   170.00000000000000        1.0315427000000001        1.8436806100000001E-002   1.3076406200000001E-002   0.0000000000000000        0.0000000000000000     
   171.00000000000000        1.0310123000000000        1.7923542939999999E-002   1.3045605600000001E-002   0.0000000000000000        0.0000000000000000     
   172.00000000000000        1.0304482000000001        1.7419178489999999E-002   1.3015468000000001E-002   0.0000000000000000        0.0000000000000000     
   173.00000000000000        1.0299178000000000        1.6925034368999999E-002   1.2985296699999999E-002   0.0000000000000000        0.0000000000000000     
   174.00000000000000        1.0293536999999999        1.6440441848000000E-002   1.2954496100000002E-002   0.0000000000000000        0.0000000000000000     
   175.00000000000000        1.0288896000000001        1.5965393614100001E-002   1.2924324800000001E-002   0.0000000000000000        0.0000000000000000     
   176.00000000000000        1.0284255000000000        1.5499220635000002E-002   1.2893524200000001E-002   0.0000000000000000        0.0000000000000000     
   177.00000000000000        1.0279277000000000        1.5041916811000000E-002   1.2863386599999999E-002   0.0000000000000000        0.0000000000000000     
   178.00000000000000        1.0274635999999999        1.4594138974999999E-002   1.2833215299999999E-002   0.0000000000000000        0.0000000000000000     
   179.00000000000000        1.0269657999999999        1.4155220420000001E-002   1.2802414700000002E-002   0.0000000000000000        0.0000000000000000     
   180.00000000000000        1.0265016999999999        1.3725151710000001E-002   1.2772243400000001E-002   0.0000000000000000        0.0000000000000000     
   181.00000000000000        1.0260376000000000        1.3303264790000000E-002   1.2741409100000000E-002   0.0000000000000000        0.0000000000000000     
   182.00000000000000        1.0256061000000001        1.2889559660000001E-002   1.2711271499999999E-002   0.0000000000000000        0.0000000000000000     
   183.00000000000000        1.0251420000000000        1.2484689210000000E-002   1.2680437200000002E-002   0.0000000000000000        0.0000000000000000     
   184.00000000000000        1.0247442000000000        1.2087324070000001E-002   1.2650299600000000E-002   0.0000000000000000        0.0000000000000000     
   185.00000000000000        1.0243127000000001        1.1698120500000001E-002   1.2619465300000000E-002   0.0000000000000000        0.0000000000000000     
   186.00000000000000        1.0239149000000001        1.1317078500000001E-002   1.2588631000000001E-002   0.0000000000000000        0.0000000000000000     
   187.00000000000000        1.0235171000000001        1.0943524960000001E-002   1.2558493400000001E-002   0.0000000000000000        0.0000000000000000     
   188.00000000000000        1.0230856000000002        1.0577459880000001E-002   1.2527659100000000E-002   0.0000000000000000        0.0000000000000000     
   189.00000000000000        1.0226877999999999        1.0218876520000000E-002   1.2497487800000000E-002   0.0000000000000000        0.0000000000000000     
   190.00000000000000        1.0223563000000000        9.8671085100000000E-003   1.2466687200000002E-002   0.0000000000000000        0.0000000000000000     
   191.00000000000000        1.0219248000000001        9.5234784800000017E-003   1.2436515900000000E-002   0.0000000000000000        0.0000000000000000     
   192.00000000000000        1.0215933000000001        9.1859940600000009E-003   1.2405681599999999E-002   0.0000000000000000        0.0000000000000000     
   193.00000000000000        1.0212618000000000        8.8559711400000001E-003   1.2374847300000002E-002   0.0000000000000000        0.0000000000000000     
   194.00000000000000        1.0208966000000002        8.5327500900000009E-003   1.2344709700000001E-002   0.0000000000000000        0.0000000000000000     
   195.00000000000000        1.0204988000000002        8.2156645399999988E-003   1.2313875400000000E-002   0.0000000000000000        0.0000000000000000     
   196.00000000000000        1.0201673000000002        7.9053673800000002E-003   1.2283704099999999E-002   0.0000000000000000        0.0000000000000000     
   197.00000000000003        1.0199020999999999        7.6018619800000001E-003   1.2252903500000002E-002   0.0000000000000000        0.0000000000000000     
   198.00000000000000        1.0195369000000001        7.3038122299999998E-003   1.2222732200000003E-002   0.0000000000000000        0.0000000000000000     
   199.00000000000000        1.0192054000000002        7.0125475000000015E-003   1.2191897900000002E-002   0.0000000000000000        0.0000000000000000     
   200.00000000000000        1.0188739000000000        6.7273980500000006E-003   1.2161760299999999E-002   0.0000000000000000        0.0000000000000000     
   201.00000000000000        1.0185750000000000        6.4476975100000002E-003   1.2130926000000002E-002   0.0000000000000000        0.0000000000000000     
   202.00000000000000        1.0182435000000001        6.1742414799999994E-003   1.2100091700000001E-002   0.0000000000000000        0.0000000000000000     
   203.00000000000000        1.0179783000000002        5.9063602200000002E-003   1.2069954100000000E-002   0.0000000000000000        0.0000000000000000     
   204.00000000000000        1.0177131000000001        5.6439874300000005E-003   1.2039119799999999E-002   0.0000000000000000        0.0000000000000000     
   205.00000000000003        1.0174142000000002        5.3871826699999998E-003   1.2008982200000001E-002   0.0000000000000000        0.0000000000000000     
   206.00000000000000        1.0170827000000000        5.1357470400000002E-003   1.1978810900000001E-002   0.0000000000000000        0.0000000000000000     
   207.00000000000000        1.0168175000000002        4.8895479400000007E-003   1.1948010300000001E-002   0.0000000000000000        0.0000000000000000     
   208.00000000000000        1.0165523000000001        4.6485089600000005E-003   1.1917839000000001E-002   0.0000000000000000        0.0000000000000000     
   209.00000000000000        1.0162534000000001        4.4125705399999998E-003   1.1887038400000001E-002   0.0000000000000000        0.0000000000000000     
   210.00000000000003        1.0160545000000001        4.1815236700000011E-003   1.1856867100000001E-002   0.0000000000000000        0.0000000000000000     
   211.00000000000000        1.0157893000000000        3.9553683500000002E-003   1.1826066499999999E-002   0.0000000000000000        0.0000000000000000     
   212.00000000000000        1.0155241000000002        3.7340349100000001E-003   1.1795928900000001E-002   0.0000000000000000        0.0000000000000000     
   213.00000000000000        1.0153252000000001        3.5173278200000000E-003   1.1765757600000001E-002   0.0000000000000000        0.0000000000000000     
   214.00000000000000        1.0150263000000002        3.3051706700000000E-003   1.1734957000000001E-002   0.0000000000000000        0.0000000000000000     
   215.00000000000000        1.0148274000000002        3.0975005300000005E-003   1.1704819400000002E-002   0.0000000000000000        0.0000000000000000     
   216.00000000000000        1.0145622000000001        2.8942443600000001E-003   1.1674681800000001E-002   0.0000000000000000        0.0000000000000000     
   217.00000000000000        1.0143633000000001        2.6952729300000000E-003   1.1644544200000001E-002   0.0000000000000000        0.0000000000000000     
   218.00000000000003        1.0140981000000000        2.5005131999999998E-003   1.1614406600000000E-002   0.0000000000000000        0.0000000000000000     
   219.00000000000000        1.0138655000000001        2.3098325699999998E-003   1.1583606000000001E-002   0.0000000000000000        0.0000000000000000     
   220.00000000000000        1.0136666000000001        2.1232276700000005E-003   1.1553468400000001E-002   0.0000000000000000        0.0000000000000000     
   221.00000000000000        1.0134677000000001        1.9405659000000001E-003   1.1523330800000002E-002   0.0000000000000000        0.0000000000000000     
   222.00000000000000        1.0132688000000001        1.7617775900000000E-003   1.1493193200000001E-002   0.0000000000000000        0.0000000000000000     
   223.00000000000003        1.0130699000000001        1.5867896999999999E-003   1.1463055600000001E-002   0.0000000000000000        0.0000000000000000     
   224.00000000000000        1.0128373000000002        1.4155393000000000E-003   1.1432918000000000E-002   0.0000000000000000        0.0000000000000000     
   225.00000000000000        1.0126384000000002        1.2479039000000002E-003   1.1402814100000000E-002   0.0000000000000000        0.0000000000000000     
   226.00000000000000        1.0124395000000002        1.0838172000000002E-003   1.1372676500000001E-002   0.0000000000000000        0.0000000000000000     
   227.00000000000000        1.0122406000000002        9.2324550000000001E-004   1.1342538899999999E-002   0.0000000000000000        0.0000000000000000     
   228.00000000000000        1.0121080000000000        7.6605620000000005E-004   1.1312434999999999E-002   0.0000000000000000        0.0000000000000000     
   229.00000000000000        1.0119091000000000        6.1221669999999998E-004   1.1282960400000000E-002   0.0000000000000000        0.0000000000000000     
   230.00000000000000        1.0116765000000001        4.6169330000000005E-004   1.1252856500000000E-002   0.0000000000000000        0.0000000000000000     
   231.00000000000003        1.0115438999999999        3.1432079999999988E-004   1.1222752600000002E-002   0.0000000000000000        0.0000000000000000     
   232.00000000000000        1.0113450000000002        1.7008539000000001E-004   1.1193278000000001E-002   0.0000000000000000        0.0000000000000000     
   233.00000000000000        1.0112124000000000        2.8920770000000055E-005   1.1163174099999999E-002   0.0000000000000000        0.0000000000000000     
   234.00000000000000        1.0110135000000000       -1.0921891999999997E-004   1.1133070200000001E-002   0.0000000000000000        0.0000000000000000     
   235.00000000000000        1.0108809000000001       -2.4441379000000006E-004   1.1103629300000001E-002   0.0000000000000000        0.0000000000000000     
   236.00000000000003        1.0107146000000000       -3.7677511100000003E-004   1.1073525400000001E-002   0.0000000000000000        0.0000000000000000     
   237.00000000000000        1.0105157000000000       -5.0628786000000005E-004   1.1044084500000001E-002   0.0000000000000000        0.0000000000000000     
   238.00000000000000        1.0103831000000001       -6.3303944000000004E-004   1.1013980600000001E-002   0.0000000000000000        0.0000000000000000     
   239.00000000000003        1.0102505000000002       -7.5705781000000002E-004   1.0984573400000001E-002   0.0000000000000000        0.0000000000000000     
   240.00000000000000        1.0100516000000002       -8.7846341000000000E-004   1.0955132500000001E-002   0.0000000000000000        0.0000000000000000     
   241.00000000000000        1.0099190000000000       -9.9728220999999997E-004   1.0925028600000001E-002   0.0000000000000000        0.0000000000000000     
   242.00000000000000        1.0097864000000001       -1.1136004000000001E-003   1.0895621400000001E-002   0.0000000000000000        0.0000000000000000     
   243.00000000000000        1.0096201000000002       -1.2274119000000002E-003   1.0866214200000000E-002   0.0000000000000000        0.0000000000000000     
   244.00000000000003        1.0094875000000001       -1.3387355000000001E-003   1.0836773300000000E-002   0.0000000000000000        0.0000000000000000     
   245.00000000000000        1.0093549000000002       -1.4477375000000001E-003   1.0807366100000000E-002   0.0000000000000000        0.0000000000000000     
   246.00000000000000        1.0092223000000002       -1.5544516000000001E-003   1.0777958900000001E-002   0.0000000000000000        0.0000000000000000     
   247.00000000000000        1.0090897000000001       -1.6588440999999998E-003   1.0748551700000001E-002   0.0000000000000000        0.0000000000000000     
   248.00000000000000        1.0089570999999999       -1.7609813000000001E-003   1.0719144500000000E-002   0.0000000000000000        0.0000000000000000     
   249.00000000000003        1.0088245000000000       -1.8609632000000001E-003   1.0689737300000000E-002   0.0000000000000000        0.0000000000000000     
   250.00000000000000        1.0086582000000002       -1.9588224000000000E-003   1.0660993100000000E-002   0.0000000000000000        0.0000000000000000     
   251.00000000000000        1.0085919000000001       -2.0545589000000005E-003   1.0631619599999999E-002   0.0000000000000000        0.0000000000000000     
   252.00000000000003        1.0084593000000002       -2.1482727000000004E-003   1.0602212400000002E-002   0.0000000000000000        0.0000000000000000     
   253.00000000000000        1.0083267000000000       -2.2399301000000003E-003   1.0573468200000002E-002   0.0000000000000000        0.0000000000000000     
   254.00000000000000        1.0081941000000001       -2.3296974000000001E-003   1.0544094700000001E-002   0.0000000000000000        0.0000000000000000     
   255.00000000000000        1.0081278000000002       -2.4175409000000000E-003   1.0515384200000000E-002   0.0000000000000000        0.0000000000000000     
   256.00000000000000        1.0079952000000001       -2.5033943000000000E-003   1.0486010700000001E-002   0.0000000000000000        0.0000000000000000     
   257.00000000000000        1.0078626000000002       -2.5875239000000003E-003   1.0457266500000000E-002   0.0000000000000000        0.0000000000000000     
   258.00000000000000        1.0077626000000000       -2.6697622999999997E-003   1.0428589699999999E-002   0.0000000000000000        0.0000000000000000     
   259.00000000000000        1.0076299999999998       -2.7503432000000002E-003   1.0399216200000002E-002   0.0000000000000000        0.0000000000000000     
   260.00000000000000        1.0075637000000000       -2.8290666000000001E-003   1.0370505700000001E-002   0.0000000000000000        0.0000000000000000     
   261.00000000000000        1.0074311000000000       -2.9061314000000003E-003   1.0341795200000000E-002   0.0000000000000000        0.0000000000000000     
   262.00000000000000        1.0072985000000001       -2.9816050000000005E-003   1.0313118400000000E-002   0.0000000000000000        0.0000000000000000     
   263.00000000000000        1.0072322000000000       -3.0554200000000001E-003   1.0284407900000000E-002   0.0000000000000000        0.0000000000000000     
   264.00000000000000        1.0071658999999999       -3.1275764000000001E-003   1.0255731100000000E-002   0.0000000000000000        0.0000000000000000     
   265.00000000000000        1.0070333000000000       -3.1982741999999997E-003   1.0227020600000001E-002   0.0000000000000000        0.0000000000000000     
   266.00000000000000        1.0069669999999999       -3.2673797000000002E-003   1.0199006800000000E-002   0.0000000000000000        0.0000000000000000     
   267.00000000000000        1.0068344000000000       -3.3349929000000000E-003   1.0170330000000000E-002   0.0000000000000000        0.0000000000000000     
   268.00000000000000        1.0067344000000000       -3.4011138000000006E-003   1.0141653200000001E-002   0.0000000000000000        0.0000000000000000     
   269.00000000000000        1.0066681000000002       -3.4658413000000000E-003   1.0113673100000001E-002   0.0000000000000000        0.0000000000000000     
   270.00000000000000        1.0065355000000000       -3.5291764999999999E-003   1.0084996299999999E-002   0.0000000000000000        0.0000000000000000     
   271.00000000000000        1.0064692000000002       -3.5910520000000000E-003   1.0056982500000002E-002   0.0000000000000000        0.0000000000000000     
   272.00000000000000        1.0064029000000001       -3.6516341000000004E-003   1.0029002400000001E-002   0.0000000000000000        0.0000000000000000     
   273.00000000000000        1.0062703000000000       -3.7108565000000000E-003   1.0000325600000000E-002   0.0000000000000000        0.0000000000000000     
   274.00000000000000        1.0062039999999999       -3.7688518000000000E-003   9.9723455000000020E-003   0.0000000000000000        0.0000000000000000     
   275.00000000000000        1.0061377000000000       -3.8255211000000002E-003   9.9443654000000003E-003   0.0000000000000000        0.0000000000000000     
   276.00000000000000        1.0060713999999999       -3.8809622000000005E-003   9.9163853000000003E-003   0.0000000000000000        0.0000000000000000     
   277.00000000000000        1.0059388000000000       -3.9351435999999997E-003   9.8884051999999986E-003   0.0000000000000000        0.0000000000000000     
   278.00000000000000        1.0058724999999999       -3.9881641999999998E-003   9.8604251000000004E-003   0.0000000000000000        0.0000000000000000     
   279.00000000000000        1.0057725000000000       -4.0400239999999997E-003   9.8324786999999993E-003   0.0000000000000000        0.0000000000000000     
   280.00000000000000        1.0057062000000001       -4.0907230000000001E-003   9.8051616000000008E-003   0.0000000000000000        0.0000000000000000     
   281.00000000000000        1.0056399000000000       -4.1403612000000005E-003   9.7772151999999998E-003   0.0000000000000000        0.0000000000000000     
   282.00000000000000        1.0055736000000000       -4.1888049000000007E-003   9.7492688000000004E-003   0.0000000000000000        0.0000000000000000     
   283.00000000000000        1.0055073000000001       -4.2361541000000003E-003   9.7219517000000002E-003   0.0000000000000000        0.0000000000000000     
   284.00000000000000        1.0054410000000000       -4.2824751000000005E-003   9.6940053000000009E-003   0.0000000000000000        0.0000000000000000     
   285.00000000000000        1.0053747000000000       -4.3277352999999998E-003   9.6667556000000002E-003   0.0000000000000000        0.0000000000000000     
   286.00000000000000        1.0052421000000000       -4.3719998999999996E-003   9.6394721999999988E-003   0.0000000000000000        0.0000000000000000     
   287.00000000000000        1.0051758000000002       -4.4152700000000007E-003   9.6115257999999995E-003   0.0000000000000000        0.0000000000000000     
   288.00000000000000        1.0051095000000001       -4.4575119000000007E-003   9.5842761000000005E-003   0.0000000000000000        0.0000000000000000     
   289.00000000000000        1.0050432000000000       -4.4988581999999997E-003   9.5569927000000009E-003   0.0000000000000000        0.0000000000000000     
   290.00000000000000        1.0049769000000002       -4.5391763000000003E-003   9.5297430000000002E-003   0.0000000000000000        0.0000000000000000     
   291.00000000000000        1.0048769000000000       -4.5786324999999998E-003   9.5024932999999995E-003   0.0000000000000000        0.0000000000000000     
   292.00000000000000        1.0048769000000000       -4.6171930999999999E-003   9.4759066000000003E-003   0.0000000000000000        0.0000000000000000     
   293.00000000000000        1.0048105999999999       -4.6547918000000004E-003   9.4486569000000013E-003   0.0000000000000000        0.0000000000000000     
   294.00000000000000        1.0047443000000000       -4.6915612000000004E-003   9.4214072000000006E-003   0.0000000000000000        0.0000000000000000     
   295.00000000000000        1.0046780000000000       -4.7275012999999999E-003   9.3948542000000003E-003   0.0000000000000000        0.0000000000000000     
   296.00000000000000        1.0046116999999999       -4.7625131999999995E-003   9.3676044999999996E-003   0.0000000000000000        0.0000000000000000     
   297.00000000000000        1.0045454000000000       -4.7967621000000009E-003   9.3410515000000010E-003   0.0000000000000000        0.0000000000000000     
   298.00000000000000        1.0044791000000000       -4.8301817000000000E-003   9.3138018000000020E-003   0.0000000000000000        0.0000000000000000     
   299.00000000000000        1.0044127999999999       -4.8628720000000007E-003   9.2872488000000000E-003   0.0000000000000000        0.0000000000000000     
   300.00000000000000        1.0043465000000000       -4.8946666999999996E-003   9.2606957999999996E-003   0.0000000000000000        0.0000000000000000     
   301.00000000000000        1.0043465000000000       -4.9257647000000007E-003   9.2341764999999999E-003   0.0000000000000000        0.0000000000000000     
   302.00000000000000        1.0042802000000000       -4.9561333999999999E-003   9.2076234999999996E-003   0.0000000000000000        0.0000000000000000     
   303.00000000000000        1.0042139000000001       -4.9857391000000008E-003   9.1810704999999992E-003   0.0000000000000000        0.0000000000000000     
   304.00000000000000        1.0041476000000000       -5.0145818000000009E-003   9.1545512000000013E-003   0.0000000000000000        0.0000000000000000     
   305.00000000000000        1.0040813000000000       -5.0427615000000004E-003   9.1280318999999999E-003   0.0000000000000000        0.0000000000000000     
   306.00000000000000        1.0040476000000000       -5.0702445000000004E-003   9.1021418999999992E-003   0.0000000000000000        0.0000000000000000     
   307.00000000000000        1.0039813000000000       -5.0969982000000002E-003   9.0756226000000013E-003   0.0000000000000000        0.0000000000000000     
   308.00000000000000        1.0039150000000001       -5.1231215000000010E-003   9.0498000000000002E-003   0.0000000000000000        0.0000000000000000     
   309.00000000000000        1.0038487000000000       -5.1485481000000007E-003   9.0232807000000005E-003   0.0000000000000000        0.0000000000000000     
   310.00000000000000        1.0038487000000000       -5.1733780000000002E-003   8.9974243999999988E-003   0.0000000000000000        0.0000000000000000     
   311.00000000000000        1.0037824000000000       -5.1976111999999996E-003   8.9716018000000012E-003   0.0000000000000000        0.0000000000000000     
   312.00000000000000        1.0037161000000001       -5.2211139999999998E-003   8.9450824999999998E-003   0.0000000000000000        0.0000000000000000     
   313.00000000000000        1.0036498000000003       -5.2440538000000005E-003   8.9192599000000004E-003   0.0000000000000000        0.0000000000000000     
   314.00000000000000        1.0036498000000003       -5.2663958000000012E-003   8.8934373000000011E-003   0.0000000000000000        0.0000000000000000     
   315.00000000000000        1.0035835000000000       -5.2881085000000003E-003   8.8682776999999997E-003   0.0000000000000000        0.0000000000000000     
   316.00000000000000        1.0035172000000001       -5.3092897000000007E-003   8.8424888000000011E-003   0.0000000000000000        0.0000000000000000     
   317.00000000000000        1.0035172000000001       -5.3298742000000010E-003   8.8166662000000000E-003   0.0000000000000000        0.0000000000000000     
   318.00000000000000        1.0034508999999998       -5.3499283000000000E-003   8.7908436000000006E-003   0.0000000000000000        0.0000000000000000     
   319.00000000000000        1.0033846000000000       -5.3693520000000000E-003   8.7657176999999999E-003   0.0000000000000000        0.0000000000000000     
   320.00000000000000        1.0033846000000000       -5.3883116000000000E-003   8.7399288000000012E-003   0.0000000000000000        0.0000000000000000     
   321.00000000000000        1.0033183000000001       -5.4067071000000006E-003   8.7148028999999988E-003   0.0000000000000000        0.0000000000000000     
   322.00000000000000        1.0032520000000000       -5.4246385000000005E-003   8.6896769999999998E-003   0.0000000000000000        0.0000000000000000     
   323.00000000000000        1.0032182999999999       -5.4420394999999998E-003   8.6638880999999994E-003   0.0000000000000000        0.0000000000000000     
   324.00000000000000        1.0031520000000000       -5.4588764000000007E-003   8.6387622000000004E-003   0.0000000000000000        0.0000000000000000     
   325.00000000000000        1.0031520000000000       -5.4752818000000005E-003   8.6136700000000004E-003   0.0000000000000000        0.0000000000000000     
   326.00000000000000        1.0030857000000000       -5.4911567999999999E-003   8.5885778000000003E-003   0.0000000000000000        0.0000000000000000     
   327.00000000000000        1.0030193999999999       -5.5065677000000011E-003   8.5641148999999993E-003   0.0000000000000000        0.0000000000000000     
   328.00000000000000        1.0030193999999999       -5.5215471000000004E-003   8.5390226999999992E-003   0.0000000000000000        0.0000000000000000     
   329.00000000000000        1.0029531000000000       -5.5360624000000006E-003   8.5139304999999992E-003   0.0000000000000000        0.0000000000000000     
   330.00000000000000        1.0029531000000000       -5.5501136000000008E-003   8.4888719999999997E-003   0.0000000000000000        0.0000000000000000     
   331.00000000000000        1.0028868000000000       -5.5636670000000004E-003   8.4644428000000011E-003   0.0000000000000000        0.0000000000000000     
   332.00000000000000        1.0028868000000000       -5.5768552000000004E-003   8.4400136000000008E-003   0.0000000000000000        0.0000000000000000     
   333.00000000000000        1.0028204999999999       -5.5896130000000002E-003   8.4149550999999996E-003   0.0000000000000000        0.0000000000000000     
   334.00000000000000        1.0028204999999999       -5.6018730000000003E-003   8.3905595999999999E-003   0.0000000000000000        0.0000000000000000     
   335.00000000000000        1.0027542000000000       -5.6137677999999998E-003   8.3661641000000002E-003   0.0000000000000000        0.0000000000000000     
   336.00000000000000        1.0026879000000002       -5.6252985000000005E-003   8.3417686000000005E-003   0.0000000000000000        0.0000000000000000     
   337.00000000000000        1.0026879000000002       -5.6363977000000003E-003   8.3173731000000008E-003   0.0000000000000000        0.0000000000000000     
   338.00000000000000        1.0026215999999999       -5.6470653999999999E-003   8.2929775999999993E-003   0.0000000000000000        0.0000000000000000     
   339.00000000000000        1.0026215999999999       -5.6574353000000003E-003   8.2686158000000003E-003   0.0000000000000000        0.0000000000000000     
   340.00000000000000        1.0025553000000000       -5.6673074000000000E-003   8.2442203000000006E-003   0.0000000000000000        0.0000000000000000     
   341.00000000000000        1.0025553000000000       -5.6768805999999998E-003   8.2205215000000012E-003   0.0000000000000000        0.0000000000000000     
   342.00000000000000        1.0025553000000000       -5.6860560000000001E-003   8.1961597000000004E-003   0.0000000000000000        0.0000000000000000     
   343.00000000000000        1.0024890000000002       -5.6948998999999997E-003   8.1724608999999993E-003   0.0000000000000000        0.0000000000000000     
   344.00000000000000        1.0024890000000002       -5.7034122999999994E-003   8.1487958000000006E-003   0.0000000000000000        0.0000000000000000     
   345.00000000000000        1.0023890000000002       -5.7115268999999996E-003   8.1244339999999998E-003   0.0000000000000000        0.0000000000000000     
   346.00000000000000        1.0023890000000002       -5.7193425999999999E-003   8.1007352000000005E-003   0.0000000000000000        0.0000000000000000     
   347.00000000000000        1.0023227000000001       -5.7267605000000006E-003   8.0770701000000000E-003   0.0000000000000000        0.0000000000000000     
   348.00000000000000        1.0023227000000001       -5.7338794999999996E-003   8.0534049999999996E-003   0.0000000000000000        0.0000000000000000     
   349.00000000000000        1.0022564000000000       -5.7406669999999996E-003   8.0297399000000009E-003   0.0000000000000000        0.0000000000000000     
   350.00000000000000        1.0022564000000000       -5.7471893000000003E-003   8.0060748000000004E-003   0.0000000000000000        0.0000000000000000     
   351.00000000000000        1.0021901000000002       -5.7533138000000006E-003   7.9830727000000015E-003   0.0000000000000000        0.0000000000000000     
   352.00000000000000        1.0021901000000002       -5.7592394000000003E-003   7.9594076000000010E-003   0.0000000000000000        0.0000000000000000     
   353.00000000000000        1.0021901000000002       -5.7647997999999995E-003   7.9364392000000009E-003   0.0000000000000000        0.0000000000000000     
   354.00000000000000        1.0021237999999999       -5.7700287000000006E-003   7.9128078000000011E-003   0.0000000000000000        0.0000000000000000     
   355.00000000000000        1.0021237999999999       -5.7749923999999998E-003   7.8898056999999987E-003   0.0000000000000000        0.0000000000000000     
   356.00000000000000        1.0020575000000000       -5.7796571999999997E-003   7.8661743000000006E-003   0.0000000000000000        0.0000000000000000     
   357.00000000000000        1.0020575000000000       -5.7840905000000001E-003   7.8432396000000012E-003   0.0000000000000000        0.0000000000000000     
   358.00000000000000        1.0020575000000000       -5.7882249000000005E-003   7.8202711999999994E-003   0.0000000000000000        0.0000000000000000     
   359.00000000000000        1.0019912000000000       -5.7920278000000002E-003   7.7973028000000010E-003   0.0000000000000000        0.0000000000000000     
   360.00000000000000        1.0019912000000000       -5.7955981000000012E-003   7.7743680999999999E-003   0.0000000000000000        0.0000000000000000     
   361.00000000000000        1.0019248999999999       -5.7989369000000001E-003   7.7513997000000006E-003   0.0000000000000000        0.0000000000000000     
   362.00000000000000        1.0019248999999999       -5.8019768000000006E-003   7.7291280000000009E-003   0.0000000000000000        0.0000000000000000     
   363.00000000000000        1.0019248999999999       -5.8048178000000006E-003   7.7061933000000006E-003   0.0000000000000000        0.0000000000000000     
   364.00000000000000        1.0018586000000000       -5.8073273000000007E-003   7.6839216000000009E-003   0.0000000000000000        0.0000000000000000     
   365.00000000000000        1.0018586000000000       -5.8096042000000004E-003   7.6610205999999995E-003   0.0000000000000000        0.0000000000000000     
   366.00000000000000        1.0018586000000000       -5.8116822000000004E-003   7.6387489000000006E-003   0.0000000000000000        0.0000000000000000     
   367.00000000000000        1.0017923000000000       -5.8135286999999999E-003   7.6158479000000010E-003   0.0000000000000000        0.0000000000000000     
   368.00000000000000        1.0017923000000000       -5.8150763000000003E-003   7.5935762000000004E-003   0.0000000000000000        0.0000000000000000     
   369.00000000000000        1.0017923000000000       -5.8164912999999997E-003   7.5713382000000004E-003   0.0000000000000000        0.0000000000000000     
   370.00000000000000        1.0017260000000001       -5.8175410999999995E-003   7.5491001999999996E-003   0.0000000000000000        0.0000000000000000     
   371.00000000000000        1.0017260000000001       -5.8184920000000006E-003   7.5268621999999997E-003   0.0000000000000000        0.0000000000000000     
   372.00000000000000        1.0017260000000001       -5.8191440000000001E-003   7.5046242000000006E-003   0.0000000000000000        0.0000000000000000     
   373.00000000000000        1.0016597000000000       -5.8196634000000002E-003   7.4830829000000001E-003   0.0000000000000000        0.0000000000000000     
   374.00000000000000        1.0016597000000000       -5.8199176000000002E-003   7.4608449000000002E-003   0.0000000000000000        0.0000000000000000     
   375.00000000000000        1.0016259999999999       -5.8199728999999995E-003   7.4386406000000000E-003   0.0000000000000000        0.0000000000000000     
   376.00000000000000        1.0015597000000001       -5.8198293000000009E-003   7.4170993000000005E-003   0.0000000000000000        0.0000000000000000     
   377.00000000000000        1.0015597000000001       -5.8194531000000001E-003   7.3955580000000009E-003   0.0000000000000000        0.0000000000000000     
   378.00000000000000        1.0015597000000001       -5.8189117000000002E-003   7.3733537000000007E-003   0.0000000000000000        0.0000000000000000     
   379.00000000000000        1.0014934000000000       -5.8182040000000004E-003   7.3518124000000011E-003   0.0000000000000000        0.0000000000000000     
   380.00000000000000        1.0014934000000000       -5.8172311000000013E-003   7.3303048000000004E-003   0.0000000000000000        0.0000000000000000     
   381.00000000000000        1.0014934000000000       -5.8161256000000003E-003   7.3087634999999991E-003   0.0000000000000000        0.0000000000000000     
   382.00000000000000        1.0014934000000000       -5.8148212000000005E-003   7.2872559000000002E-003   0.0000000000000000        0.0000000000000000     
   383.00000000000000        1.0014271000000001       -5.8133505000000007E-003   7.2657483000000004E-003   0.0000000000000000        0.0000000000000000     
   384.00000000000000        1.0014271000000001       -5.8117146000000001E-003   7.2442406999999997E-003   0.0000000000000000        0.0000000000000000     
   385.00000000000000        1.0014271000000001       -5.8098461000000001E-003   7.2233961000000005E-003   0.0000000000000000        0.0000000000000000     
   386.00000000000000        1.0013608000000001       -5.8078450000000007E-003   7.2018884999999998E-003   0.0000000000000000        0.0000000000000000     
   387.00000000000000        1.0013608000000001       -5.8056786999999997E-003   7.1804146000000006E-003   0.0000000000000000        0.0000000000000000     
   388.00000000000000        1.0013608000000001       -5.8033461000000005E-003   7.1595699999999996E-003   0.0000000000000000        0.0000000000000000     
   389.00000000000006        1.0013608000000001       -5.8008146000000007E-003   7.1385602000000005E-003   0.0000000000000000        0.0000000000000000     
   390.00000000000000        1.0012945000000000       -5.7981168000000001E-003   7.1175504000000004E-003   0.0000000000000000        0.0000000000000000     
   391.00000000000000        1.0012945000000000       -5.7953201000000001E-003   7.0966069000000008E-003   0.0000000000000000        0.0000000000000000     
   392.00000000000000        1.0012945000000000       -5.7923908000000000E-003   7.0757960000000005E-003   0.0000000000000000        0.0000000000000000     
   393.00000000000000        1.0012945000000000       -5.7892289000000003E-003   7.0549850999999993E-003   0.0000000000000000        0.0000000000000000     
   394.00000000000006        1.0012282000000001       -5.7859680999999994E-003   7.0342405000000004E-003   0.0000000000000000        0.0000000000000000     
   395.00000000000000        1.0012282000000001       -5.7825410000000004E-003   7.0135959000000008E-003   0.0000000000000000        0.0000000000000000     
   396.00000000000000        1.0012282000000001       -5.7789812999999995E-003   6.9929513000000004E-003   0.0000000000000000        0.0000000000000000     
   397.00000000000000        1.0012282000000001       -5.7752227000000007E-003   6.9724056000000003E-003   0.0000000000000000        0.0000000000000000     
   398.00000000000000        1.0011619000000000       -5.7713978000000004E-003   6.9518936000000000E-003   0.0000000000000000        0.0000000000000000     
   399.00000000000006        1.0011619000000000       -5.7674403000000001E-003   6.9315142000000007E-003   0.0000000000000000        0.0000000000000000     
   400.00000000000000        1.0011619000000000       -5.7632838999999991E-003   6.9111685000000003E-003   0.0000000000000000        0.0000000000000000     
   401.00000000000000        1.0011619000000000       -5.7590612000000012E-003   6.8908554000000006E-003   0.0000000000000000        0.0000000000000000     
   402.00000000000000        1.0010956000000000       -5.7546722000000007E-003   6.8705423000000000E-003   0.0000000000000000        0.0000000000000000     
   403.00000000000000        1.0010956000000000       -5.7501843000000007E-003   6.8503955000000002E-003   0.0000000000000000        0.0000000000000000     
   404.00000000000000        1.0010956000000000       -5.7455301000000000E-003   6.8303150000000009E-003   0.0000000000000000        0.0000000000000000     
   405.00000000000000        1.0010956000000000       -5.7407770000000007E-003   6.8102345000000007E-003   0.0000000000000000        0.0000000000000000     
   406.00000000000000        1.0010956000000000       -5.7359239000000003E-003   6.7902203000000001E-003   0.0000000000000000        0.0000000000000000     
   407.00000000000000        1.0010293000000001       -5.7309719000000004E-003   6.7703387000000005E-003   0.0000000000000000        0.0000000000000000     
   408.00000000000000        1.0010293000000001       -5.7258536000000006E-003   6.7504571000000010E-003   0.0000000000000000        0.0000000000000000     
   409.00000000000000        1.0010293000000001       -5.7206027000000007E-003   6.7306092000000003E-003   0.0000000000000000        0.0000000000000000     
   410.00000000000006        1.0010293000000001       -5.7152855000000002E-003   6.7108602000000000E-003   0.0000000000000000        0.0000000000000000     
   411.00000000000000        1.0009630000000000       -5.7098357000000006E-003   6.6912111999999999E-003   0.0000000000000000        0.0000000000000000     
   412.00000000000000        1.0009630000000000       -5.7042532999999999E-003   6.6715621999999999E-003   0.0000000000000000        0.0000000000000000     
   413.00000000000000        1.0009630000000000       -5.6986046000000005E-003   6.6519795000000003E-003   0.0000000000000000        0.0000000000000000     
   414.00000000000000        1.0009630000000000       -5.6928896000000007E-003   6.6324631000000004E-003   0.0000000000000000        0.0000000000000000     
   415.00000000000006        1.0009630000000000       -5.6870420000000007E-003   6.6130466999999998E-003   0.0000000000000000        0.0000000000000000     
   416.00000000000000        1.0008630000000001       -5.6810281000000008E-003   6.5936629000000000E-003   0.0000000000000000        0.0000000000000000     
   417.00000000000000        1.0008630000000001       -5.6749816000000002E-003   6.5743128000000008E-003   0.0000000000000000        0.0000000000000000     
   418.00000000000000        1.0008630000000001       -5.6688025000000003E-003   6.5550616000000003E-003   0.0000000000000000        0.0000000000000000     
   419.00000000000000        1.0008630000000001       -5.6625234000000002E-003   6.5358441000000012E-003   0.0000000000000000        0.0000000000000000     
   420.00000000000006        1.0008630000000001       -5.6562117000000011E-003   6.5166929000000000E-003   0.0000000000000000        0.0000000000000000     
   421.00000000000000        1.0008630000000001       -5.6498000000000000E-003   6.4976080000000002E-003   0.0000000000000000        0.0000000000000000     
   422.00000000000000        1.0007967000000000       -5.6432893999999994E-003   6.4785230999999995E-003   0.0000000000000000        0.0000000000000000     
   423.00000000000000        1.0007967000000000       -5.6366124999999998E-003   6.4596045000000005E-003   0.0000000000000000        0.0000000000000000     
   424.00000000000000        1.0007967000000000       -5.6299693000000000E-003   6.4406521999999999E-003   0.0000000000000000        0.0000000000000000     
   425.00000000000006        1.0007967000000000       -5.6231598000000002E-003   6.4217999000000005E-003   0.0000000000000000        0.0000000000000000     
   426.00000000000000        1.0007967000000000       -5.6162840000000000E-003   6.4030139000000007E-003   0.0000000000000000        0.0000000000000000     
   427.00000000000000        1.0007967000000000       -5.6093419000000002E-003   6.3842604999999998E-003   0.0000000000000000        0.0000000000000000     
   428.00000000000000        1.0007304000000001       -5.6023009000000009E-003   6.3656071000000002E-003   0.0000000000000000        0.0000000000000000     
   429.00000000000000        1.0007304000000001       -5.5952262000000001E-003   6.3469874000000003E-003   0.0000000000000000        0.0000000000000000     
   430.00000000000000        1.0007304000000001       -5.5880189000000009E-003   6.3284003000000011E-003   0.0000000000000000        0.0000000000000000     
   431.00000000000006        1.0007304000000001       -5.5807452999999995E-003   6.3098794999999997E-003   0.0000000000000000        0.0000000000000000     
   432.00000000000000        1.0007304000000001       -5.5734054000000002E-003   6.2914586999999996E-003   0.0000000000000000        0.0000000000000000     
   433.00000000000000        1.0007304000000001       -5.5659992000000004E-003   6.2730705000000010E-003   0.0000000000000000        0.0000000000000000     
   434.00000000000000        1.0006640999999998       -5.5585267000000001E-003   6.2547159999999996E-003   0.0000000000000000        0.0000000000000000     
   435.00000000000000        1.0006640999999998       -5.5510216000000008E-003   6.2364278000000004E-003   0.0000000000000000        0.0000000000000000     
   436.00000000000006        1.0006640999999998       -5.5434164999999995E-003   6.2182059000000008E-003   0.0000000000000000        0.0000000000000000     
   437.00000000000000        1.0006640999999998       -5.5357451000000004E-003   6.2000503000000009E-003   0.0000000000000000        0.0000000000000000     
   438.00000000000000        1.0006640999999998       -5.5280074000000007E-003   6.1819947000000004E-003   0.0000000000000000        0.0000000000000000     
   439.00000000000000        1.0006640999999998       -5.5202033999999997E-003   6.1639054000000009E-003   0.0000000000000000        0.0000000000000000     
   440.00000000000000        1.0005978000000000       -5.5122994000000002E-003   6.1459824000000005E-003   0.0000000000000000        0.0000000000000000     
   441.00000000000006        1.0005978000000000       -5.5043628000000008E-003   6.1280594000000001E-003   0.0000000000000000        0.0000000000000000     
   442.00000000000000        1.0005978000000000       -5.4963599000000000E-003   6.1101027000000007E-003   0.0000000000000000        0.0000000000000000     
   443.00000000000000        1.0005978000000000       -5.4882906999999996E-003   6.0923123000000004E-003   0.0000000000000000        0.0000000000000000     
   444.00000000000000        1.0005978000000000       -5.4802215000000010E-003   6.0745219000000001E-003   0.0000000000000000        0.0000000000000000     
   445.00000000000000        1.0005978000000000       -5.4720197000000005E-003   6.0568978000000006E-003   0.0000000000000000        0.0000000000000000     
   446.00000000000006        1.0005978000000000       -5.4638179000000000E-003   6.0392400000000004E-003   0.0000000000000000        0.0000000000000000     
   447.00000000000000        1.0005978000000000       -5.4555497999999999E-003   6.0215822000000002E-003   0.0000000000000000        0.0000000000000000     
   448.00000000000000        1.0005315000000001       -5.4472154000000010E-003   6.0040906999999999E-003   0.0000000000000000        0.0000000000000000     
   449.00000000000000        1.0005315000000001       -5.4388472999999998E-003   5.9865991999999996E-003   0.0000000000000000        0.0000000000000000     
   450.00000000000000        1.0005315000000001       -5.4303802999999999E-003   5.9691740000000007E-003   0.0000000000000000        0.0000000000000000     
   451.00000000000006        1.0005315000000001       -5.4219133000000010E-003   5.9518151000000005E-003   0.0000000000000000        0.0000000000000000     
   452.00000000000000        1.0005315000000001       -5.4133799999999998E-003   5.9345225000000008E-003   0.0000000000000000        0.0000000000000000     
   453.00000000000000        1.0005315000000001       -5.4048467000000003E-003   5.9172298999999994E-003   0.0000000000000000        0.0000000000000000     
   454.00000000000000        1.0005315000000001       -5.3961808000000007E-003   5.9000036000000002E-003   0.0000000000000000        0.0000000000000000     
   455.00000000000000        1.0005315000000001       -5.3874811999999996E-003   5.8828773000000004E-003   0.0000000000000000        0.0000000000000000     
   456.00000000000000        1.0004652000000001       -5.3788153000000000E-003   5.8657836000000005E-003   0.0000000000000000        0.0000000000000000     
   457.00000000000006        1.0004652000000001       -5.3700831000000008E-003   5.8487236000000003E-003   0.0000000000000000        0.0000000000000000     
   458.00000000000000        1.0004652000000001       -5.3612846000000011E-003   5.8317298999999998E-003   0.0000000000000000        0.0000000000000000     
   459.00000000000000        1.0004652000000001       -5.3524198000000000E-003   5.8148025000000006E-003   0.0000000000000000        0.0000000000000000     
   460.00000000000000        1.0004652000000001       -5.3435549999999998E-003   5.7979414000000002E-003   0.0000000000000000        0.0000000000000000     
   461.00000000000000        1.0004652000000001       -5.3346239000000009E-003   5.7810802999999997E-003   0.0000000000000000        0.0000000000000000     
   462.00000000000006        1.0004652000000001       -5.3256591000000004E-003   5.7643518000000003E-003   0.0000000000000000        0.0000000000000000     
   463.00000000000000        1.0004652000000001       -5.3166617000000001E-003   5.7475907000000010E-003   0.0000000000000000        0.0000000000000000     
   464.00000000000000        1.0003989000000000       -5.3075980000000002E-003   5.7309285000000003E-003   0.0000000000000000        0.0000000000000000     
   465.00000000000000        1.0003989000000000       -5.2985343000000002E-003   5.7143662999999999E-003   0.0000000000000000        0.0000000000000000     
   466.00000000000000        1.0003989000000000       -5.2894706000000003E-003   5.6978041000000004E-003   0.0000000000000000        0.0000000000000000     
   467.00000000000006        1.0003989000000000       -5.2803406000000008E-003   5.6813081999999996E-003   0.0000000000000000        0.0000000000000000     
   468.00000000000000        1.0003989000000000       -5.2711443000000007E-003   5.6648123000000005E-003   0.0000000000000000        0.0000000000000000     
   469.00000000000000        1.0003989000000000       -5.2619479999999998E-003   5.6484489999999998E-003   0.0000000000000000        0.0000000000000000     
   470.00000000000000        1.0003989000000000       -5.2527517000000006E-003   5.6320857000000000E-003   0.0000000000000000        0.0000000000000000     
   471.00000000000000        1.0003989000000000       -5.2434891000000010E-003   5.6158224000000014E-003   0.0000000000000000        0.0000000000000000     
   472.00000000000006        1.0003989000000000       -5.2341602000000008E-003   5.5995254000000003E-003   0.0000000000000000        0.0000000000000000     
   473.00000000000000        1.0003989000000000       -5.2248313000000006E-003   5.5833947000000000E-003   0.0000000000000000        0.0000000000000000     
   474.00000000000000        1.0003326000000001       -5.2155024000000005E-003   5.5672303000000008E-003   0.0000000000000000        0.0000000000000000     
   475.00000000000000        1.0003326000000001       -5.2061072000000007E-003   5.5510996000000005E-003   0.0000000000000000        0.0000000000000000     
   476.00000000000000        1.0003326000000001       -5.1967120000000009E-003   5.5351015000000003E-003   0.0000000000000000        0.0000000000000000     
   477.00000000000006        1.0003326000000001       -5.1872504999999998E-003   5.5191034000000002E-003   0.0000000000000000        0.0000000000000000     
   478.00000000000006        1.0003326000000001       -5.1778553000000000E-003   5.5032053000000003E-003   0.0000000000000000        0.0000000000000000     
   479.00000000000000        1.0003326000000001       -5.1683275000000001E-003   5.4872734999999997E-003   0.0000000000000000        0.0000000000000000     
   480.00000000000000        1.0003326000000001       -5.1587996999999993E-003   5.4714743000000001E-003   0.0000000000000000        0.0000000000000000     
   481.00000000000000        1.0003326000000001       -5.1492719000000003E-003   5.4557088000000004E-003   0.0000000000000000        0.0000000000000000     
   482.00000000000000        1.0003326000000001       -5.1397441000000004E-003   5.4400096000000002E-003   0.0000000000000000        0.0000000000000000     
   483.00000000000006        1.0003326000000001       -5.1301500000000009E-003   5.4242766999999994E-003   0.0000000000000000        0.0000000000000000     
   484.00000000000000        1.0003326000000001       -5.1205896000000002E-003   5.4086438000000006E-003   0.0000000000000000        0.0000000000000000     
   485.00000000000000        1.0002663000000001       -5.1109954999999999E-003   5.3930772000000005E-003   0.0000000000000000        0.0000000000000000     
   486.00000000000000        1.0002663000000001       -5.1013351000000007E-003   5.3775769000000001E-003   0.0000000000000000        0.0000000000000000     
   487.00000000000000        1.0002663000000001       -5.0916747000000007E-003   5.3621103000000012E-003   0.0000000000000000        0.0000000000000000     
   488.00000000000006        1.0002325999999999       -5.0820480000000005E-003   5.3466763000000004E-003   0.0000000000000000        0.0000000000000000     
   489.00000000000000        1.0002325999999999       -5.0723213000000000E-003   5.3313086000000001E-003   0.0000000000000000        0.0000000000000000     
   490.00000000000000        1.0002325999999999       -5.0625946000000003E-003   5.3159746000000004E-003   0.0000000000000000        0.0000000000000000     
   491.00000000000000        1.0002325999999999       -5.0529016000000005E-003   5.3007068999999995E-003   0.0000000000000000        0.0000000000000000     
   492.00000000000000        1.0002325999999999       -5.0431749000000008E-003   5.2855055000000008E-003   0.0000000000000000        0.0000000000000000     
   493.00000000000006        1.0002325999999999       -5.0333819000000007E-003   5.2702704000000006E-003   0.0000000000000000        0.0000000000000000     
   494.00000000000000        1.0002325999999999       -5.0236226000000004E-003   5.2551352999999999E-003   0.0000000000000000        0.0000000000000000     
   495.00000000000000        1.0002325999999999       -5.0138295999999994E-003   5.2401002000000002E-003   0.0000000000000000        0.0000000000000000     
   496.00000000000000        1.0002325999999999       -5.0040702999999999E-003   5.2250313999999999E-003   0.0000000000000000        0.0000000000000000     
   497.00000000000000        1.0002325999999999       -4.9942110000000001E-003   5.2100952000000006E-003   0.0000000000000000        0.0000000000000000     
   498.00000000000006        1.0001663000000001       -4.9843854000000002E-003   5.1951264000000006E-003   0.0000000000000000        0.0000000000000000     
   499.00000000000000        1.0001663000000001       -4.9745598000000002E-003   5.1802565000000000E-003   0.0000000000000000        0.0000000000000000     
   500.00000000000000        1.0001663000000001       -4.9647005000000004E-003   5.1654203000000001E-003   0.0000000000000000        0.0000000000000000     
   501.00000000000000        1.0001663000000001       -4.9548749000000005E-003   5.1506504000000007E-003   0.0000000000000000        0.0000000000000000     
   502.00000000000000        1.0001663000000001       -4.9449830000000009E-003   5.1358805000000004E-003   0.0000000000000000        0.0000000000000000     
   503.00000000000006        1.0001663000000001       -4.9351237000000003E-003   5.1211769000000006E-003   0.0000000000000000        0.0000000000000000     
   504.00000000000006        1.0001663000000001       -4.9252318000000007E-003   5.1065396000000004E-003   0.0000000000000000        0.0000000000000000     
   505.00000000000000        1.0001663000000001       -4.9153331600000003E-003   5.0919685999999999E-003   0.0000000000000000        0.0000000000000000     
   506.00000000000000        1.0001663000000001       -4.9054345199999998E-003   5.0773976000000002E-003   0.0000000000000000        0.0000000000000000     
   507.00000000000000        1.0001663000000001       -4.8954729500000011E-003   5.0629265999999999E-003   0.0000000000000000        0.0000000000000000     
   508.00000000000000        1.0001663000000001       -4.8855743100000007E-003   5.0484218999999999E-003   0.0000000000000000        0.0000000000000000     
   509.00000000000006        1.0001663000000001       -4.8756161100000006E-003   5.0340172000000009E-003   0.0000000000000000        0.0000000000000000     
   510.00000000000000        1.0001663000000001       -4.8657208400000006E-003   5.0196788000000008E-003   0.0000000000000000        0.0000000000000000     
   511.00000000000000        1.0001663000000001       -4.8557626400000005E-003   5.0053067000000008E-003   0.0000000000000000        0.0000000000000000     
   512.00000000000000        1.0001663000000001       -4.8458044400000004E-003   4.9910346000000012E-003   0.0000000000000000        0.0000000000000000     
   513.00000000000000        1.0001000000000000       -4.8358496100000007E-003   4.9768287999999994E-003   0.0000000000000000        0.0000000000000000     
   514.00000000000000        1.0001000000000000       -4.8258947800000002E-003   4.9626567000000009E-003   0.0000000000000000        0.0000000000000000     
   515.00000000000000        1.0001000000000000       -4.8159399500000005E-003   4.9485172000000004E-003   0.0000000000000000        0.0000000000000000     
   516.00000000000000        1.0001000000000000       -4.8059884900000004E-003   4.9344440000000005E-003   0.0000000000000000        0.0000000000000000     
   517.00000000000000        1.0001000000000000       -4.7959707300000006E-003   4.9204045000000004E-003   0.0000000000000000        0.0000000000000000     
   518.00000000000000        1.0001000000000000       -4.7860192700000005E-003   4.9063976000000009E-003   0.0000000000000000        0.0000000000000000     
   519.00000000000000        1.0001000000000000       -4.7760711799999999E-003   4.8924907000000000E-003   0.0000000000000000        0.0000000000000000     
   520.00000000000000        1.0001000000000000       -4.7660567900000006E-003   4.8785838000000000E-003   0.0000000000000000        0.0000000000000000     
   521.00000000000000        1.0001000000000000       -4.7560457699999999E-003   4.8646769000000008E-003   0.0000000000000000        0.0000000000000000     
   522.00000000000000        1.0001000000000000       -4.7461010500000006E-003   4.8509026000000009E-003   0.0000000000000000        0.0000000000000000     
   523.00000000000000        1.0001000000000000       -4.7360900300000000E-003   4.8371283000000001E-003   0.0000000000000000        0.0000000000000000     
   524.00000000000000        1.0001000000000000       -4.7261486800000002E-003   4.8234203000000007E-003   0.0000000000000000        0.0000000000000000     
   525.00000000000000        1.0001000000000000       -4.7161410300000000E-003   4.8097123000000012E-003   0.0000000000000000        0.0000000000000000     
   526.00000000000000        1.0001000000000000       -4.7061333800000006E-003   4.7960706000000006E-003   0.0000000000000000        0.0000000000000000     
   527.00000000000000        1.0001000000000000       -4.6961290999999999E-003   4.7824626000000005E-003   0.0000000000000000        0.0000000000000000     
   528.00000000000000        1.0001000000000000       -4.6861248200000000E-003   4.7689209000000002E-003   0.0000000000000000        0.0000000000000000     
   529.00000000000000        1.0001000000000000       -4.6761902100000002E-003   4.7554118000000005E-003   0.0000000000000000        0.0000000000000000     
   530.00000000000000        1.0001000000000000       -4.6661892999999999E-003   4.7419363999999997E-003   0.0000000000000000        0.0000000000000000     
   531.00000000000000        1.0001000000000000       -4.6561917600000001E-003   4.7285273000000003E-003   0.0000000000000000        0.0000000000000000     
   532.00000000000000        1.0000336999999999       -4.6461908499999998E-003   4.7151844999999996E-003   0.0000000000000000        0.0000000000000000     
   533.00000000000000        1.0000336999999999       -4.6361966800000003E-003   4.7018417000000007E-003   0.0000000000000000        0.0000000000000000     
   534.00000000000000        1.0000336999999999       -4.6262654400000000E-003   4.6885651999999996E-003   0.0000000000000000        0.0000000000000000     
   535.00000000000000        1.0000336999999999       -4.6162746399999992E-003   4.6752887000000003E-003   0.0000000000000000        0.0000000000000000     
   536.00000000000000        1.0000336999999999       -4.6062804699999998E-003   4.6621122000000004E-003   0.0000000000000000        0.0000000000000000     
   537.00000000000000        1.0000336999999999       -4.5962896699999999E-003   4.6489020000000008E-003   0.0000000000000000        0.0000000000000000     
   538.00000000000000        1.0000336999999999       -4.5863651700000004E-003   4.6358581000000001E-003   0.0000000000000000        0.0000000000000000     
   539.00000000000000        1.0000336999999999       -4.5763777400000000E-003   4.6227142000000001E-003   0.0000000000000000        0.0000000000000000     
   540.00000000000000        1.0000336999999999       -4.5663903099999997E-003   4.6097366000000008E-003   0.0000000000000000        0.0000000000000000     
   541.00000000000000        1.0000336999999999       -4.5564725500000002E-003   4.5967590000000006E-003   0.0000000000000000        0.0000000000000000     
   542.00000000000000        1.0000336999999999       -4.5464884900000011E-003   4.5837813999999996E-003   0.0000000000000000        0.0000000000000000     
   543.00000000000000        1.0000336999999999       -4.5365741000000003E-003   4.5708701000000008E-003   0.0000000000000000        0.0000000000000000     
   544.00000000000000        1.0000270700000000       -4.5265934099999999E-003   4.5580251000000007E-003   0.0000000000000000        0.0000000000000000     
   545.00000000000000        1.0000270700000000       -4.5166790199999999E-003   4.5451801000000007E-003   0.0000000000000000        0.0000000000000000     
   546.00000000000000        1.0000270700000000       -4.5067679999999995E-003   4.5324351000000009E-003   0.0000000000000000        0.0000000000000000     
   547.00000000000000        1.0000204400000001       -4.4967906800000004E-003   4.5196564000000005E-003   0.0000000000000000        0.0000000000000000     
   548.00000000000000        1.0000204400000001       -4.4868830300000004E-003   4.5069440000000006E-003   0.0000000000000000        0.0000000000000000     
   549.00000000000000        1.0000138100000000       -4.4769753800000004E-003   4.4943316000000001E-003   0.0000000000000000        0.0000000000000000     
   550.00000000000000        1.0000138100000000       -4.4670677299999996E-003   4.4817090900000000E-003   0.0000000000000000        0.0000000000000000     
