   1.0000000000000000        7.0564803999999999        5.9722749000000004        8.4198086000000005E-002   0.0000000000000000        0.0000000000000000     
   2.0000000000000000        3.6767285000000003        2.6325514000000001        4.4195415699999997E-002   0.0000000000000000        0.0000000000000000     
   3.0000000000000000        2.6916456000000002        1.6592842000000001        3.2381103700000004E-002   0.0000000000000000        0.0000000000000000     
   4.0000000000000000        2.2464846999999999        1.2194541200000000        2.7028004299999998E-002   0.0000000000000000        0.0000000000000000     
   5.0000000000000000        1.9973038999999999       0.97327360000000007        2.4033020800000002E-002   0.0000000000000000        0.0000000000000000     
   6.0000000000000000        1.8389681000000002       0.81681988000000005        2.2134632600000002E-002   0.0000000000000000        0.0000000000000000     
   7.0000000000000000        1.7301341000000003       0.70929342000000006        2.0827905600000002E-002   0.0000000000000000        0.0000000000000000     
   8.0000000000000000        1.6507151000000000       0.63081372000000002        1.9875492100000003E-002   0.0000000000000000        0.0000000000000000     
   9.0000000000000000        1.5901514000000001       0.57100998000000014        1.9151099600000002E-002   0.0000000000000000        0.0000000000000000     
   10.000000000000000        1.5425126000000002       0.52390223999999996        1.8580946000000004E-002   0.0000000000000000        0.0000000000000000     
   11.000000000000000        1.5039019999999999       0.48579607000000002        1.8121218300000002E-002   0.0000000000000000        0.0000000000000000     
   12.000000000000000        1.4720533000000000       0.45430267999999996        1.7741846299999999E-002   0.0000000000000000        0.0000000000000000     
   13.000000000000000        1.4452350000000000       0.42777654000000004        1.7424109199999999E-002   0.0000000000000000        0.0000000000000000     
   14.000000000000000        1.4223145000000001       0.40513472000000000        1.7153039300000002E-002   0.0000000000000000        0.0000000000000000     
   15.000000000000000        1.4024255000000001       0.38553114000000005        1.6919905500000002E-002   0.0000000000000000        0.0000000000000000     
   16.000000000000000        1.3850680000000000       0.36836950000000002        1.6716246300000001E-002   0.0000000000000000        0.0000000000000000     
   17.000000000000000        1.3697094000000001       0.35318339000000004        1.6536948900000001E-002   0.0000000000000000        0.0000000000000000     
   18.000000000000000        1.3560159999999999       0.33963966000000001        1.6377731999999999E-002   0.0000000000000000        0.0000000000000000     
   19.000000000000000        1.3436889000000001       0.32745516000000008        1.6235044700000003E-002   0.0000000000000000        0.0000000000000000     
   20.000000000000000        1.3324944000000001       0.31641674000000003        1.6107325100000000E-002   0.0000000000000000        0.0000000000000000     
   21.000000000000000        1.3223325000000001       0.30635777000000003        1.5991123400000001E-002   0.0000000000000000        0.0000000000000000     
   22.000000000000000        1.3130369000000002       0.29712173000000003        1.5885012500000000E-002   0.0000000000000000        0.0000000000000000     
   23.000000000000000        1.3044076000000002       0.28860861999999998        1.5788160900000001E-002   0.0000000000000000        0.0000000000000000     
   24.000000000000000        1.2964446000000001       0.28072855000000002        1.5698545899999999E-002   0.0000000000000000        0.0000000000000000     
   25.000000000000000        1.2889816000000001       0.27338826000000005        1.5616032700000003E-002   0.0000000000000000        0.0000000000000000     
   26.000000000000000        1.2820512000000002       0.26652449000000000        1.5539295299999999E-002   0.0000000000000000        0.0000000000000000     
   27.000000000000000        1.2755208000000000       0.26009050000000000        1.5467603300000000E-002   0.0000000000000000        0.0000000000000000     
   28.000000000000000        1.2693904000000003       0.25402976999999999        1.5400889300000001E-002   0.0000000000000000        0.0000000000000000     
   29.000000000000000        1.2636263000000001       0.24829893000000003        1.5337793600000000E-002   0.0000000000000000        0.0000000000000000     
   30.000000000000000        1.2581622000000001       0.24287471999999999        1.5278979200000001E-002   0.0000000000000000        0.0000000000000000     
   31.000000000000000        1.2529318000000003       0.23772377000000003        1.5223052700000000E-002   0.0000000000000000        0.0000000000000000     
   32.000000000000000        1.2479677000000000       0.23281619000000003        1.5170643400000001E-002   0.0000000000000000        0.0000000000000000     
   33.000000000000000        1.2432373000000001       0.22812625100000003        1.5120459000000001E-002   0.0000000000000000        0.0000000000000000     
   34.000000000000000        1.2386732000000000       0.22363305200000003        1.5072432100000000E-002   0.0000000000000000        0.0000000000000000     
   35.000000000000000        1.2343754000000000       0.21933052700000003        1.5027225699999999E-002   0.0000000000000000        0.0000000000000000     
   36.000000000000000        1.2301787000000000       0.21519373100000000        1.4983480100000002E-002   0.0000000000000000        0.0000000000000000     
   37.000000000000000        1.2261146000000001       0.21121300100000001        1.4941892000000000E-002   0.0000000000000000        0.0000000000000000     
   38.000000000000000        1.2222842000000000       0.20737766300000002        1.4901731000000001E-002   0.0000000000000000        0.0000000000000000     
   39.000000000000000        1.2185538000000000       0.20366479399999998        1.4862997100000001E-002   0.0000000000000000        0.0000000000000000     
   40.000000000000000        1.2149234000000000       0.20007832800000003        1.4826387000000000E-002   0.0000000000000000        0.0000000000000000     
   41.000000000000000        1.2113930000000002       0.19660927600000000        1.4790507300000000E-002   0.0000000000000000        0.0000000000000000     
   42.000000000000000        1.2079963000000000       0.19324201900000001        1.4755425400000001E-002   0.0000000000000000        0.0000000000000000     
   43.000000000000000        1.2046996000000001       0.18996790500000002        1.4721703200000000E-002   0.0000000000000000        0.0000000000000000     
   44.000000000000000        1.2015029000000002       0.18679154200000003        1.4689408100000001E-002   0.0000000000000000        0.0000000000000000     
   45.000000000000000        1.1983736000000000       0.18369798500000001        1.4657809700000001E-002   0.0000000000000000        0.0000000000000000     
   46.000000000000000        1.1953106000000000       0.18068588600000002        1.4626312399999999E-002   0.0000000000000000        0.0000000000000000     
   47.000000000000000        1.1923476000000002       0.17775322300000002        1.4596174800000000E-002   0.0000000000000000        0.0000000000000000     
   48.000000000000000        1.1894183000000000       0.17488572500000002        1.4566767599999999E-002   0.0000000000000000        0.0000000000000000     
   49.000000000000000        1.1865890000000001       0.17208833700000004        1.4538090800000000E-002   0.0000000000000000        0.0000000000000000     
   50.000000000000000        1.1838597000000002       0.16935375499999999        1.4510110700000000E-002   0.0000000000000000        0.0000000000000000     
   51.000000000000000        1.1811640999999999       0.16668029400000001        1.4482827300000001E-002   0.0000000000000000        0.0000000000000000     
   52.000000000000000        1.1785022000000001       0.16406728000000004        1.4455577600000000E-002   0.0000000000000000        0.0000000000000000     
   53.000000000000000        1.1759066000000000       0.16150010500000003        1.4429024600000003E-002   0.0000000000000000        0.0000000000000000     
   54.000000000000000        1.1734110000000000       0.15899068099999999        1.4403202000000000E-002   0.0000000000000000        0.0000000000000000     
   55.000000000000000        1.1708828000000000       0.15653204100000001        1.4377379399999999E-002   0.0000000000000000        0.0000000000000000     
   56.000000000000000        1.1684546000000000       0.15411654400000002        1.4351590500000001E-002   0.0000000000000000        0.0000000000000000     
   57.000000000000000        1.1660927000000001       0.15174947200000000        1.4327161300000002E-002   0.0000000000000000        0.0000000000000000     
   58.000000000000000        1.1637645000000001       0.14942352100000000        1.4302102800000003E-002   0.0000000000000000        0.0000000000000000     
   59.000000000000007        1.1614363000000001       0.14713801700000001        1.4277707300000001E-002   0.0000000000000000        0.0000000000000000     
   60.000000000000000        1.1591418000000000       0.14489194900000002        1.4254008500000002E-002   0.0000000000000000        0.0000000000000000     
   61.000000000000007        1.1569473000000001       0.14267801299999999        1.4230343400000000E-002   0.0000000000000000        0.0000000000000000     
   62.000000000000000        1.1547528000000002       0.14050879500000002        1.4206678300000001E-002   0.0000000000000000        0.0000000000000000     
   63.000000000000007        1.1525582999999999       0.13837002400000001        1.4183676200000000E-002   0.0000000000000000        0.0000000000000000     
   64.000000000000000        1.1503975000000000       0.13626136300000000        1.4160078500000001E-002   0.0000000000000000        0.0000000000000000     
   65.000000000000000        1.1483367000000000       0.13418843100000000        1.4137110100000001E-002   0.0000000000000000        0.0000000000000000     
   66.000000000000000        1.1462759000000000       0.13215055400000000        1.4114838400000001E-002   0.0000000000000000        0.0000000000000000     
   67.000000000000000        1.1442488000000002       0.13013413500000001        1.4091903700000000E-002   0.0000000000000000        0.0000000000000000     
   68.000000000000000        1.1421880000000002       0.12815142299999999        1.4069665700000001E-002   0.0000000000000000        0.0000000000000000     
   69.000000000000000        1.1402609000000001       0.12619545100000001        1.4047427700000002E-002   0.0000000000000000        0.0000000000000000     
   70.000000000000000        1.1383000999999999       0.12427217500000001        1.4025189700000001E-002   0.0000000000000000        0.0000000000000000     
   71.000000000000000        1.1363730000000001       0.12236766099999999        1.4002985400000001E-002   0.0000000000000000        0.0000000000000000     
   72.000000000000000        1.1344796000000001       0.12048820200000000        1.3981410399999998E-002   0.0000000000000000        0.0000000000000000     
   73.000000000000000        1.1325862000000002       0.11863975400000001        1.3959869100000001E-002   0.0000000000000000        0.0000000000000000     
   74.000000000000000        1.1307591000000001       0.11680838300000002        1.3937664800000001E-002   0.0000000000000000        0.0000000000000000     
   75.000000000000000        1.1289320000000000       0.11500071900000000        1.3916157200000001E-002   0.0000000000000000        0.0000000000000000     
   76.000000000000000        1.1271049000000000       0.11322238100000001        1.3894615900000001E-002   0.0000000000000000        0.0000000000000000     
   77.000000000000000        1.1253115000000000       0.11146010900000000        1.3873108299999999E-002   0.0000000000000000        0.0000000000000000     
   78.000000000000000        1.1236181000000001       0.10972019600000001        1.3851567000000002E-002   0.0000000000000000        0.0000000000000000     
   79.000000000000000        1.1218247000000001       0.10800163100000001        1.3830059400000001E-002   0.0000000000000000        0.0000000000000000     
   80.000000000000000        1.1201313000000002       0.10630407700000001        1.3808551800000001E-002   0.0000000000000000        0.0000000000000000     
   81.000000000000000        1.1184042000000001       0.10462787100000001        1.3787707200000001E-002   0.0000000000000000        0.0000000000000000     
   82.000000000000000        1.1167445000000000       0.10297166500000000        1.3766199600000001E-002   0.0000000000000000        0.0000000000000000     
   83.000000000000000        1.1151174000000001       0.10133613299999999        1.3744692000000003E-002   0.0000000000000000        0.0000000000000000     
   84.000000000000000        1.1134240000000002        9.9713297000000006E-002   1.3723881100000000E-002   0.0000000000000000        0.0000000000000000     
   85.000000000000000        1.1118306000000000        9.8117091000000003E-002   1.3702373500000002E-002   0.0000000000000000        0.0000000000000000     
   86.000000000000000        1.1102372000000000        9.6533244000000004E-002   1.3680865900000000E-002   0.0000000000000000        0.0000000000000000     
   87.000000000000000        1.1086438000000001        9.4968049000000013E-002   1.3660021300000002E-002   0.0000000000000000        0.0000000000000000     
   88.000000000000000        1.1070504000000001        9.3421843000000018E-002   1.3638547400000001E-002   0.0000000000000000        0.0000000000000000     
   89.000000000000000        1.1055233000000002        9.1893952000000001E-002   1.3617702800000003E-002   0.0000000000000000        0.0000000000000000     
   90.000000000000000        1.1039635999999999        9.0384039000000013E-002   1.3596195200000001E-002   0.0000000000000000        0.0000000000000000     
   91.000000000000000        1.1024365000000000        8.8885474000000006E-002   1.3574687600000001E-002   0.0000000000000000        0.0000000000000000     
   92.000000000000000        1.1009431000000001        8.7411213700000004E-002   1.3553876700000002E-002   0.0000000000000000        0.0000000000000000     
   93.000000000000000        1.0995159999999999        8.5947728500000015E-002   1.3532369100000000E-002   0.0000000000000000        0.0000000000000000     
   94.000000000000000        1.0980226000000002        8.4508143600000002E-002   1.3511524500000000E-002   0.0000000000000000        0.0000000000000000     
   95.000000000000000        1.0965955000000001        8.3078996800000013E-002   1.3490016900000000E-002   0.0000000000000000        0.0000000000000000     
   96.000000000000000        1.0951021000000001        8.1666715899999992E-002   1.3468509300000001E-002   0.0000000000000000        0.0000000000000000     
   97.000000000000000        1.0936750000000000        8.0277728700000009E-002   1.3447664700000000E-002   0.0000000000000000        0.0000000000000000     
   98.000000000000000        1.0923479000000000        7.8898707800000009E-002   1.3426157100000001E-002   0.0000000000000000        0.0000000000000000     
   99.000000000000000        1.0909208000000001        7.7536013600000009E-002   1.3404649499999999E-002   0.0000000000000000        0.0000000000000000     
   100.00000000000000        1.0895937000000000        7.6189578699999996E-002   1.3383141900000001E-002   0.0000000000000000        0.0000000000000000     
   101.00000000000000        1.0882003000000000        7.4859234600000005E-002   1.3361634300000001E-002   0.0000000000000000        0.0000000000000000     
   102.00000000000000        1.0868395000000002        7.3538250200000002E-002   1.3340093000000001E-002   0.0000000000000000        0.0000000000000000     
   103.00000000000000        1.0855787000000001        7.2239683300000010E-002   1.3318585400000001E-002   0.0000000000000000        0.0000000000000000     
   104.00000000000000        1.0842516000000002        7.0956870200000008E-002   1.3297044100000001E-002   0.0000000000000000        0.0000000000000000     
   105.00000000000001        1.0829908000000001        6.9689676100000000E-002   1.3275536500000001E-002   0.0000000000000000        0.0000000000000000     
   106.00000000000000        1.0816637000000000        6.8431369900000011E-002   1.3253995200000000E-002   0.0000000000000000        0.0000000000000000     
   107.00000000000000        1.0804028999999999        6.7195739800000001E-002   1.3232487599999999E-002   0.0000000000000000        0.0000000000000000     
   108.00000000000000        1.0791420999999999        6.5972110400000006E-002   1.3210946300000002E-002   0.0000000000000000        0.0000000000000000     
   109.00000000000001        1.0779475999999999        6.4763695600000004E-002   1.3189405000000001E-002   0.0000000000000000        0.0000000000000000     
   110.00000000000000        1.0767205000000000        6.3570427999999998E-002   1.3167200700000001E-002   0.0000000000000000        0.0000000000000000     
   111.00000000000000        1.0755260000000002        6.2392206500000005E-002   1.3145659400000001E-002   0.0000000000000000        0.0000000000000000     
   112.00000000000000        1.0743315000000000        6.1228334400000001E-002   1.3124118100000000E-002   0.0000000000000000        0.0000000000000000     
   113.00000000000000        1.0731707000000001        6.0080002899999999E-002   1.3101913800000000E-002   0.0000000000000000        0.0000000000000000     
   114.00000000000000        1.0720425000000002        5.8945886000000003E-002   1.3079675800000001E-002   0.0000000000000000        0.0000000000000000     
   115.00000000000000        1.0708817000000002        5.7826545600000001E-002   1.3058134499999999E-002   0.0000000000000000        0.0000000000000000     
   116.00000000000000        1.0697535000000000        5.6721914300000002E-002   1.3035896500000000E-002   0.0000000000000000        0.0000000000000000     
   117.00000000000000        1.0686590000000000        5.5631261700000004E-002   1.3013692200000001E-002   0.0000000000000000        0.0000000000000000     
   118.00000000000001        1.0675645000000000        5.4555217100000004E-002   1.2992117200000000E-002   0.0000000000000000        0.0000000000000000     
   119.00000000000000        1.0664362999999999        5.3493746799999999E-002   1.2969879200000001E-002   0.0000000000000000        0.0000000000000000     
   120.00000000000000        1.0654081000000000        5.2446783400000002E-002   1.2947641200000002E-002   0.0000000000000000        0.0000000000000000     
   121.00000000000000        1.0643799000000000        5.1414259500000004E-002   1.2925403200000001E-002   0.0000000000000000        0.0000000000000000     
   122.00000000000001        1.0632517000000001        5.0395478399999999E-002   1.2903165200000000E-002   0.0000000000000000        0.0000000000000000     
   123.00000000000000        1.0622898000000001        4.9390406400000003E-002   1.2880927200000001E-002   0.0000000000000000        0.0000000000000000     
   124.00000000000000        1.0612615999999999        4.8399672800000008E-002   1.2858655500000002E-002   0.0000000000000000        0.0000000000000000     
   125.00000000000000        1.0602334000000000        4.7423243900000002E-002   1.2835754500000001E-002   0.0000000000000000        0.0000000000000000     
   126.00000000000001        1.0592714999999999        4.6460389300000002E-002   1.2813482800000001E-002   0.0000000000000000        0.0000000000000000     
   127.00000000000000        1.0583096000000001        4.5511075300000002E-002   1.2791244800000002E-002   0.0000000000000000        0.0000000000000000     
   128.00000000000000        1.0573477000000000        4.4575301900000003E-002   1.2768310100000001E-002   0.0000000000000000        0.0000000000000000     
   129.00000000000000        1.0563858000000002        4.3653664700000004E-002   1.2746038400000001E-002   0.0000000000000000        0.0000000000000000     
   130.00000000000000        1.0554901999999999        4.2745500700000001E-002   1.2723103700000000E-002   0.0000000000000000        0.0000000000000000     
   131.00000000000000        1.0545283000000001        4.1850079500000005E-002   1.2700168999999999E-002   0.0000000000000000        0.0000000000000000     
   132.00000000000000        1.0536327000000001        4.0968760799999997E-002   1.2677897299999999E-002   0.0000000000000000        0.0000000000000000     
   133.00000000000000        1.0527371000000001        4.0100117499999997E-002   1.2654962600000000E-002   0.0000000000000000        0.0000000000000000     
   134.00000000000000        1.0519078000000002        3.9244846299999997E-002   1.2631994200000001E-002   0.0000000000000000        0.0000000000000000     
   135.00000000000000        1.0510122000000000        3.8402879799999998E-002   1.2609059500000000E-002   0.0000000000000000        0.0000000000000000     
   136.00000000000000        1.0501166000000000        3.7573555000000008E-002   1.2586091100000000E-002   0.0000000000000000        0.0000000000000000     
   137.00000000000000        1.0492873000000000        3.6756871900000002E-002   1.2563122700000000E-002   0.0000000000000000        0.0000000000000000     
   138.00000000000000        1.0484917000000000        3.5952763100000007E-002   1.2540188000000002E-002   0.0000000000000000        0.0000000000000000     
   139.00000000000000        1.0476623999999999        3.5161891600000002E-002   1.2517219600000001E-002   0.0000000000000000        0.0000000000000000     
   140.00000000000000        1.0468994000000000        3.4382931400000004E-002   1.2494251200000001E-002   0.0000000000000000        0.0000000000000000     
   141.00000000000000        1.0460701000000001        3.3617141100000004E-002   1.2471282799999999E-002   0.0000000000000000        0.0000000000000000     
   142.00000000000000        1.0453408000000000        3.2863228400000000E-002   1.2447617700000000E-002   0.0000000000000000        0.0000000000000000     
   143.00000000000000        1.0445778000000001        3.2121125899999999E-002   1.2424649300000002E-002   0.0000000000000000        0.0000000000000000     
   144.00000000000000        1.0438148000000000        3.1391530300000005E-002   1.2401680900000000E-002   0.0000000000000000        0.0000000000000000     
   145.00000000000000        1.0430518000000002        3.0673711200000002E-002   1.2378015800000001E-002   0.0000000000000000        0.0000000000000000     
   146.00000000000000        1.0423225000000000        2.9967702300000003E-002   1.2355047400000001E-002   0.0000000000000000        0.0000000000000000     
   147.00000000000000        1.0416258000000000        2.9273469899999998E-002   1.2331382299999999E-002   0.0000000000000000        0.0000000000000000     
   148.00000000000000        1.0408628000000002        2.8590980299999999E-002   1.2307717200000000E-002   0.0000000000000000        0.0000000000000000     
   149.00000000000000        1.0401998000000001        2.7919604200000003E-002   1.2284748800000000E-002   0.0000000000000000        0.0000000000000000     
   150.00000000000000        1.0395031000000001        2.7259937200000001E-002   1.2261083700000001E-002   0.0000000000000000        0.0000000000000000     
   151.00000000000000        1.0388401000000000        2.6611316300000003E-002   1.2237418599999999E-002   0.0000000000000000        0.0000000000000000     
   152.00000000000000        1.0382097000000001        2.5973741500000005E-002   1.2213753500000001E-002   0.0000000000000000        0.0000000000000000     
   153.00000000000000        1.0375130000000001        2.5347212800000005E-002   1.2190054700000001E-002   0.0000000000000000        0.0000000000000000     
   154.00000000000000        1.0369163000000001        2.4731679650000001E-002   1.2166389600000001E-002   0.0000000000000000        0.0000000000000000     
   155.00000000000000        1.0362859000000000        2.4126506010000000E-002   1.2142724500000000E-002   0.0000000000000000        0.0000000000000000     
   156.00000000000000        1.0356892000000002        2.3532327919999999E-002   1.2119025700000001E-002   0.0000000000000000        0.0000000000000000     
   157.00000000000000        1.0350588000000001        2.2948475640000000E-002   1.2095360599999999E-002   0.0000000000000000        0.0000000000000000     
   158.00000000000000        1.0344621000000001        2.2374935690000000E-002   1.2071661800000001E-002   0.0000000000000000        0.0000000000000000     
   159.00000000000000        1.0338316999999999        2.1811034960000000E-002   1.2047996699999999E-002   0.0000000000000000        0.0000000000000000     
   160.00000000000000        1.0333013000000002        2.1258092710000003E-002   1.2024297900000001E-002   0.0000000000000000        0.0000000000000000     
   161.00000000000000        1.0327372000000001        2.0714776200000000E-002   1.1999936100000002E-002   0.0000000000000000        0.0000000000000000     
   162.00000000000000        1.0321405000000001        2.0181068580000003E-002   1.1976237299999999E-002   0.0000000000000000        0.0000000000000000     
   163.00000000000000        1.0315764000000001        1.9656969850000001E-002   1.1952538500000000E-002   0.0000000000000000        0.0000000000000000     
   164.00000000000000        1.0311123000000000        1.9143129530000001E-002   1.1928176700000001E-002   0.0000000000000000        0.0000000000000000     
   165.00000000000000        1.0305482000000001        1.8638214880000004E-002   1.1904477900000002E-002   0.0000000000000000        0.0000000000000000     
   166.00000000000000        1.0300178000000002        1.8142219160000000E-002   1.1880116100000001E-002   0.0000000000000000        0.0000000000000000     
   167.00000000000000        1.0295200000000000        1.7655798630000004E-002   1.1856417300000000E-002   0.0000000000000000        0.0000000000000000     
   168.00000000000000        1.0289896000000001        1.7178939810000002E-002   1.1832021800000000E-002   0.0000000000000000        0.0000000000000000     
   169.00000000000000        1.0285255000000002        1.6710320070000003E-002   1.1807660000000001E-002   0.0000000000000000        0.0000000000000000     
   170.00000000000000        1.0280277000000000        1.6250585559999999E-002   1.1783961200000000E-002   0.0000000000000000        0.0000000000000000     
   171.00000000000000        1.0275636000000001        1.5799736280000001E-002   1.1759565700000000E-002   0.0000000000000000        0.0000000000000000     
   172.00000000000000        1.0270658000000001        1.5357102490000002E-002   1.1735203900000001E-002   0.0000000000000000        0.0000000000000000     
   173.00000000000000        1.0266679999999999        1.4922674080000000E-002   1.1710808400000002E-002   0.0000000000000000        0.0000000000000000     
   174.00000000000000        1.0262039000000001        1.4497110680000003E-002   1.1687109600000000E-002   0.0000000000000000        0.0000000000000000     
   175.00000000000000        1.0257061000000001        1.4079079550000002E-002   1.1662714100000001E-002   0.0000000000000000        0.0000000000000000     
   176.00000000000000        1.0253082999999998        1.3669237624000002E-002   1.1638318600000001E-002   0.0000000000000000        0.0000000000000000     
   177.00000000000000        1.0248768000000001        1.3267580858000000E-002   1.1613923100000001E-002   0.0000000000000000        0.0000000000000000     
   178.00000000000000        1.0244790000000001        1.2873440354500000E-002   1.1589561299999999E-002   0.0000000000000000        0.0000000000000000     
   179.00000000000000        1.0240811999999999        1.2486810553000001E-002   1.1565165800000001E-002   0.0000000000000000        0.0000000000000000     
   180.00000000000000        1.0236497000000000        1.2107686904000001E-002   1.1540770299999999E-002   0.0000000000000000        0.0000000000000000     
   181.00000000000000        1.0232519000000000        1.1736064184000002E-002   1.1516374800000001E-002   0.0000000000000000        0.0000000000000000     
   182.00000000000000        1.0228541000000000        1.1371939360000001E-002   1.1491979300000000E-002   0.0000000000000000        0.0000000000000000     
   183.00000000000000        1.0224888999999999        1.1014640669999999E-002   1.1467583799999998E-002   0.0000000000000000        0.0000000000000000     
   184.00000000000000        1.0220910999999999        1.0664164070000001E-002   1.1443188300000001E-002   0.0000000000000000        0.0000000000000000     
   185.00000000000000        1.0217596000000002        1.0320512929999999E-002   1.1418759100000000E-002   0.0000000000000000        0.0000000000000000     
   186.00000000000000        1.0213943999999999        9.9843367699999994E-003   1.1394363600000000E-002   0.0000000000000000        0.0000000000000000     
   187.00000000000000        1.0209966000000001        9.6543095900000001E-003   1.1369305100000001E-002   0.0000000000000000        0.0000000000000000     
   188.00000000000000        1.0206651000000000        9.3310910199999996E-003   1.1344909600000001E-002   0.0000000000000000        0.0000000000000000     
   189.00000000000000        1.0202999000000001        9.0140113200000010E-003   1.1320514100000002E-002   0.0000000000000000        0.0000000000000000     
   190.00000000000000        1.0199684000000000        8.7037301200000011E-003   1.1296084900000000E-002   0.0000000000000000        0.0000000000000000     
   191.00000000000000        1.0197032000000001        8.3989214200000002E-003   1.1271026400000000E-002   0.0000000000000000        0.0000000000000000     
   192.00000000000000        1.0193717000000000        8.1009044799999989E-003   1.1246630899999999E-002   0.0000000000000000        0.0000000000000000     
   193.00000000000000        1.0190065000000001        7.8083499299999998E-003   1.1222201700000000E-002   0.0000000000000000        0.0000000000000000     
   194.00000000000000        1.0187413000000001        7.5219174000000005E-003   1.1197806200000000E-002   0.0000000000000000        0.0000000000000000     
   195.00000000000000        1.0184097999999999        7.2416068899999993E-003   1.1172714000000000E-002   0.0000000000000000        0.0000000000000000     
   196.00000000000000        1.0181446000000001        6.9660822900000008E-003   1.1148318500000001E-002   0.0000000000000000        0.0000000000000000     
   197.00000000000003        1.0177794000000002        6.6966729700000003E-003   1.1123923000000001E-002   0.0000000000000000        0.0000000000000000     
   198.00000000000000        1.0175142000000001        6.4329743900000003E-003   1.1098830800000001E-002   0.0000000000000000        0.0000000000000000     
   199.00000000000000        1.0172490000000001        6.1743898499999998E-003   1.1074435300000001E-002   0.0000000000000000        0.0000000000000000     
   200.00000000000000        1.0169838000000000        5.9209789100000002E-003   1.1050006100000002E-002   0.0000000000000000        0.0000000000000000     
   201.00000000000000        1.0166849000000000        5.6727415699999997E-003   1.1024913900000002E-002   0.0000000000000000        0.0000000000000000     
   202.00000000000000        1.0164197000000001        5.4296081600000009E-003   1.1000518399999999E-002   0.0000000000000000        0.0000000000000000     
   203.00000000000000        1.0161545000000001        5.1913764100000002E-003   1.0976089200000001E-002   0.0000000000000000        0.0000000000000000     
   204.00000000000000        1.0159555999999998        4.9580429500000007E-003   1.0951030700000001E-002   0.0000000000000000        0.0000000000000000     
   205.00000000000003        1.0156567000000001        4.7294751800000005E-003   1.0926601500000001E-002   0.0000000000000000        0.0000000000000000     
   206.00000000000000        1.0153915000000000        4.5056000600000000E-003   1.0901543000000000E-002   0.0000000000000000        0.0000000000000000     
   207.00000000000000        1.0151926000000000        4.2862883600000004E-003   1.0877113799999999E-002   0.0000000000000000        0.0000000000000000     
   208.00000000000000        1.0149274000000001        4.0714670400000003E-003   1.0852718300000001E-002   0.0000000000000000        0.0000000000000000     
   209.00000000000000        1.0146948000000000        3.8610697999999998E-003   1.0827626100000001E-002   0.0000000000000000        0.0000000000000000     
   210.00000000000003        1.0144295999999999        3.6550269700000000E-003   1.0803196900000001E-002   0.0000000000000000        0.0000000000000000     
   211.00000000000000        1.0142306999999999        3.4532025800000006E-003   1.0778138400000001E-002   0.0000000000000000        0.0000000000000000     
   212.00000000000000        1.0140317999999999        3.2555303300000000E-003   1.0753709199999999E-002   0.0000000000000000        0.0000000000000000     
   213.00000000000000        1.0138329000000001        3.0618742500000003E-003   1.0729313700000000E-002   0.0000000000000000        0.0000000000000000     
   214.00000000000000        1.0135340000000002        2.8723006400000000E-003   1.0704221500000000E-002   0.0000000000000000        0.0000000000000000     
   215.00000000000000        1.0133351000000002        2.6866038600000001E-003   1.0679826000000002E-002   0.0000000000000000        0.0000000000000000     
   216.00000000000000        1.0131361999999999        2.5047209800000002E-003   1.0654733800000002E-002   0.0000000000000000        0.0000000000000000     
   217.00000000000000        1.0129372999999999        2.3265789600000002E-003   1.0630304600000001E-002   0.0000000000000000        0.0000000000000000     
   218.00000000000003        1.0127383999999999        2.1521148700000001E-003   1.0605909100000000E-002   0.0000000000000000        0.0000000000000000     
   219.00000000000000        1.0126058000000002        1.9812556700000003E-003   1.0580816900000001E-002   0.0000000000000000        0.0000000000000000     
   220.00000000000000        1.0123732000000001        1.8140047299999998E-003   1.0556421400000000E-002   0.0000000000000000        0.0000000000000000     
   221.00000000000000        1.0121743000000001        1.6500901100000001E-003   1.0531992200000001E-002   0.0000000000000000        0.0000000000000000     
   222.00000000000000        1.0119754000000001        1.4896444100000001E-003   1.0506933700000000E-002   0.0000000000000000        0.0000000000000000     
   223.00000000000003        1.0118427999999999        1.3325316600000000E-003   1.0482504500000000E-002   0.0000000000000000        0.0000000000000000     
   224.00000000000000        1.0116439000000002        1.1786226299999999E-003   1.0458109000000000E-002   0.0000000000000000        0.0000000000000000     
   225.00000000000000        1.0114776000000001        1.0279105800000002E-003   1.0433050500000001E-002   0.0000000000000000        0.0000000000000000     
   226.00000000000000        1.0112787000000001        8.8032920999999993E-004   1.0408621300000002E-002   0.0000000000000000        0.0000000000000000     
   227.00000000000000        1.0111461000000002        7.3581559000000004E-004   1.0384225800000001E-002   0.0000000000000000        0.0000000000000000     
   228.00000000000000        1.0109472000000002        5.9422700999999987E-004   1.0359133600000001E-002   0.0000000000000000        0.0000000000000000     
   229.00000000000000        1.0108146000000000        4.5563314000000008E-004   1.0334738100000001E-002   0.0000000000000000        0.0000000000000000     
   230.00000000000000        1.0106157000000002        3.1991464000000002E-004   1.0310342599999999E-002   0.0000000000000000        0.0000000000000000     
   231.00000000000003        1.0104831000000001        1.8698521000000005E-004   1.0285947100000001E-002   0.0000000000000000        0.0000000000000000     
   232.00000000000000        1.0103168000000000        5.6815070000000036E-005   1.0261517900000001E-002   0.0000000000000000        0.0000000000000000     
   233.00000000000000        1.0101842000000001       -7.0665450000000020E-005   1.0236459400000002E-002   0.0000000000000000        0.0000000000000000     
   234.00000000000000        1.0099853000000001       -1.9550276000000001E-004   1.0212063900000000E-002   0.0000000000000000        0.0000000000000000     
   235.00000000000000        1.0098527000000002       -3.1775255199999999E-004   1.0187668400000001E-002   0.0000000000000000        0.0000000000000000     
   236.00000000000003        1.0097201000000000       -4.3747328000000004E-004   1.0163272899999999E-002   0.0000000000000000        0.0000000000000000     
   237.00000000000000        1.0095875000000001       -5.5470583000000011E-004   1.0138877400000001E-002   0.0000000000000000        0.0000000000000000     
   238.00000000000000        1.0094212000000002       -6.6953776999999996E-004   1.0114481900000001E-002   0.0000000000000000        0.0000000000000000     
   239.00000000000003        1.0092886000000001       -7.8195474000000015E-004   1.0090086400000000E-002   0.0000000000000000        0.0000000000000000     
   240.00000000000000        1.0091560000000002       -8.9207717999999995E-004   1.0065690900000002E-002   0.0000000000000000        0.0000000000000000     
   241.00000000000000        1.0090234000000000       -9.9990454000000004E-004   1.0041295400000001E-002   0.0000000000000000        0.0000000000000000     
   242.00000000000000        1.0088908000000001       -1.1054766000000002E-003   1.0016899900000001E-002   0.0000000000000000        0.0000000000000000     
   243.00000000000000        1.0087581999999999       -1.2089127000000002E-003   9.9925044000000011E-003   0.0000000000000000        0.0000000000000000     
   244.00000000000003        1.0086919000000001       -1.3101598000000000E-003   9.9681088999999997E-003   0.0000000000000000        0.0000000000000000     
   245.00000000000000        1.0085592999999999       -1.4093179000000001E-003   9.9437134000000017E-003   0.0000000000000000        0.0000000000000000     
   246.00000000000000        1.0083930000000001       -1.5064196000000001E-003   9.9193516000000009E-003   0.0000000000000000        0.0000000000000000     
   247.00000000000000        1.0082604000000002       -1.6015649000000001E-003   9.8949561000000012E-003   0.0000000000000000        0.0000000000000000     
   248.00000000000000        1.0081941000000001       -1.6946538000000002E-003   9.8712236000000012E-003   0.0000000000000000        0.0000000000000000     
   249.00000000000003        1.0080615000000002       -1.7858852000000001E-003   9.8468617999999987E-003   0.0000000000000000        0.0000000000000000     
   250.00000000000000        1.0079289000000002       -1.8752265000000002E-003   9.8224663000000007E-003   0.0000000000000000        0.0000000000000000     
   251.00000000000000        1.0078626000000002       -1.9626439999999999E-003   9.7981044999999999E-003   0.0000000000000000        0.0000000000000000     
   252.00000000000003        1.0077300000000002       -2.0483039999999999E-003   9.7743720000000017E-003   0.0000000000000000        0.0000000000000000     
   253.00000000000000        1.0076636999999999       -2.1321728000000002E-003   9.7500102000000009E-003   0.0000000000000000        0.0000000000000000     
   254.00000000000000        1.0074974000000001       -2.2143504000000000E-003   9.7256484000000001E-003   0.0000000000000000        0.0000000000000000     
   255.00000000000000        1.0073647999999999       -2.2947368000000002E-003   9.7019159000000001E-003   0.0000000000000000        0.0000000000000000     
   256.00000000000000        1.0072985000000001       -2.3734983000000000E-003   9.6775540999999993E-003   0.0000000000000000        0.0000000000000000     
   257.00000000000000        1.0071658999999999       -2.4506349000000000E-003   9.6538552999999999E-003   0.0000000000000000        0.0000000000000000     
   258.00000000000000        1.0070996000000001       -2.5261792000000000E-003   9.6294935000000009E-003   0.0000000000000000        0.0000000000000000     
   259.00000000000000        1.0070333000000000       -2.6001649000000006E-003   9.6057947000000015E-003   0.0000000000000000        0.0000000000000000     
   260.00000000000000        1.0069007000000001       -2.6725920000000005E-003   9.5814329000000007E-003   0.0000000000000000        0.0000000000000000     
   261.00000000000000        1.0068344000000000       -2.7434931000000001E-003   9.5577340999999996E-003   0.0000000000000000        0.0000000000000000     
   262.00000000000000        1.0067018000000001       -2.8129019000000003E-003   9.5340353000000020E-003   0.0000000000000000        0.0000000000000000     
   263.00000000000000        1.0066355000000002       -2.8809510000000005E-003   9.5096735000000012E-003   0.0000000000000000        0.0000000000000000     
   264.00000000000000        1.0065355000000000       -2.9475078000000001E-003   9.4860084000000008E-003   0.0000000000000000        0.0000000000000000     
   265.00000000000000        1.0064692000000002       -3.0126712000000007E-003   9.4623095999999997E-003   0.0000000000000000        0.0000000000000000     
   266.00000000000000        1.0063366000000000       -3.0765412000000004E-003   9.4386445000000010E-003   0.0000000000000000        0.0000000000000000     
   267.00000000000000        1.0062703000000000       -3.1390852000000003E-003   9.4149456999999999E-003   0.0000000000000000        0.0000000000000000     
   268.00000000000000        1.0062039999999999       -3.2002358000000003E-003   9.3912805999999995E-003   0.0000000000000000        0.0000000000000000     
   269.00000000000000        1.0061377000000000       -3.2601256000000002E-003   9.3669188000000004E-003   0.0000000000000000        0.0000000000000000     
   270.00000000000000        1.0060050999999999       -3.3188220000000004E-003   9.3432537000000000E-003   0.0000000000000000        0.0000000000000000     
   271.00000000000000        1.0059388000000000       -3.3762250000000001E-003   9.3202516000000010E-003   0.0000000000000000        0.0000000000000000     
   272.00000000000000        1.0058724999999999       -3.4324671999999999E-003   9.2965528000000016E-003   0.0000000000000000        0.0000000000000000     
   273.00000000000000        1.0058061999999999       -3.4875149000000005E-003   9.2728877000000012E-003   0.0000000000000000        0.0000000000000000     
   274.00000000000000        1.0057399000000000       -3.5413692000000004E-003   9.2492226000000007E-003   0.0000000000000000        0.0000000000000000     
   275.00000000000000        1.0056399000000000       -3.5940952999999999E-003   9.2255575000000020E-003   0.0000000000000000        0.0000000000000000     
   276.00000000000000        1.0055736000000000       -3.6457606000000003E-003   9.2018923999999998E-003   0.0000000000000000        0.0000000000000000     
   277.00000000000000        1.0054410000000000       -3.6963313999999999E-003   9.1789239999999998E-003   0.0000000000000000        0.0000000000000000     
   278.00000000000000        1.0053747000000000       -3.7457740000000003E-003   9.1552589000000011E-003   0.0000000000000000        0.0000000000000000     
   279.00000000000000        1.0053084000000001       -3.7942220999999999E-003   9.1315938000000006E-003   0.0000000000000000        0.0000000000000000     
   280.00000000000000        1.0052421000000000       -3.8415756999999997E-003   9.1086254000000005E-003   0.0000000000000000        0.0000000000000000     
   281.00000000000000        1.0051758000000002       -3.8879674000000001E-003   9.0849603000000018E-003   0.0000000000000000        0.0000000000000000     
   282.00000000000000        1.0051095000000001       -3.9333972000000000E-003   9.0619919000000000E-003   0.0000000000000000        0.0000000000000000     
   283.00000000000000        1.0050432000000000       -3.9777988000000005E-003   9.0383267999999996E-003   0.0000000000000000        0.0000000000000000     
   284.00000000000000        1.0049769000000002       -4.0212384999999996E-003   9.0153584000000012E-003   0.0000000000000000        0.0000000000000000     
   285.00000000000000        1.0049105999999999       -4.0638163000000001E-003   8.9923899999999994E-003   0.0000000000000000        0.0000000000000000     
   286.00000000000000        1.0049105999999999       -4.1054322000000001E-003   8.9694216000000011E-003   0.0000000000000000        0.0000000000000000     
   287.00000000000000        1.0048443000000000       -4.1461188000000001E-003   8.9457901999999995E-003   0.0000000000000000        0.0000000000000000     
   288.00000000000000        1.0047443000000000       -4.1859434999999999E-003   8.9228218000000012E-003   0.0000000000000000        0.0000000000000000     
   289.00000000000000        1.0046780000000000       -4.2249063000000002E-003   8.8998533999999994E-003   0.0000000000000000        0.0000000000000000     
   290.00000000000000        1.0046116999999999       -4.2630724000000007E-003   8.8768850000000010E-003   0.0000000000000000        0.0000000000000000     
   291.00000000000000        1.0045454000000000       -4.3003103000000004E-003   8.8539165999999992E-003   0.0000000000000000        0.0000000000000000     
   292.00000000000000        1.0044791000000000       -4.3367515000000004E-003   8.8309818999999998E-003   0.0000000000000000        0.0000000000000000     
   293.00000000000000        1.0044127999999999       -4.3724307999999995E-003   8.8080135000000014E-003   0.0000000000000000        0.0000000000000000     
   294.00000000000000        1.0043465000000000       -4.4073133999999996E-003   8.7850788000000020E-003   0.0000000000000000        0.0000000000000000     
   295.00000000000000        1.0043465000000000       -4.4414004000000000E-003   8.7621104000000002E-003   0.0000000000000000        0.0000000000000000     
   296.00000000000000        1.0042802000000000       -4.4747907000000000E-003   8.7398387000000004E-003   0.0000000000000000        0.0000000000000000     
   297.00000000000000        1.0042139000000001       -4.5073517000000004E-003   8.7169040000000010E-003   0.0000000000000000        0.0000000000000000     
   298.00000000000000        1.0041476000000000       -4.5392497000000002E-003   8.6939693000000016E-003   0.0000000000000000        0.0000000000000000     
   299.00000000000000        1.0040813000000000       -4.5703847000000001E-003   8.6716976000000019E-003   0.0000000000000000        0.0000000000000000     
   300.00000000000000        1.0040813000000000       -4.6008229999999995E-003   8.6487629000000007E-003   0.0000000000000000        0.0000000000000000     
   301.00000000000000        1.0040150000000001       -4.6305319999999997E-003   8.6264912000000010E-003   0.0000000000000000        0.0000000000000000     
   302.00000000000000        1.0039150000000001       -4.6596106000000000E-003   8.6035564999999998E-003   0.0000000000000000        0.0000000000000000     
   303.00000000000000        1.0038487000000000       -4.6879924999999999E-003   8.5812848000000001E-003   0.0000000000000000        0.0000000000000000     
   304.00000000000000        1.0038487000000000       -4.7157114000000002E-003   8.5590468000000010E-003   0.0000000000000000        0.0000000000000000     
   305.00000000000000        1.0037824000000000       -4.7428662000000002E-003   8.5361121000000015E-003   0.0000000000000000        0.0000000000000000     
   306.00000000000000        1.0037161000000001       -4.7692917000000008E-003   8.5138741000000007E-003   0.0000000000000000        0.0000000000000000     
   307.00000000000000        1.0037161000000001       -4.7951531000000004E-003   8.4916360999999999E-003   0.0000000000000000        0.0000000000000000     
   308.00000000000000        1.0036498000000003       -4.8203841000000001E-003   8.4693980999999991E-003   0.0000000000000000        0.0000000000000000     
   309.00000000000000        1.0035835000000000       -4.8450183999999997E-003   8.4471263999999994E-003   0.0000000000000000        0.0000000000000000     
   310.00000000000000        1.0035835000000000       -4.8690222999999994E-003   8.4248884000000003E-003   0.0000000000000000        0.0000000000000000     
   311.00000000000000        1.0035172000000001       -4.8924957999999996E-003   8.4026841000000001E-003   0.0000000000000000        0.0000000000000000     
   312.00000000000000        1.0034508999999998       -4.9154051999999995E-003   8.3804461000000011E-003   0.0000000000000000        0.0000000000000000     
   313.00000000000000        1.0034508999999998       -4.9377842000000007E-003   8.3588711000000000E-003   0.0000000000000000        0.0000000000000000     
   314.00000000000000        1.0033846000000000       -4.9595328000000003E-003   8.3366331000000009E-003   0.0000000000000000        0.0000000000000000     
   315.00000000000000        1.0033183000000001       -4.9808173000000008E-003   8.3144288000000007E-003   0.0000000000000000        0.0000000000000000     
   316.00000000000000        1.0033183000000001       -5.0015377000000001E-003   8.2928538000000013E-003   0.0000000000000000        0.0000000000000000     
   317.00000000000000        1.0032520000000000       -5.0217276999999999E-003   8.2706495000000012E-003   0.0000000000000000        0.0000000000000000     
   318.00000000000000        1.0032520000000000       -5.0414199000000000E-003   8.2491082000000007E-003   0.0000000000000000        0.0000000000000000     
   319.00000000000000        1.0031857000000000       -5.0606480000000001E-003   8.2269039000000006E-003   0.0000000000000000        0.0000000000000000     
   320.00000000000000        1.0030857000000000       -5.0793119999999999E-003   8.2053626000000001E-003   0.0000000000000000        0.0000000000000000     
   321.00000000000000        1.0030857000000000       -5.0975119000000006E-003   8.1831582999999999E-003   0.0000000000000000        0.0000000000000000     
   322.00000000000000        1.0030193999999999       -5.1152803000000004E-003   8.1616170000000012E-003   0.0000000000000000        0.0000000000000000     
   323.00000000000000        1.0030193999999999       -5.1325183000000005E-003   8.1400757000000008E-003   0.0000000000000000        0.0000000000000000     
   324.00000000000000        1.0029531000000000       -5.1493248000000005E-003   8.1185344000000003E-003   0.0000000000000000        0.0000000000000000     
   325.00000000000000        1.0029531000000000       -5.1656672000000006E-003   8.0970268000000005E-003   0.0000000000000000        0.0000000000000000     
   326.00000000000000        1.0028868000000000       -5.1816118000000003E-003   8.0754855000000000E-003   0.0000000000000000        0.0000000000000000     
   327.00000000000000        1.0028204999999999       -5.1970586000000003E-003   8.0539779000000002E-003   0.0000000000000000        0.0000000000000000     
   328.00000000000000        1.0028204999999999       -5.2121076000000007E-003   8.0324703000000004E-003   0.0000000000000000        0.0000000000000000     
   329.00000000000000        1.0027542000000000       -5.2267251000000002E-003   8.0109627000000006E-003   0.0000000000000000        0.0000000000000000     
   330.00000000000000        1.0027542000000000       -5.2408784999999998E-003   7.9894551000000008E-003   0.0000000000000000        0.0000000000000000     
   331.00000000000000        1.0026879000000002       -5.2547004000000003E-003   7.9686105000000007E-003   0.0000000000000000        0.0000000000000000     
   332.00000000000000        1.0026879000000002       -5.2680908000000007E-003   7.9471029000000009E-003   0.0000000000000000        0.0000000000000000     
   333.00000000000000        1.0026215999999999       -5.2810834000000008E-003   7.9262583000000008E-003   0.0000000000000000        0.0000000000000000     
   334.00000000000000        1.0026215999999999       -5.2937108000000004E-003   7.9047507000000010E-003   0.0000000000000000        0.0000000000000000     
   335.00000000000000        1.0025553000000000       -5.3058741000000000E-003   7.8839397999999998E-003   0.0000000000000000        0.0000000000000000     
   336.00000000000000        1.0025553000000000       -5.3177722000000011E-003   7.8624322000000000E-003   0.0000000000000000        0.0000000000000000     
   337.00000000000000        1.0024890000000002       -5.3292388000000003E-003   7.8416213000000005E-003   0.0000000000000000        0.0000000000000000     
   338.00000000000000        1.0024890000000002       -5.3403739000000006E-003   7.8208103999999994E-003   0.0000000000000000        0.0000000000000000     
   339.00000000000000        1.0024890000000002       -5.3511111999999996E-003   7.7999994999999999E-003   0.0000000000000000        0.0000000000000000     
   340.00000000000000        1.0024227000000001       -5.3614833000000008E-003   7.7785256000000007E-003   0.0000000000000000        0.0000000000000000     
   341.00000000000000        1.0024227000000001       -5.3715901999999999E-003   7.7577147000000004E-003   0.0000000000000000        0.0000000000000000     
   342.00000000000000        1.0023564000000000       -5.3812993000000005E-003   7.7369038000000010E-003   0.0000000000000000        0.0000000000000000     
   343.00000000000000        1.0023227000000001       -5.3906431999999997E-003   7.7167559000000004E-003   0.0000000000000000        0.0000000000000000     
   344.00000000000000        1.0022564000000000       -5.3997556000000002E-003   7.6959787000000007E-003   0.0000000000000000        0.0000000000000000     
   345.00000000000000        1.0022564000000000       -5.4084691000000004E-003   7.6751678000000004E-003   0.0000000000000000        0.0000000000000000     
   346.00000000000000        1.0022564000000000       -5.4168848000000006E-003   7.6543905999999998E-003   0.0000000000000000        0.0000000000000000     
   347.00000000000000        1.0021901000000002       -5.4250016000000007E-003   7.6336134000000010E-003   0.0000000000000000        0.0000000000000000     
   348.00000000000000        1.0021901000000002       -5.4327869000000001E-003   7.6134655000000004E-003   0.0000000000000000        0.0000000000000000     
   349.00000000000000        1.0021237999999999       -5.4402733000000003E-003   7.5926883000000008E-003   0.0000000000000000        0.0000000000000000     
   350.00000000000000        1.0021237999999999       -5.4474619000000005E-003   7.5725741000000008E-003   0.0000000000000000        0.0000000000000000     
   351.00000000000000        1.0021237999999999       -5.4544179000000003E-003   7.5517969000000002E-003   0.0000000000000000        0.0000000000000000     
   352.00000000000000        1.0020575000000000       -5.4610424000000012E-003   7.5317164000000009E-003   0.0000000000000000        0.0000000000000000     
   353.00000000000000        1.0020575000000000       -5.4673017000000006E-003   7.5116022000000001E-003   0.0000000000000000        0.0000000000000000     
   354.00000000000000        1.0019912000000000       -5.4733621000000003E-003   7.4914880000000001E-003   0.0000000000000000        0.0000000000000000     
   355.00000000000000        1.0019912000000000       -5.4791572999999998E-003   7.4714075000000008E-003   0.0000000000000000        0.0000000000000000     
   356.00000000000000        1.0019912000000000       -5.4846873000000008E-003   7.4506640000000001E-003   0.0000000000000000        0.0000000000000000     
   357.00000000000000        1.0019248999999999       -5.4899520999999998E-003   7.4305498000000001E-003   0.0000000000000000        0.0000000000000000     
   358.00000000000000        1.0019248999999999       -5.4949180000000005E-003   7.4111323000000014E-003   0.0000000000000000        0.0000000000000000     
   359.00000000000000        1.0019248999999999       -5.4996187000000011E-003   7.3910518000000003E-003   0.0000000000000000        0.0000000000000000     
   360.00000000000000        1.0018586000000000       -5.5041205000000001E-003   7.3709713000000001E-003   0.0000000000000000        0.0000000000000000     
   361.00000000000000        1.0018586000000000       -5.5083234000000009E-003   7.3509245000000006E-003   0.0000000000000000        0.0000000000000000     
   362.00000000000000        1.0017923000000000       -5.5123274000000002E-003   7.3308440000000004E-003   0.0000000000000000        0.0000000000000000     
   363.00000000000000        1.0017923000000000       -5.5160998999999999E-003   7.3114265000000008E-003   0.0000000000000000        0.0000000000000000     
   364.00000000000000        1.0017923000000000       -5.5195398000000007E-003   7.2913797000000004E-003   0.0000000000000000        0.0000000000000000     
   365.00000000000000        1.0017260000000001       -5.5228145000000006E-003   7.2719958999999997E-003   0.0000000000000000        0.0000000000000000     
   366.00000000000000        1.0017260000000001       -5.5258903000000000E-003   7.2519154000000004E-003   0.0000000000000000        0.0000000000000000     
   367.00000000000000        1.0017260000000001       -5.5287334999999998E-003   7.2325316000000006E-003   0.0000000000000000        0.0000000000000000     
   368.00000000000000        1.0017260000000001       -5.5313115000000003E-003   7.2131478000000008E-003   0.0000000000000000        0.0000000000000000     
   369.00000000000000        1.0016597000000000       -5.5336906000000002E-003   7.1937640000000001E-003   0.0000000000000000        0.0000000000000000     
   370.00000000000000        1.0016597000000000       -5.5358371000000005E-003   7.1737171999999997E-003   0.0000000000000000        0.0000000000000000     
   371.00000000000000        1.0016597000000000       -5.5378184000000000E-003   7.1546322999999998E-003   0.0000000000000000        0.0000000000000000     
   372.00000000000000        1.0015934000000000       -5.5395671000000000E-003   7.1352485000000000E-003   0.0000000000000000        0.0000000000000000     
   373.00000000000000        1.0015597000000001       -5.5411169000000003E-003   7.1159310000000007E-003   0.0000000000000000        0.0000000000000000     
   374.00000000000000        1.0015597000000001       -5.5424678000000000E-003   7.0966472000000003E-003   0.0000000000000000        0.0000000000000000     
   375.00000000000000        1.0014934000000000       -5.5436197999999999E-003   7.0774297000000003E-003   0.0000000000000000        0.0000000000000000     
   376.00000000000000        1.0014934000000000       -5.5445392000000003E-003   7.0582122000000004E-003   0.0000000000000000        0.0000000000000000     
   377.00000000000000        1.0014934000000000       -5.5452934000000008E-003   7.0391273000000006E-003   0.0000000000000000        0.0000000000000000     
   378.00000000000000        1.0014934000000000       -5.5458813000000004E-003   7.0200423999999999E-003   0.0000000000000000        0.0000000000000000     
   379.00000000000000        1.0014271000000001       -5.5462703000000004E-003   7.0009575000000001E-003   0.0000000000000000        0.0000000000000000     
   380.00000000000000        1.0014271000000001       -5.5464604000000006E-003   6.9820052000000013E-003   0.0000000000000000        0.0000000000000000     
   381.00000000000000        1.0014271000000001       -5.5465179000000007E-003   6.9630528999999998E-003   0.0000000000000000        0.0000000000000000     
   382.00000000000000        1.0013608000000001       -5.5463428000000004E-003   6.9441342999999999E-003   0.0000000000000000        0.0000000000000000     
   383.00000000000000        1.0013608000000001       -5.5460025000000001E-003   6.9252483000000007E-003   0.0000000000000000        0.0000000000000000     
   384.00000000000000        1.0013608000000001       -5.5454959000000000E-003   6.9064623000000000E-003   0.0000000000000000        0.0000000000000000     
   385.00000000000000        1.0013608000000001       -5.5448567000000006E-003   6.8877425999999999E-003   0.0000000000000000        0.0000000000000000     
   386.00000000000000        1.0012945000000000       -5.5440186000000006E-003   6.8690228999999997E-003   0.0000000000000000        0.0000000000000000     
   387.00000000000000        1.0012945000000000       -5.5430478999999996E-003   6.8503694999999991E-003   0.0000000000000000        0.0000000000000000     
   388.00000000000000        1.0012945000000000       -5.5418783000000006E-003   6.8317824000000008E-003   0.0000000000000000        0.0000000000000000     
   389.00000000000006        1.0012945000000000       -5.5406424000000003E-003   6.8131952999999999E-003   0.0000000000000000        0.0000000000000000     
   390.00000000000000        1.0012282000000001       -5.5391738999999995E-003   6.7947082000000009E-003   0.0000000000000000        0.0000000000000000     
   391.00000000000000        1.0012282000000001       -5.5375064999999999E-003   6.7762537000000001E-003   0.0000000000000000        0.0000000000000000     
   392.00000000000000        1.0012282000000001       -5.5358065000000005E-003   6.7578328999999999E-003   0.0000000000000000        0.0000000000000000     
   393.00000000000000        1.0012282000000001       -5.5338739000000007E-003   6.7394447000000005E-003   0.0000000000000000        0.0000000000000000     
   394.00000000000006        1.0011619000000000       -5.5318086999999998E-003   6.7211565000000004E-003   0.0000000000000000        0.0000000000000000     
   395.00000000000000        1.0011619000000000       -5.5296108999999998E-003   6.7028683000000004E-003   0.0000000000000000        0.0000000000000000     
   396.00000000000000        1.0011619000000000       -5.5273131000000003E-003   6.6846464000000008E-003   0.0000000000000000        0.0000000000000000     
   397.00000000000000        1.0011619000000000       -5.5248501000000000E-003   6.6664908000000009E-003   0.0000000000000000        0.0000000000000000     
   398.00000000000000        1.0011619000000000       -5.5222208000000007E-003   6.6483351999999992E-003   0.0000000000000000        0.0000000000000000     
   399.00000000000006        1.0010956000000000       -5.5194926000000002E-003   6.6302458999999998E-003   0.0000000000000000        0.0000000000000000     
   400.00000000000000        1.0010956000000000       -5.5165981000000006E-003   6.6122565999999997E-003   0.0000000000000000        0.0000000000000000     
   401.00000000000000        1.0010956000000000       -5.5136373000000006E-003   6.5942335999999999E-003   0.0000000000000000        0.0000000000000000     
   402.00000000000000        1.0010956000000000       -5.5104775999999999E-003   6.5763106000000012E-003   0.0000000000000000        0.0000000000000000     
   403.00000000000000        1.0010293000000001       -5.5072515999999997E-003   6.5584539000000004E-003   0.0000000000000000        0.0000000000000000     
   404.00000000000000        1.0010293000000001       -5.5038930000000010E-003   6.5405972000000005E-003   0.0000000000000000        0.0000000000000000     
   405.00000000000000        1.0010293000000001       -5.5004018000000005E-003   6.5228068000000002E-003   0.0000000000000000        0.0000000000000000     
   406.00000000000000        1.0010293000000001       -5.4967779999999999E-003   6.5050827000000012E-003   0.0000000000000000        0.0000000000000000     
   407.00000000000000        1.0010293000000001       -5.4930541999999999E-003   6.4873586000000006E-003   0.0000000000000000        0.0000000000000000     
   408.00000000000000        1.0009630000000000       -5.4892315000000004E-003   6.4697008000000004E-003   0.0000000000000000        0.0000000000000000     
   409.00000000000000        1.0009630000000000       -5.4852425000000002E-003   6.4521092999999998E-003   0.0000000000000000        0.0000000000000000     
   410.00000000000006        1.0009630000000000       -5.4812209000000001E-003   6.4345515000000008E-003   0.0000000000000000        0.0000000000000000     
   411.00000000000000        1.0009630000000000       -5.4770330000000009E-003   6.4170600000000005E-003   0.0000000000000000        0.0000000000000000     
   412.00000000000000        1.0009630000000000       -5.4727788000000013E-003   6.3995348000000004E-003   0.0000000000000000        0.0000000000000000     
   413.00000000000000        1.0008967000000000       -5.4683919999999999E-003   6.3821759000000002E-003   0.0000000000000000        0.0000000000000000     
   414.00000000000000        1.0008967000000000       -5.4638726000000000E-003   6.3648169999999992E-003   0.0000000000000000        0.0000000000000000     
   415.00000000000006        1.0008967000000000       -5.4592869000000006E-003   6.3474581000000016E-003   0.0000000000000000        0.0000000000000000     
   416.00000000000000        1.0008630000000001       -5.4546348999999997E-003   6.3301655000000002E-003   0.0000000000000000        0.0000000000000000     
   417.00000000000000        1.0008630000000001       -5.4498502999999997E-003   6.3129392000000001E-003   0.0000000000000000        0.0000000000000000     
   418.00000000000000        1.0008630000000001       -5.4449994000000000E-003   6.2958128999999995E-003   0.0000000000000000        0.0000000000000000     
   419.00000000000000        1.0007967000000000       -5.4400159000000002E-003   6.2786528999999999E-003   0.0000000000000000        0.0000000000000000     
   420.00000000000006        1.0007967000000000       -5.4349324000000001E-003   6.2615929000000006E-003   0.0000000000000000        0.0000000000000000     
   421.00000000000000        1.0007967000000000       -5.4298163000000002E-003   6.2444991999999998E-003   0.0000000000000000        0.0000000000000000     
   422.00000000000000        1.0007967000000000       -5.4245339000000004E-003   6.2275718000000006E-003   0.0000000000000000        0.0000000000000000     
   423.00000000000000        1.0007967000000000       -5.4192189000000007E-003   6.2105780999999992E-003   0.0000000000000000        0.0000000000000000     
   424.00000000000000        1.0007967000000000       -5.4138038999999999E-003   6.1937170000000005E-003   0.0000000000000000        0.0000000000000000     
   425.00000000000006        1.0007304000000001       -5.4082562999999998E-003   6.1768558999999992E-003   0.0000000000000000        0.0000000000000000     
   426.00000000000000        1.0007304000000001       -5.4027423999999996E-003   6.1600611000000001E-003   0.0000000000000000        0.0000000000000000     
   427.00000000000000        1.0007304000000001       -5.3970622000000003E-003   6.1433000000000000E-003   0.0000000000000000        0.0000000000000000     
   428.00000000000000        1.0007304000000001       -5.3912494000000000E-003   6.1265714999999997E-003   0.0000000000000000        0.0000000000000000     
   429.00000000000000        1.0007304000000001       -5.3854365999999997E-003   6.1099092999999998E-003   0.0000000000000000        0.0000000000000000     
   430.00000000000000        1.0007304000000001       -5.3795574999999998E-003   6.0932808000000007E-003   0.0000000000000000        0.0000000000000000     
   431.00000000000006        1.0006640999999998       -5.3735457999999998E-003   6.0767186000000011E-003   0.0000000000000000        0.0000000000000000     
   432.00000000000000        1.0006640999999998       -5.3674678000000010E-003   6.0602227000000012E-003   0.0000000000000000        0.0000000000000000     
   433.00000000000000        1.0006640999999998       -5.3613897999999997E-003   6.0436930999999998E-003   0.0000000000000000        0.0000000000000000     
   434.00000000000000        1.0006640999999998       -5.3551792000000008E-003   6.0272635000000012E-003   0.0000000000000000        0.0000000000000000     
   435.00000000000000        1.0006640999999998       -5.3489023000000005E-003   6.0109339000000012E-003   0.0000000000000000        0.0000000000000000     
   436.00000000000006        1.0006640999999998       -5.3425591000000007E-003   5.9945706000000005E-003   0.0000000000000000        0.0000000000000000     
   437.00000000000000        1.0006640999999998       -5.3361159000000005E-003   5.9782736000000003E-003   0.0000000000000000        0.0000000000000000     
   438.00000000000000        1.0005978000000000       -5.3296401000000005E-003   5.9620102999999999E-003   0.0000000000000000        0.0000000000000000     
   439.00000000000000        1.0005978000000000       -5.3230980000000009E-003   5.9457796000000011E-003   0.0000000000000000        0.0000000000000000     
   440.00000000000000        1.0005978000000000       -5.3164559000000002E-003   5.9296489000000008E-003   0.0000000000000000        0.0000000000000000     
   441.00000000000006        1.0005978000000000       -5.3098475000000001E-003   5.9135182000000005E-003   0.0000000000000000        0.0000000000000000     
   442.00000000000000        1.0005978000000000       -5.3031064999999999E-003   5.8974201000000009E-003   0.0000000000000000        0.0000000000000000     
   443.00000000000000        1.0005978000000000       -5.2962655000000003E-003   5.8814220000000007E-003   0.0000000000000000        0.0000000000000000     
   444.00000000000000        1.0005978000000000       -5.2894582000000004E-003   5.8654238999999997E-003   0.0000000000000000        0.0000000000000000     
   445.00000000000000        1.0005978000000000       -5.2824846000000007E-003   5.8495257999999998E-003   0.0000000000000000        0.0000000000000000     
   446.00000000000006        1.0005315000000001       -5.2755446999999999E-003   5.8336603000000006E-003   0.0000000000000000        0.0000000000000000     
   447.00000000000000        1.0005315000000001       -5.2685048000000005E-003   5.8177948000000005E-003   0.0000000000000000        0.0000000000000000     
   448.00000000000000        1.0005315000000001       -5.2614322999999996E-003   5.8020293000000007E-003   0.0000000000000000        0.0000000000000000     
   449.00000000000000        1.0005315000000001       -5.2542598000000010E-003   5.7862301000000003E-003   0.0000000000000000        0.0000000000000000     
   450.00000000000000        1.0005315000000001       -5.2470873000000006E-003   5.7705309000000002E-003   0.0000000000000000        0.0000000000000000     
   451.00000000000006        1.0005315000000001       -5.2398822000000005E-003   5.7548980000000005E-003   0.0000000000000000        0.0000000000000000     
   452.00000000000000        1.0005315000000001       -5.2325771000000000E-003   5.7392314000000002E-003   0.0000000000000000        0.0000000000000000     
   453.00000000000000        1.0005315000000001       -5.2252056999999999E-003   5.7236648000000001E-003   0.0000000000000000        0.0000000000000000     
   454.00000000000000        1.0004652000000001       -5.2178017000000009E-003   5.7080982000000009E-003   0.0000000000000000        0.0000000000000000     
   455.00000000000000        1.0004652000000001       -5.2103640000000003E-003   5.6926978999999999E-003   0.0000000000000000        0.0000000000000000     
   456.00000000000000        1.0004652000000001       -5.2028600000000010E-003   5.6771975999999995E-003   0.0000000000000000        0.0000000000000000     
   457.00000000000006        1.0004652000000001       -5.1952897000000003E-003   5.6618299000000009E-003   0.0000000000000000        0.0000000000000000     
   458.00000000000000        1.0004652000000001       -5.1877194000000005E-003   5.6464958999999995E-003   0.0000000000000000        0.0000000000000000     
   459.00000000000000        1.0004652000000001       -5.1801165000000000E-003   5.6311282000000001E-003   0.0000000000000000        0.0000000000000000     
   460.00000000000000        1.0004652000000001       -5.1724136000000009E-003   5.6159268000000005E-003   0.0000000000000000        0.0000000000000000     
   461.00000000000000        1.0004652000000001       -5.1647107000000001E-003   5.6006591000000005E-003   0.0000000000000000        0.0000000000000000     
   462.00000000000006        1.0004652000000001       -5.1569415000000006E-003   5.5855240000000006E-003   0.0000000000000000        0.0000000000000000     
   463.00000000000000        1.0003989000000000       -5.1491723000000001E-003   5.5703889000000006E-003   0.0000000000000000        0.0000000000000000     
   464.00000000000000        1.0003989000000000       -5.1413368000000010E-003   5.5552538000000007E-003   0.0000000000000000        0.0000000000000000     
   465.00000000000000        1.0003989000000000       -5.1334687000000002E-003   5.5402513000000000E-003   0.0000000000000000        0.0000000000000000     
   466.00000000000000        1.0003989000000000       -5.1255669000000005E-003   5.5252488000000002E-003   0.0000000000000000        0.0000000000000000     
   467.00000000000006        1.0003989000000000       -5.1175987999999995E-003   5.5102463000000004E-003   0.0000000000000000        0.0000000000000000     
   468.00000000000000        1.0003989000000000       -5.1095644000000006E-003   5.4953438000000000E-003   0.0000000000000000        0.0000000000000000     
   469.00000000000000        1.0003989000000000       -5.1015962999999996E-003   5.4804739000000003E-003   0.0000000000000000        0.0000000000000000     
   470.00000000000000        1.0003989000000000       -5.0934956000000002E-003   5.4656377000000004E-003   0.0000000000000000        0.0000000000000000     
   471.00000000000000        1.0003989000000000       -5.0853948999999999E-003   5.4508678000000001E-003   0.0000000000000000        0.0000000000000000     
   472.00000000000006        1.0003989000000000       -5.0772942000000005E-003   5.4360979000000007E-003   0.0000000000000000        0.0000000000000000     
   473.00000000000000        1.0003326000000001       -5.0691608999999995E-003   5.4214268999999999E-003   0.0000000000000000        0.0000000000000000     
   474.00000000000000        1.0003326000000001       -5.0609276000000000E-003   5.4067570000000007E-003   0.0000000000000000        0.0000000000000000     
   475.00000000000000        1.0003326000000001       -5.0526943000000005E-003   5.3921860000000011E-003   0.0000000000000000        0.0000000000000000     
   476.00000000000000        1.0003326000000001       -5.0444610000000001E-003   5.3775487000000000E-003   0.0000000000000000        0.0000000000000000     
   477.00000000000006        1.0003326000000001       -5.0361614000000001E-003   5.3630440000000000E-003   0.0000000000000000        0.0000000000000000     
   478.00000000000006        1.0003326000000001       -5.0278618000000001E-003   5.3485729999999997E-003   0.0000000000000000        0.0000000000000000     
   479.00000000000000        1.0003326000000001       -5.0194958999999996E-003   5.3340683000000005E-003   0.0000000000000000        0.0000000000000000     
   480.00000000000000        1.0003326000000001       -5.0111300000000008E-003   5.3197299000000003E-003   0.0000000000000000        0.0000000000000000     
   481.00000000000000        1.0003326000000001       -5.0027641000000003E-003   5.3052915000000008E-003   0.0000000000000000        0.0000000000000000     
   482.00000000000000        1.0003326000000001       -4.9943319000000010E-003   5.2910193999999994E-003   0.0000000000000000        0.0000000000000000     
   483.00000000000006        1.0003326000000001       -4.9858671000000002E-003   5.2767473000000006E-003   0.0000000000000000        0.0000000000000000     
   484.00000000000000        1.0003326000000001       -4.9774349000000001E-003   5.2624752000000000E-003   0.0000000000000000        0.0000000000000000     
   485.00000000000000        1.0002663000000001       -4.9689364000000003E-003   5.2483356999999996E-003   0.0000000000000000        0.0000000000000000     
   486.00000000000000        1.0002663000000001       -4.9603716000000001E-003   5.2341298999999996E-003   0.0000000000000000        0.0000000000000000     
   487.00000000000000        1.0002663000000001       -4.9518068000000007E-003   5.2200241000000007E-003   0.0000000000000000        0.0000000000000000     
   488.00000000000006        1.0002325999999999       -4.9432420000000005E-003   5.2059509000000007E-003   0.0000000000000000        0.0000000000000000     
   489.00000000000000        1.0002325999999999       -4.9346772000000011E-003   5.1919440000000004E-003   0.0000000000000000        0.0000000000000000     
   490.00000000000000        1.0002325999999999       -4.9260798000000001E-003   5.1779707999999999E-003   0.0000000000000000        0.0000000000000000     
   491.00000000000000        1.0002325999999999       -4.9174487000000003E-003   5.1639976000000002E-003   0.0000000000000000        0.0000000000000000     
   492.00000000000000        1.0002325999999999       -4.9087512999999999E-003   5.1501233000000000E-003   0.0000000000000000        0.0000000000000000     
   493.00000000000006        1.0002325999999999       -4.9001269400000000E-003   5.1362164000000000E-003   0.0000000000000000        0.0000000000000000     
   494.00000000000000        1.0002325999999999       -4.8914362799999996E-003   5.1224421000000010E-003   0.0000000000000000        0.0000000000000000     
   495.00000000000000        1.0002325999999999       -4.8826793200000005E-003   5.1086015000000005E-003   0.0000000000000000        0.0000000000000000     
   496.00000000000000        1.0002325999999999       -4.8739886600000001E-003   5.0948935000000002E-003   0.0000000000000000        0.0000000000000000     
   497.00000000000000        1.0002325999999999       -4.8652350699999996E-003   5.0811855000000000E-003   0.0000000000000000        0.0000000000000000     
   498.00000000000006        1.0001663000000001       -4.8564814800000000E-003   5.0675112000000003E-003   0.0000000000000000        0.0000000000000000     
   499.00000000000000        1.0001663000000001       -4.8476615899999999E-003   5.0538695000000005E-003   0.0000000000000000        0.0000000000000000     
   500.00000000000000        1.0001663000000001       -4.8389080000000003E-003   5.0402941000000003E-003   0.0000000000000000        0.0000000000000000     
   501.00000000000000        1.0001663000000001       -4.8300881100000002E-003   5.0267524000000008E-003   0.0000000000000000        0.0000000000000000     
   502.00000000000000        1.0001663000000001       -4.8212682200000009E-003   5.0132770000000000E-003   0.0000000000000000        0.0000000000000000     
   503.00000000000006        1.0001663000000001       -4.8124516999999995E-003   4.9998341999999999E-003   0.0000000000000000        0.0000000000000000     
   504.00000000000006        1.0001663000000001       -4.8035655099999998E-003   4.9863588000000000E-003   0.0000000000000000        0.0000000000000000     
   505.00000000000000        1.0001663000000001       -4.7946826900000005E-003   4.9730160000000002E-003   0.0000000000000000        0.0000000000000000     
   506.00000000000000        1.0001663000000001       -4.7857998700000012E-003   4.9596732000000004E-003   0.0000000000000000        0.0000000000000000     
   507.00000000000000        1.0001663000000001       -4.7769170500000001E-003   4.9463303999999998E-003   0.0000000000000000        0.0000000000000000     
   508.00000000000000        1.0001663000000001       -4.7680376000000003E-003   4.9331202000000001E-003   0.0000000000000000        0.0000000000000000     
   509.00000000000006        1.0001663000000001       -4.7590884800000005E-003   4.9198773999999997E-003   0.0000000000000000        0.0000000000000000     
   510.00000000000000        1.0001663000000001       -4.7502090299999999E-003   4.9066672000000009E-003   0.0000000000000000        0.0000000000000000     
   511.00000000000000        1.0001663000000001       -4.7412632800000005E-003   4.8935233000000000E-003   0.0000000000000000        0.0000000000000000     
   512.00000000000000        1.0001663000000001       -4.7323175300000003E-003   4.8804130999999997E-003   0.0000000000000000        0.0000000000000000     
   513.00000000000000        1.0001663000000001       -4.7233751500000004E-003   4.8673691999999999E-003   0.0000000000000000        0.0000000000000000     
   514.00000000000000        1.0001000000000000       -4.7143631000000005E-003   4.8543579000000000E-003   0.0000000000000000        0.0000000000000000     
   515.00000000000000        1.0001000000000000       -4.7054207200000007E-003   4.8413140000000002E-003   0.0000000000000000        0.0000000000000000     
   516.00000000000000        1.0001000000000000       -4.6964120400000003E-003   4.8284027000000005E-003   0.0000000000000000        0.0000000000000000     
   517.00000000000000        1.0001000000000000       -4.6874067300000004E-003   4.8154913999999991E-003   0.0000000000000000        0.0000000000000000     
   518.00000000000000        1.0001000000000000       -4.6783980500000001E-003   4.8025801000000003E-003   0.0000000000000000        0.0000000000000000     
   519.00000000000000        1.0001000000000000       -4.6693927400000002E-003   4.7897351000000003E-003   0.0000000000000000        0.0000000000000000     
   520.00000000000000        1.0001000000000000       -4.6603874300000002E-003   4.7769564000000007E-003   0.0000000000000000        0.0000000000000000     
   521.00000000000000        1.0001000000000000       -4.6513821199999994E-003   4.7642114000000010E-003   0.0000000000000000        0.0000000000000000     
   522.00000000000000        1.0001000000000000       -4.6423801799999999E-003   4.7514990000000002E-003   0.0000000000000000        0.0000000000000000     
   523.00000000000000        1.0001000000000000       -4.6333085700000004E-003   4.7387866000000002E-003   0.0000000000000000        0.0000000000000000     
   524.00000000000000        1.0001000000000000       -4.6243066300000000E-003   4.7261079000000001E-003   0.0000000000000000        0.0000000000000000     
   525.00000000000000        1.0001000000000000       -4.6152417600000004E-003   4.7135618000000001E-003   0.0000000000000000        0.0000000000000000     
   526.00000000000000        1.0001000000000000       -4.6061735200000004E-003   4.7009157000000006E-003   0.0000000000000000        0.0000000000000000     
   527.00000000000000        1.0001000000000000       -4.5971749500000004E-003   4.6884359000000002E-003   0.0000000000000000        0.0000000000000000     
   528.00000000000000        1.0001000000000000       -4.5881100800000000E-003   4.6758898000000002E-003   0.0000000000000000        0.0000000000000000     
   529.00000000000000        1.0001000000000000       -4.5790452099999995E-003   4.6634763000000011E-003   0.0000000000000000        0.0000000000000000     
   530.00000000000000        1.0001000000000000       -4.5699837100000003E-003   4.6510628000000004E-003   0.0000000000000000        0.0000000000000000     
   531.00000000000000        1.0001000000000000       -4.5609188399999999E-003   4.6386493000000004E-003   0.0000000000000000        0.0000000000000000     
   532.00000000000000        1.0001000000000000       -4.5517944100000006E-003   4.6263358000000008E-003   0.0000000000000000        0.0000000000000000     
   533.00000000000000        1.0000336999999999       -4.5427329099999997E-003   4.6139886000000005E-003   0.0000000000000000        0.0000000000000000     
   534.00000000000000        1.0000336999999999       -4.5336747800000000E-003   4.6017077000000007E-003   0.0000000000000000        0.0000000000000000     
   535.00000000000000        1.0000336999999999       -4.5246132800000000E-003   4.5894604999999998E-003   0.0000000000000000        0.0000000000000000     
   536.00000000000000        1.0000336999999999       -4.5155585199999999E-003   4.5772459000000005E-003   0.0000000000000000        0.0000000000000000     
   537.00000000000000        1.0000336999999999       -4.5064340899999998E-003   4.5650650000000001E-003   0.0000000000000000        0.0000000000000000     
   538.00000000000000        1.0000336999999999       -4.4973793299999997E-003   4.5529504000000002E-003   0.0000000000000000        0.0000000000000000     
   539.00000000000000        1.0000336999999999       -4.4882582700000000E-003   4.5409020999999999E-003   0.0000000000000000        0.0000000000000000     
   540.00000000000000        1.0000336999999999       -4.4792068800000003E-003   4.5288200999999998E-003   0.0000000000000000        0.0000000000000000     
   541.00000000000000        1.0000336999999999       -4.4701521200000002E-003   4.5167718000000004E-003   0.0000000000000000        0.0000000000000000     
   542.00000000000000        1.0000336999999999       -4.4610344300000000E-003   4.5047897999999998E-003   0.0000000000000000        0.0000000000000000     
   543.00000000000000        1.0000336999999999       -4.4519864099999999E-003   4.4928280200000007E-003   0.0000000000000000        0.0000000000000000     
   544.00000000000000        1.0000336999999999       -4.4428687199999997E-003   4.4809190600000005E-003   0.0000000000000000        0.0000000000000000     
   545.00000000000000        1.0000336999999999       -4.4338206999999996E-003   4.4690797700000003E-003   0.0000000000000000        0.0000000000000000     
   546.00000000000000        1.0000336999999999       -4.4247063800000007E-003   4.4571775500000001E-003   0.0000000000000000        0.0000000000000000     
   547.00000000000000        1.0000270700000000       -4.4156617300000001E-003   4.4454079299999999E-003   0.0000000000000000        0.0000000000000000     
   548.00000000000000        1.0000270700000000       -4.4066170800000004E-003   4.4336450500000006E-003   0.0000000000000000        0.0000000000000000     
   549.00000000000000        1.0000204400000001       -4.3975061300000002E-003   4.4218821700000004E-003   0.0000000000000000        0.0000000000000000     
   550.00000000000000        1.0000204400000001       -4.3884614800000004E-003   4.4101889600000003E-003   0.0000000000000000        0.0000000000000000     
