   1.0000000000000000        3.1303050000000001E-007  -1.0000000000000000        0.0000000000000000        0.0000000000000000        0.0000000000000000     
   2.0000000000000000        1.1937625000000001E-003 -0.99880849999999999        0.0000000000000000        0.0000000000000000        0.0000000000000000     
   3.0000000000000000        1.5753225000000003E-002 -0.98424500000000004        0.0000000000000000        0.0000000000000000        0.0000000000000000     
   4.0000000000000000        5.2997049999999997E-002 -0.94700650000000008        0.0000000000000000        0.0000000000000000        0.0000000000000000     
   5.0000000000000000       0.10552350000000001      -0.89447650000000001        0.0000000000000000        0.0000000000000000        0.0000000000000000     
   6.0000000000000000       0.16346425000000001      -0.83653575000000002        0.0000000000000000        0.0000000000000000        0.0000000000000000     
   7.0000000000000000       0.22079575000000001      -0.77920424999999993        0.0000000000000000        0.0000000000000000        0.0000000000000000     
   8.0000000000000000       0.27460499999999999      -0.72539500000000001        0.0000000000000000        0.0000000000000000        0.0000000000000000     
   9.0000000000000000       0.32385825000000001      -0.67614174999999999        0.0000000000000000        0.0000000000000000        0.0000000000000000     
   10.000000000000000       0.36839224999999998      -0.63160774999999991        0.0000000000000000        0.0000000000000000        0.0000000000000000     
   11.000000000000000       0.40848475000000001      -0.59151524999999994        0.0000000000000000        0.0000000000000000        0.0000000000000000     
   12.000000000000000       0.44453925000000000      -0.55546074999999995        0.0000000000000000        0.0000000000000000        0.0000000000000000     
   13.000000000000002       0.47698149999999995      -0.52301850000000005        0.0000000000000000        0.0000000000000000        0.0000000000000000     
   14.000000000000000       0.50627600000000006      -0.49372400000000005        0.0000000000000000        0.0000000000000000        0.0000000000000000     
   15.000000000000000       0.53278400000000004      -0.46721599999999996        0.0000000000000000        0.0000000000000000        0.0000000000000000     
   16.000000000000000       0.55685450000000003      -0.44314550000000003        0.0000000000000000        0.0000000000000000        0.0000000000000000     
   17.000000000000000       0.57877650000000003      -0.42122350000000003        0.0000000000000000        0.0000000000000000        0.0000000000000000     
   18.000000000000000       0.59880674999999994      -0.40119325000000006        0.0000000000000000        0.0000000000000000        0.0000000000000000     
   19.000000000000000       0.61716975000000007      -0.38283025000000004        0.0000000000000000        0.0000000000000000        0.0000000000000000     
   20.000000000000000       0.63406224999999994      -0.36593775000000001        0.0000000000000000        0.0000000000000000        0.0000000000000000     
   21.000000000000004       0.64963650000000006      -0.35036349999999999        0.0000000000000000        0.0000000000000000        0.0000000000000000     
   22.000000000000000       0.66403925000000008      -0.33596075000000003        0.0000000000000000        0.0000000000000000        0.0000000000000000     
   23.000000000000000       0.67739824999999998      -0.32260175000000002        0.0000000000000000        0.0000000000000000        0.0000000000000000     
   24.000000000000000       0.68981250000000005      -0.31018750000000000        0.0000000000000000        0.0000000000000000        0.0000000000000000     
   25.000000000000000       0.70137975000000008      -0.29862024999999998        0.0000000000000000        0.0000000000000000        0.0000000000000000     
   26.000000000000004       0.71218450000000000      -0.28781550000000000        0.0000000000000000        0.0000000000000000        0.0000000000000000     
   27.000000000000000       0.72229675000000004      -0.27770325000000001        0.0000000000000000        0.0000000000000000        0.0000000000000000     
   28.000000000000000       0.73177325000000004      -0.26822675000000001        0.0000000000000000        0.0000000000000000        0.0000000000000000     
   29.000000000000000       0.74068175000000003      -0.25931825000000003        0.0000000000000000        0.0000000000000000        0.0000000000000000     
   30.000000000000000       0.74907000000000001      -0.25093000000000004        0.0000000000000000        0.0000000000000000        0.0000000000000000     
   31.000000000000004       0.75697475000000003      -0.24302525000000003        0.0000000000000000        0.0000000000000000        0.0000000000000000     
   32.000000000000000       0.76443600000000012      -0.23556400000000002        0.0000000000000000        0.0000000000000000        0.0000000000000000     
   33.000000000000000       0.77150150000000006      -0.22849849999999999        0.0000000000000000        0.0000000000000000        0.0000000000000000     
   34.000000000000000       0.77818575000000001      -0.22181424999999999        0.0000000000000000        0.0000000000000000        0.0000000000000000     
   35.000000000000000       0.78452875000000000      -0.21547125000000000        0.0000000000000000        0.0000000000000000        0.0000000000000000     
   36.000000000000000       0.79056050000000000      -0.20943950000000000        0.0000000000000000        0.0000000000000000        0.0000000000000000     
   37.000000000000000       0.79628325000000000      -0.20371675000000000        0.0000000000000000        0.0000000000000000        0.0000000000000000     
   38.000000000000000       0.80174250000000002      -0.19825750000000000        0.0000000000000000        0.0000000000000000        0.0000000000000000     
   39.000000000000000       0.80694500000000002      -0.19305500000000003        0.0000000000000000        0.0000000000000000        0.0000000000000000     
   40.000000000000000       0.81190849999999992      -0.18809149999999999        0.0000000000000000        0.0000000000000000        0.0000000000000000     
   41.000000000000000       0.81665299999999996      -0.18334700000000001        0.0000000000000000        0.0000000000000000        0.0000000000000000     
   42.000000000000007       0.82119074999999997      -0.17880925000000000        0.0000000000000000        0.0000000000000000        0.0000000000000000     
   43.000000000000000       0.82553175000000001      -0.17446824999999999        0.0000000000000000        0.0000000000000000        0.0000000000000000     
   44.000000000000000       0.82969375000000012      -0.17030624999999999        0.0000000000000000        0.0000000000000000        0.0000000000000000     
   45.000000000000000       0.83368125000000004      -0.16631875000000002        0.0000000000000000        0.0000000000000000        0.0000000000000000     
   46.000000000000000       0.83750975000000005      -0.16248957500000000        0.0000000000000000        0.0000000000000000        0.0000000000000000     
   47.000000000000007       0.84119374999999996      -0.15880692499999999        0.0000000000000000        0.0000000000000000        0.0000000000000000     
   48.000000000000000       0.84473100000000001      -0.15526922499999998        0.0000000000000000        0.0000000000000000        0.0000000000000000     
   49.000000000000000       0.84813374999999991      -0.15186647500000000        0.0000000000000000        0.0000000000000000        0.0000000000000000     
   50.000000000000000       0.85140975000000008      -0.14858935000000001        0.0000000000000000        0.0000000000000000        0.0000000000000000     
   51.000000000000000       0.85457125000000000      -0.14542807500000002        0.0000000000000000        0.0000000000000000        0.0000000000000000     
   52.000000000000007       0.85761825000000003      -0.14238107500000000        0.0000000000000000        0.0000000000000000        0.0000000000000000     
   53.000000000000000       0.86056074999999999      -0.13943925000000001        0.0000000000000000        0.0000000000000000        0.0000000000000000     
   54.000000000000000       0.86339874999999999      -0.13660102499999999        0.0000000000000000        0.0000000000000000        0.0000000000000000     
   55.000000000000000       0.86614225000000000      -0.13385730000000001        0.0000000000000000        0.0000000000000000        0.0000000000000000     
   56.000000000000000       0.86879350000000000      -0.13120695000000002        0.0000000000000000        0.0000000000000000        0.0000000000000000     
   57.000000000000007       0.87135800000000008      -0.12864087500000002        0.0000000000000000        0.0000000000000000        0.0000000000000000     
   58.000000000000000       0.87385025000000005      -0.12615042500000001        0.0000000000000000        0.0000000000000000        0.0000000000000000     
   59.000000000000000       0.87625025000000001      -0.12374997500000000        0.0000000000000000        0.0000000000000000        0.0000000000000000     
   60.000000000000000       0.87858575000000005      -0.12141515000000001        0.0000000000000000        0.0000000000000000        0.0000000000000000     
   61.000000000000000       0.88084675000000001      -0.11915302500000000        0.0000000000000000        0.0000000000000000        0.0000000000000000     
   62.000000000000007       0.88303774999999995      -0.11696270000000000        0.0000000000000000        0.0000000000000000        0.0000000000000000     
   63.000000000000000       0.88516425000000010      -0.11483575000000001        0.0000000000000000        0.0000000000000000        0.0000000000000000     
   64.000000000000000       0.88723625000000006      -0.11276307500000000        0.0000000000000000        0.0000000000000000        0.0000000000000000     
   65.000000000000000       0.88924049999999988      -0.11076017499999999        0.0000000000000000        0.0000000000000000        0.0000000000000000     
   66.000000000000000       0.89119025000000007      -0.10881042499999999        0.0000000000000000        0.0000000000000000        0.0000000000000000     
   67.000000000000000       0.89309550000000004      -0.10690540000000001        0.0000000000000000        0.0000000000000000        0.0000000000000000     
   68.000000000000000       0.89494074999999995      -0.10506015000000000        0.0000000000000000        0.0000000000000000        0.0000000000000000     
   69.000000000000000       0.89673375000000011      -0.10326647500000000        0.0000000000000000        0.0000000000000000        0.0000000000000000     
   70.000000000000000       0.89848450000000002      -0.10151572500000000        0.0000000000000000        0.0000000000000000        0.0000000000000000     
   71.000000000000000       0.90018525000000005       -9.9815424999999999E-002   0.0000000000000000        0.0000000000000000        0.0000000000000000     
   72.000000000000000       0.90185150000000003       -9.8149399999999998E-002   0.0000000000000000        0.0000000000000000        0.0000000000000000     
   73.000000000000000       0.90346775000000001       -9.6532699999999999E-002   0.0000000000000000        0.0000000000000000        0.0000000000000000     
   74.000000000000000       0.90504399999999996       -9.4957125000000003E-002   0.0000000000000000        0.0000000000000000        0.0000000000000000     
   75.000000000000000       0.90658574999999997       -9.3414474999999997E-002   0.0000000000000000        0.0000000000000000        0.0000000000000000     
   76.000000000000000       0.90808749999999994       -9.1912049999999995E-002   0.0000000000000000        0.0000000000000000        0.0000000000000000     
   77.000000000000000       0.90955699999999995       -9.0441875000000005E-002   0.0000000000000000        0.0000000000000000        0.0000000000000000     
   78.000000000000000       0.91098875000000001       -8.9011250000000000E-002   0.0000000000000000        0.0000000000000000        0.0000000000000000     
   79.000000000000000       0.91238825000000001       -8.7611975000000009E-002   0.0000000000000000        0.0000000000000000        0.0000000000000000     
   80.000000000000000       0.91375550000000005       -8.6243600000000004E-002   0.0000000000000000        0.0000000000000000        0.0000000000000000     
   81.000000000000000       0.91509275000000001       -8.4906124999999999E-002   0.0000000000000000        0.0000000000000000        0.0000000000000000     
   82.000000000000000       0.91639999999999999       -8.3599875000000004E-002   0.0000000000000000        0.0000000000000000        0.0000000000000000     
   83.000000000000000       0.91767725000000000       -8.2321525000000007E-002   0.0000000000000000        0.0000000000000000        0.0000000000000000     
   84.000000000000014       0.91893225000000001       -8.1070399999999987E-002   0.0000000000000000        0.0000000000000000        0.0000000000000000     
   85.000000000000000       0.92015725000000004       -7.9845949999999999E-002   0.0000000000000000        0.0000000000000000        0.0000000000000000     
   86.000000000000000       0.92135449999999997       -7.8647725000000002E-002   0.0000000000000000        0.0000000000000000        0.0000000000000000     
   87.000000000000000       0.92252950000000000       -7.7473950000000014E-002   0.0000000000000000        0.0000000000000000        0.0000000000000000     
   88.000000000000000       0.92367449999999995       -7.6324174999999994E-002   0.0000000000000000        0.0000000000000000        0.0000000000000000     
   89.000000000000014       0.92479950000000000       -7.5198399999999999E-002   0.0000000000000000        0.0000000000000000        0.0000000000000000     
   90.000000000000000       0.92590450000000002       -7.4094849999999990E-002   0.0000000000000000        0.0000000000000000        0.0000000000000000     
   91.000000000000000       0.92698725000000004       -7.3013300000000003E-002   0.0000000000000000        0.0000000000000000        0.0000000000000000     
   92.000000000000000       0.92805225000000002       -7.1952524999999989E-002   0.0000000000000000        0.0000000000000000        0.0000000000000000     
   93.000000000000000       0.92908725000000003       -7.0912750000000010E-002   0.0000000000000000        0.0000000000000000        0.0000000000000000     
   94.000000000000014       0.93010999999999999       -6.9892750000000003E-002   0.0000000000000000        0.0000000000000000        0.0000000000000000     
   95.000000000000000       0.93110725000000005       -6.8891750000000002E-002   0.0000000000000000        0.0000000000000000        0.0000000000000000     
   96.000000000000000       0.93209225000000007       -6.7910300000000007E-002   0.0000000000000000        0.0000000000000000        0.0000000000000000     
   97.000000000000000       0.93305725000000006       -6.6946400000000003E-002   0.0000000000000000        0.0000000000000000        0.0000000000000000     
   98.000000000000000       0.93400450000000002       -6.6000274999999997E-002   0.0000000000000000        0.0000000000000000        0.0000000000000000     
   99.000000000000014       0.93493175000000006       -6.5070925000000002E-002   0.0000000000000000        0.0000000000000000        0.0000000000000000     
   100.00000000000000       0.93583899999999998       -6.4158899999999991E-002   0.0000000000000000        0.0000000000000000        0.0000000000000000     
   101.00000000000000       0.93673625000000005       -6.3262425000000011E-002   0.0000000000000000        0.0000000000000000        0.0000000000000000     
   102.00000000000000       0.93761349999999999       -6.2382274999999994E-002   0.0000000000000000        0.0000000000000000        0.0000000000000000     
   103.00000000000000       0.93848299999999996       -6.1517674999999994E-002   0.0000000000000000        0.0000000000000000        0.0000000000000000     
   104.00000000000001       0.93933250000000001       -6.0667625000000003E-002   0.0000000000000000        0.0000000000000000        0.0000000000000000     
   105.00000000000000       0.94016975000000003       -5.9831900000000000E-002   0.0000000000000000        0.0000000000000000        0.0000000000000000     
   106.00000000000000       0.94099149999999998       -5.9011050000000002E-002   0.0000000000000000        0.0000000000000000        0.0000000000000000     
   107.00000000000000       0.94179325000000003       -5.8203974999999991E-002   0.0000000000000000        0.0000000000000000        0.0000000000000000     
   108.00000000000000       0.94259274999999998       -5.7410000000000003E-002   0.0000000000000000        0.0000000000000000        0.0000000000000000     
   109.00000000000001       0.94336900000000001       -5.6629350000000002E-002   0.0000000000000000        0.0000000000000000        0.0000000000000000     
   110.00000000000000       0.94414075000000008       -5.5861025000000002E-002   0.0000000000000000        0.0000000000000000        0.0000000000000000     
   111.00000000000000       0.94489475000000001       -5.5105799999999996E-002   0.0000000000000000        0.0000000000000000        0.0000000000000000     
   112.00000000000000       0.94563875000000008       -5.4363450000000001E-002   0.0000000000000000        0.0000000000000000        0.0000000000000000     
   113.00000000000000       0.94636724999999999       -5.3631649999999996E-002   0.0000000000000000        0.0000000000000000        0.0000000000000000     
   114.00000000000001       0.94708349999999997       -5.2912725000000001E-002   0.0000000000000000        0.0000000000000000        0.0000000000000000     
   115.00000000000000       0.94779199999999997       -5.2204349999999997E-002   0.0000000000000000        0.0000000000000000        0.0000000000000000     
   116.00000000000000       0.94849050000000013       -5.1507625000000001E-002   0.0000000000000000        0.0000000000000000        0.0000000000000000     
   117.00000000000000       0.94917899999999999       -5.0822224999999999E-002   0.0000000000000000        0.0000000000000000        0.0000000000000000     
   118.00000000000000       0.94984975000000005       -5.0146700000000002E-002   0.0000000000000000        0.0000000000000000        0.0000000000000000     
   119.00000000000001       0.95052049999999999       -4.9482274999999999E-002   0.0000000000000000        0.0000000000000000        0.0000000000000000     
   120.00000000000000       0.95117350000000001       -4.8827950000000002E-002   0.0000000000000000        0.0000000000000000        0.0000000000000000     
   121.00000000000000       0.95181649999999995       -4.8182950000000002E-002   0.0000000000000000        0.0000000000000000        0.0000000000000000     
   122.00000000000000       0.95244950000000006       -4.7548600000000003E-002   0.0000000000000000        0.0000000000000000        0.0000000000000000     
   123.00000000000000       0.95307474999999997       -4.6923575000000002E-002   0.0000000000000000        0.0000000000000000        0.0000000000000000     
   124.00000000000001       0.95369225000000002       -4.6308200000000001E-002   0.0000000000000000        0.0000000000000000        0.0000000000000000     
   125.00000000000000       0.95429975000000011       -4.5702150000000004E-002   0.0000000000000000        0.0000000000000000        0.0000000000000000     
   126.00000000000000       0.95489725000000003       -4.5104974999999999E-002   0.0000000000000000        0.0000000000000000        0.0000000000000000     
   127.00000000000000       0.95548474999999999       -4.4516674999999999E-002   0.0000000000000000        0.0000000000000000        0.0000000000000000     
   128.00000000000000       0.95606675000000008       -4.3937475000000004E-002   0.0000000000000000        0.0000000000000000        0.0000000000000000     
   129.00000000000000       0.95663650000000000       -4.3366149999999999E-002   0.0000000000000000        0.0000000000000000        0.0000000000000000     
   130.00000000000000       0.95719849999999995       -4.2803925000000007E-002   0.0000000000000000        0.0000000000000000        0.0000000000000000     
   131.00000000000000       0.95775274999999993       -4.2249574999999998E-002   0.0000000000000000        0.0000000000000000        0.0000000000000000     
   132.00000000000000       0.95829699999999995       -4.1704100000000001E-002   0.0000000000000000        0.0000000000000000        0.0000000000000000     
   133.00000000000000       0.95883350000000012       -4.1165725000000007E-002   0.0000000000000000        0.0000000000000000        0.0000000000000000     
   134.00000000000000       0.95935999999999999       -4.0635450000000004E-002   0.0000000000000000        0.0000000000000000        0.0000000000000000     
   135.00000000000000       0.95988650000000009       -4.0112825000000005E-002   0.0000000000000000        0.0000000000000000        0.0000000000000000     
   136.00000000000000       0.96040524999999999       -3.9598299999999996E-002   0.0000000000000000        0.0000000000000000        0.0000000000000000     
   137.00000000000000       0.96090625000000007       -3.9090874999999997E-002   0.0000000000000000        0.0000000000000000        0.0000000000000000     
   138.00000000000000       0.96140724999999994       -3.8590325000000002E-002   0.0000000000000000        0.0000000000000000        0.0000000000000000     
   139.00000000000000       0.96190600000000004       -3.8097649999999997E-002   0.0000000000000000        0.0000000000000000        0.0000000000000000     
   140.00000000000000       0.96238924999999997       -3.7611894999999999E-002   0.0000000000000000        0.0000000000000000        0.0000000000000000     
   141.00000000000000       0.96286475000000005       -3.7133149999999997E-002   0.0000000000000000        0.0000000000000000        0.0000000000000000     
   142.00000000000000       0.96333799999999992       -3.6660595000000004E-002   0.0000000000000000        0.0000000000000000        0.0000000000000000     
   143.00000000000000       0.96380350000000004       -3.6195735000000000E-002   0.0000000000000000        0.0000000000000000        0.0000000000000000     
   144.00000000000000       0.96426125000000007       -3.5736997499999999E-002   0.0000000000000000        0.0000000000000000        0.0000000000000000     
   145.00000000000000       0.96471899999999999       -3.5285112500000000E-002   0.0000000000000000        0.0000000000000000        0.0000000000000000     
   146.00000000000000       0.96515900000000010       -3.4839350000000005E-002   0.0000000000000000        0.0000000000000000        0.0000000000000000     
   147.00000000000000       0.96559900000000010       -3.4400395000000000E-002   0.0000000000000000        0.0000000000000000        0.0000000000000000     
   148.00000000000000       0.96602900000000003       -3.3967495000000000E-002   0.0000000000000000        0.0000000000000000        0.0000000000000000     
   149.00000000000000       0.96646125000000005       -3.3540627500000003E-002   0.0000000000000000        0.0000000000000000        0.0000000000000000     
   150.00000000000000       0.96688350000000001       -3.3119770000000000E-002   0.0000000000000000        0.0000000000000000        0.0000000000000000     
   151.00000000000000       0.96729575000000012       -3.2704900000000002E-002   0.0000000000000000        0.0000000000000000        0.0000000000000000     
   152.00000000000000       0.96770250000000002       -3.2296017499999996E-002   0.0000000000000000        0.0000000000000000        0.0000000000000000     
   153.00000000000000       0.96810700000000005       -3.1893077499999999E-002   0.0000000000000000        0.0000000000000000        0.0000000000000000     
   154.00000000000000       0.96850375000000000       -3.1495327500000003E-002   0.0000000000000000        0.0000000000000000        0.0000000000000000     
   155.00000000000000       0.96889274999999997       -3.1104272500000002E-002   0.0000000000000000        0.0000000000000000        0.0000000000000000     
   156.00000000000000       0.96928175000000005       -3.0717587499999997E-002   0.0000000000000000        0.0000000000000000        0.0000000000000000     
   157.00000000000000       0.96966075000000007       -3.0336822499999999E-002   0.0000000000000000        0.0000000000000000        0.0000000000000000     
   158.00000000000000       0.97004200000000007       -2.9961932500000000E-002   0.0000000000000000        0.0000000000000000        0.0000000000000000     
   159.00000000000000       0.97040550000000003       -2.9592165000000000E-002   0.0000000000000000        0.0000000000000000        0.0000000000000000     
   160.00000000000000       0.97077675000000008       -2.9226700000000001E-002   0.0000000000000000        0.0000000000000000        0.0000000000000000     
   161.00000000000000       0.97113024999999997       -2.8867087500000003E-002   0.0000000000000000        0.0000000000000000        0.0000000000000000     
   162.00000000000000       0.97148600000000007       -2.8513304999999999E-002   0.0000000000000000        0.0000000000000000        0.0000000000000000     
   163.00000000000000       0.97183949999999997       -2.8163825000000000E-002   0.0000000000000000        0.0000000000000000        0.0000000000000000     
   164.00000000000000       0.97217750000000003       -2.7818625000000003E-002   0.0000000000000000        0.0000000000000000        0.0000000000000000     
   165.00000000000000       0.97252325000000006       -2.7479232499999999E-002   0.0000000000000000        0.0000000000000000        0.0000000000000000     
   166.00000000000000       0.97285350000000004       -2.7144075000000004E-002   0.0000000000000000        0.0000000000000000        0.0000000000000000     
   167.00000000000000       0.97318149999999992       -2.6814725000000005E-002   0.0000000000000000        0.0000000000000000        0.0000000000000000     
   168.00000000000003       0.97351175000000012       -2.6488835000000002E-002   0.0000000000000000        0.0000000000000000        0.0000000000000000     
   169.00000000000000       0.97383200000000003       -2.6167955000000003E-002   0.0000000000000000        0.0000000000000000        0.0000000000000000     
   170.00000000000000       0.97414449999999997       -2.5852040000000000E-002   0.0000000000000000        0.0000000000000000        0.0000000000000000     
   171.00000000000000       0.97445700000000002       -2.5540360000000002E-002   0.0000000000000000        0.0000000000000000        0.0000000000000000     
   172.00000000000000       0.97476949999999996       -2.5232847499999999E-002   0.0000000000000000        0.0000000000000000        0.0000000000000000     
   173.00000000000003       0.97507425000000003       -2.4929547500000000E-002   0.0000000000000000        0.0000000000000000        0.0000000000000000     
   174.00000000000000       0.97536900000000004       -2.4631212499999999E-002   0.0000000000000000        0.0000000000000000        0.0000000000000000     
   175.00000000000000       0.97566600000000003       -2.4336270000000000E-002   0.0000000000000000        0.0000000000000000        0.0000000000000000     
   176.00000000000000       0.97595299999999996       -2.4046270000000002E-002   0.0000000000000000        0.0000000000000000        0.0000000000000000     
   177.00000000000000       0.97624000000000000       -2.3760437500000002E-002   0.0000000000000000        0.0000000000000000        0.0000000000000000     
   178.00000000000003       0.97651924999999995       -2.3477974999999998E-002   0.0000000000000000        0.0000000000000000        0.0000000000000000     
   179.00000000000000       0.97679850000000012       -2.3199657500000002E-002   0.0000000000000000        0.0000000000000000        0.0000000000000000     
   180.00000000000000       0.97707775000000008       -2.2925507500000001E-002   0.0000000000000000        0.0000000000000000        0.0000000000000000     
   181.00000000000000       0.97734150000000009       -2.2655480000000002E-002   0.0000000000000000        0.0000000000000000        0.0000000000000000     
   182.00000000000000       0.97761074999999997       -2.2388800000000004E-002   0.0000000000000000        0.0000000000000000        0.0000000000000000     
   183.00000000000003       0.97787449999999998       -2.2126242500000001E-002   0.0000000000000000        0.0000000000000000        0.0000000000000000     
   184.00000000000000       0.97813600000000001       -2.1867830000000001E-002   0.0000000000000000        0.0000000000000000        0.0000000000000000     
   185.00000000000000       0.97838974999999995       -2.1612742500000000E-002   0.0000000000000000        0.0000000000000000        0.0000000000000000     
   186.00000000000000       0.97863574999999992       -2.1360980000000002E-002   0.0000000000000000        0.0000000000000000        0.0000000000000000     
   187.00000000000000       0.97888949999999997       -2.1112542500000001E-002   0.0000000000000000        0.0000000000000000        0.0000000000000000     
   188.00000000000003       0.97912774999999996       -2.0868227499999999E-002   0.0000000000000000        0.0000000000000000        0.0000000000000000     
   189.00000000000000       0.97937374999999993       -2.0627215000000001E-002   0.0000000000000000        0.0000000000000000        0.0000000000000000     
   190.00000000000000       0.97961199999999993       -2.0389504999999999E-002   0.0000000000000000        0.0000000000000000        0.0000000000000000     
   191.00000000000000       0.97984250000000006       -2.0155895000000000E-002   0.0000000000000000        0.0000000000000000        0.0000000000000000     
   192.00000000000000       0.98007850000000007       -1.9924812500000003E-002   0.0000000000000000        0.0000000000000000        0.0000000000000000     
   193.00000000000003       0.98030125000000001       -1.9697010000000001E-002   0.0000000000000000        0.0000000000000000        0.0000000000000000     
   194.00000000000000       0.98052950000000005       -1.9472532500000000E-002   0.0000000000000000        0.0000000000000000        0.0000000000000000     
   195.00000000000000       0.98075000000000001       -1.9251335000000001E-002   0.0000000000000000        0.0000000000000000        0.0000000000000000     
   196.00000000000000       0.98096500000000009       -1.9033417500000004E-002   0.0000000000000000        0.0000000000000000        0.0000000000000000     
   197.00000000000000       0.98117775000000007       -1.8818780000000000E-002   0.0000000000000000        0.0000000000000000        0.0000000000000000     
   198.00000000000003       0.98139050000000005       -1.8606670000000002E-002   0.0000000000000000        0.0000000000000000        0.0000000000000000     
   199.00000000000000       0.98160325000000004       -1.8397817500000000E-002   0.0000000000000000        0.0000000000000000        0.0000000000000000     
   200.00000000000000       0.98180825000000005       -1.8192244999999999E-002   0.0000000000000000        0.0000000000000000        0.0000000000000000     
   201.00000000000000       0.98201324999999995       -1.7989155000000000E-002   0.0000000000000000        0.0000000000000000        0.0000000000000000     
   202.00000000000000       0.98220825000000000       -1.7789344999999998E-002   0.0000000000000000        0.0000000000000000        0.0000000000000000     
   203.00000000000003       0.98240550000000004       -1.7592017500000001E-002   0.0000000000000000        0.0000000000000000        0.0000000000000000     
   204.00000000000000       0.98260274999999997       -1.7397947500000000E-002   0.0000000000000000        0.0000000000000000        0.0000000000000000     
   205.00000000000000       0.98279000000000005       -1.7206360000000000E-002   0.0000000000000000        0.0000000000000000        0.0000000000000000     
   206.00000000000000       0.98298725000000009       -1.7017232500000000E-002   0.0000000000000000        0.0000000000000000        0.0000000000000000     
   207.00000000000000       0.98316675000000009       -1.6830587500000001E-002   0.0000000000000000        0.0000000000000000        0.0000000000000000     
   208.00000000000003       0.98335400000000006       -1.6647200000000001E-002   0.0000000000000000        0.0000000000000000        0.0000000000000000     
   209.00000000000000       0.98353575000000004       -1.6466272500000000E-002   0.0000000000000000        0.0000000000000000        0.0000000000000000     
   210.00000000000000       0.98371525000000015       -1.6287827500000001E-002   0.0000000000000000        0.0000000000000000        0.0000000000000000     
   211.00000000000000       0.98388699999999996       -1.6111820000000002E-002   0.0000000000000000        0.0000000000000000        0.0000000000000000     
   212.00000000000000       0.98405875000000009       -1.5938295000000002E-002   0.0000000000000000        0.0000000000000000        0.0000000000000000     
   213.00000000000003       0.98423050000000001       -1.5767207500000002E-002   0.0000000000000000        0.0000000000000000        0.0000000000000000     
   214.00000000000000       0.98440225000000003       -1.5598580000000001E-002   0.0000000000000000        0.0000000000000000        0.0000000000000000     
   215.00000000000000       0.98456624999999998       -1.5432412499999999E-002   0.0000000000000000        0.0000000000000000        0.0000000000000000     
   216.00000000000000       0.98473024999999992       -1.5268705000000000E-002   0.0000000000000000        0.0000000000000000        0.0000000000000000     
   217.00000000000000       0.98489424999999997       -1.5106660000000001E-002   0.0000000000000000        0.0000000000000000        0.0000000000000000     
   218.00000000000003       0.98505049999999994       -1.4947827500000000E-002   0.0000000000000000        0.0000000000000000        0.0000000000000000     
   219.00000000000000       0.98521225000000001       -1.4790657500000000E-002   0.0000000000000000        0.0000000000000000        0.0000000000000000     
   220.00000000000000       0.98536075000000001       -1.4635947500000001E-002   0.0000000000000000        0.0000000000000000        0.0000000000000000     
   221.00000000000000       0.98551700000000009       -1.4482900000000000E-002   0.0000000000000000        0.0000000000000000        0.0000000000000000     
   222.00000000000000       0.98566324999999999       -1.4332267500000001E-002   0.0000000000000000        0.0000000000000000        0.0000000000000000     
   223.00000000000003       0.98581950000000007       -1.4184095000000001E-002   0.0000000000000000        0.0000000000000000        0.0000000000000000     
   224.00000000000000       0.98595800000000011       -1.4037562500000000E-002   0.0000000000000000        0.0000000000000000        0.0000000000000000     
   225.00000000000000       0.98610650000000000       -1.3893467499999999E-002   0.0000000000000000        0.0000000000000000        0.0000000000000000     
   226.00000000000000       0.98625275000000012       -1.3751034999999998E-002   0.0000000000000000        0.0000000000000000        0.0000000000000000     
   227.00000000000000       0.98639125000000005       -1.3610242500000001E-002   0.0000000000000000        0.0000000000000000        0.0000000000000000     
   228.00000000000003       0.98653200000000008       -1.3471887500000002E-002   0.0000000000000000        0.0000000000000000        0.0000000000000000     
   229.00000000000000       0.98666274999999992       -1.3335947499999999E-002   0.0000000000000000        0.0000000000000000        0.0000000000000000     
   230.00000000000000       0.98680125000000007       -1.3200872500000000E-002   0.0000000000000000        0.0000000000000000        0.0000000000000000     
   231.00000000000000       0.98693200000000014       -1.3068235000000003E-002   0.0000000000000000        0.0000000000000000        0.0000000000000000     
   232.00000000000000       0.98706274999999999       -1.2937237500000000E-002   0.0000000000000000        0.0000000000000000        0.0000000000000000     
   233.00000000000003       0.98719349999999995       -1.2807857500000002E-002   0.0000000000000000        0.0000000000000000        0.0000000000000000     
   234.00000000000000       0.98731650000000004       -1.2680914999999999E-002   0.0000000000000000        0.0000000000000000        0.0000000000000000     
   235.00000000000000       0.98744725000000000       -1.2554837500000001E-002   0.0000000000000000        0.0000000000000000        0.0000000000000000     
   236.00000000000000       0.98757025000000009       -1.2431152500000001E-002   0.0000000000000000        0.0000000000000000        0.0000000000000000     
   237.00000000000000       0.98769324999999997       -1.2309130000000000E-002   0.0000000000000000        0.0000000000000000        0.0000000000000000     
   238.00000000000003       0.98780850000000009       -1.2188725000000001E-002   0.0000000000000000        0.0000000000000000        0.0000000000000000     
   239.00000000000000       0.98793149999999996       -1.2069185000000000E-002   0.0000000000000000        0.0000000000000000        0.0000000000000000     
   240.00000000000000       0.98804674999999997       -1.1952037500000000E-002   0.0000000000000000        0.0000000000000000        0.0000000000000000     
   241.00000000000000       0.98816199999999998       -1.1836530000000001E-002   0.0000000000000000        0.0000000000000000        0.0000000000000000     
   242.00000000000000       0.98827500000000001       -1.1722640000000001E-002   0.0000000000000000        0.0000000000000000        0.0000000000000000     
   243.00000000000003       0.98839025000000003       -1.1609615000000000E-002   0.0000000000000000        0.0000000000000000        0.0000000000000000     
   244.00000000000000       0.98850550000000004       -1.1498982499999999E-002   0.0000000000000000        0.0000000000000000        0.0000000000000000     
   245.00000000000000       0.98861075000000009       -1.1389215000000001E-002   0.0000000000000000        0.0000000000000000        0.0000000000000000     
   246.00000000000000       0.98871825000000002       -1.1281065000000000E-002   0.0000000000000000        0.0000000000000000        0.0000000000000000     
   247.00000000000000       0.98882574999999995       -1.1174532500000001E-002   0.0000000000000000        0.0000000000000000        0.0000000000000000     
   248.00000000000003       0.98893100000000000       -1.1068842500000000E-002   0.0000000000000000        0.0000000000000000        0.0000000000000000     
   249.00000000000000       0.98903850000000004       -1.0964770000000000E-002   0.0000000000000000        0.0000000000000000        0.0000000000000000     
   250.00000000000000       0.98913600000000002       -1.0862314999999999E-002   0.0000000000000000        0.0000000000000000        0.0000000000000000     
   251.00000000000000       0.98924350000000005       -1.0761500000000000E-002   0.0000000000000000        0.0000000000000000        0.0000000000000000     
   252.00000000000000       0.98934100000000003       -1.0661505000000000E-002   0.0000000000000000        0.0000000000000000        0.0000000000000000     
   253.00000000000003       0.98943850000000000       -1.0563127500000000E-002   0.0000000000000000        0.0000000000000000        0.0000000000000000     
   254.00000000000000       0.98953825000000006       -1.0465592499999999E-002   0.0000000000000000        0.0000000000000000        0.0000000000000000     
   255.00000000000000       0.98962800000000006       -1.0369675000000002E-002   0.0000000000000000        0.0000000000000000        0.0000000000000000     
   256.00000000000000       0.98972550000000004       -1.0275352500000001E-002   0.0000000000000000        0.0000000000000000        0.0000000000000000     
   257.00000000000000       0.98981750000000002       -1.0181895000000002E-002   0.0000000000000000        0.0000000000000000        0.0000000000000000     
   258.00000000000000       0.98990724999999991       -1.0089257500000001E-002   0.0000000000000000        0.0000000000000000        0.0000000000000000     
   259.00000000000000       0.99000474999999999       -9.9982149999999995E-003   0.0000000000000000        0.0000000000000000        0.0000000000000000     
   260.00000000000000       0.99009449999999999       -9.9088125000000010E-003   0.0000000000000000        0.0000000000000000        0.0000000000000000     
   261.00000000000000       0.99017650000000001       -9.8202075000000007E-003   0.0000000000000000        0.0000000000000000        0.0000000000000000     
   262.00000000000000       0.99026850000000011       -9.7324674999999996E-003   0.0000000000000000        0.0000000000000000        0.0000000000000000     
   263.00000000000000       0.99035825000000000       -9.6463000000000000E-003   0.0000000000000000        0.0000000000000000        0.0000000000000000     
   264.00000000000000       0.99044025000000002       -9.5602225000000016E-003   0.0000000000000000        0.0000000000000000        0.0000000000000000     
   265.00000000000000       0.99052225000000005       -9.4764924999999993E-003   0.0000000000000000        0.0000000000000000        0.0000000000000000     
   266.00000000000000       0.99060424999999996       -9.3928300000000013E-003   0.0000000000000000        0.0000000000000000        0.0000000000000000     
   267.00000000000000       0.99068624999999999       -9.3107850000000002E-003   0.0000000000000000        0.0000000000000000        0.0000000000000000     
   268.00000000000000       0.99076825000000013       -9.2295375000000009E-003   0.0000000000000000        0.0000000000000000        0.0000000000000000     
   269.00000000000000       0.99085025000000004       -9.1499075000000003E-003   0.0000000000000000        0.0000000000000000        0.0000000000000000     
   270.00000000000000       0.99093224999999996       -9.0703225000000002E-003   0.0000000000000000        0.0000000000000000        0.0000000000000000     
   271.00000000000000       0.99100650000000001       -8.9923550000000005E-003   0.0000000000000000        0.0000000000000000        0.0000000000000000     
   272.00000000000000       0.99108850000000004       -8.9151850000000008E-003   0.0000000000000000        0.0000000000000000        0.0000000000000000     
   273.00000000000000       0.99116274999999998       -8.8388575000000000E-003   0.0000000000000000        0.0000000000000000        0.0000000000000000     
   274.00000000000000       0.99123700000000003       -8.7641025000000008E-003   0.0000000000000000        0.0000000000000000        0.0000000000000000     
   275.00000000000000       0.99130900000000000       -8.6894149999999989E-003   0.0000000000000000        0.0000000000000000        0.0000000000000000     
   276.00000000000000       0.99138324999999994       -8.6163225000000006E-003   0.0000000000000000        0.0000000000000000        0.0000000000000000     
   277.00000000000000       0.99145750000000010       -8.5432749999999995E-003   0.0000000000000000        0.0000000000000000        0.0000000000000000     
   278.00000000000000       0.99153175000000005       -8.4717999999999998E-003   0.0000000000000000        0.0000000000000000        0.0000000000000000     
   279.00000000000000       0.99159825000000001       -8.4011675000000008E-003   0.0000000000000000        0.0000000000000000        0.0000000000000000     
   280.00000000000000       0.99167025000000009       -8.3313550000000004E-003   0.0000000000000000        0.0000000000000000        0.0000000000000000     
   281.00000000000000       0.99173675000000006       -8.2621075000000009E-003   0.0000000000000000        0.0000000000000000        0.0000000000000000     
   282.00000000000000       0.99180325000000003       -8.1938575000000003E-003   0.0000000000000000        0.0000000000000000        0.0000000000000000     
   283.00000000000000       0.99187525000000010       -8.1264049999999997E-003   0.0000000000000000        0.0000000000000000        0.0000000000000000     
   284.00000000000000       0.99194175000000007       -8.0597725000000012E-003   0.0000000000000000        0.0000000000000000        0.0000000000000000     
   285.00000000000000       0.99200824999999992       -7.9939599999999996E-003   0.0000000000000000        0.0000000000000000        0.0000000000000000     
   286.00000000000000       0.99207250000000002       -7.9288899999999992E-003   0.0000000000000000        0.0000000000000000        0.0000000000000000     
   287.00000000000000       0.99213900000000010       -7.8646175000000006E-003   0.0000000000000000        0.0000000000000000        0.0000000000000000     
   288.00000000000000       0.99219774999999999       -7.8010875000000006E-003   0.0000000000000000        0.0000000000000000        0.0000000000000000     
   289.00000000000000       0.99226199999999998       -7.7383000000000000E-003   0.0000000000000000        0.0000000000000000        0.0000000000000000     
   290.00000000000000       0.99232074999999997       -7.6762324999999996E-003   0.0000000000000000        0.0000000000000000        0.0000000000000000     
   291.00000000000000       0.99238500000000007       -7.6148299999999995E-003   0.0000000000000000        0.0000000000000000        0.0000000000000000     
   292.00000000000000       0.99244375000000007       -7.5542475000000006E-003   0.0000000000000000        0.0000000000000000        0.0000000000000000     
   293.00000000000000       0.99250799999999995       -7.4943075000000001E-003   0.0000000000000000        0.0000000000000000        0.0000000000000000     
   294.00000000000000       0.99256674999999994       -7.4350325000000009E-003   0.0000000000000000        0.0000000000000000        0.0000000000000000     
   295.00000000000000       0.99262325000000007       -7.3764775000000008E-003   0.0000000000000000        0.0000000000000000        0.0000000000000000     
   296.00000000000000       0.99268200000000006       -7.3185875000000003E-003   0.0000000000000000        0.0000000000000000        0.0000000000000000     
   297.00000000000000       0.99273849999999997       -7.2613625000000001E-003   0.0000000000000000        0.0000000000000000        0.0000000000000000     
   298.00000000000000       0.99279724999999996       -7.2047800000000009E-003   0.0000000000000000        0.0000000000000000        0.0000000000000000     
   299.00000000000000       0.99285375000000009       -7.1487625000000001E-003   0.0000000000000000        0.0000000000000000        0.0000000000000000     
   300.00000000000000       0.99290475000000000       -7.0934875000000005E-003   0.0000000000000000        0.0000000000000000        0.0000000000000000     
   301.00000000000000       0.99296125000000002       -7.0387775000000001E-003   0.0000000000000000        0.0000000000000000        0.0000000000000000     
   302.00000000000000       0.99302000000000001       -6.9846550000000002E-003   0.0000000000000000        0.0000000000000000        0.0000000000000000     
   303.00000000000000       0.99306875000000006       -6.9311749999999995E-003   0.0000000000000000        0.0000000000000000        0.0000000000000000     
   304.00000000000000       0.99311750000000010       -6.8782600000000006E-003   0.0000000000000000        0.0000000000000000        0.0000000000000000     
   305.00000000000000       0.99317625000000009       -6.8259324999999996E-003   0.0000000000000000        0.0000000000000000        0.0000000000000000     
   306.00000000000000       0.99322500000000002       -6.7741700000000004E-003   0.0000000000000000        0.0000000000000000        0.0000000000000000     
   307.00000000000000       0.99327375000000018       -6.7229949999999998E-003   0.0000000000000000        0.0000000000000000        0.0000000000000000     
   308.00000000000000       0.99332475000000009       -6.6723850000000012E-003   0.0000000000000000        0.0000000000000000        0.0000000000000000     
   309.00000000000000       0.99338124999999999       -6.6222625000000000E-003   0.0000000000000000        0.0000000000000000        0.0000000000000000     
   310.00000000000000       0.99343000000000004       -6.5727049999999999E-003   0.0000000000000000        0.0000000000000000        0.0000000000000000     
   311.00000000000000       0.99347874999999997       -6.5237349999999993E-003   0.0000000000000000        0.0000000000000000        0.0000000000000000     
   312.00000000000000       0.99352200000000013       -6.4752300000000002E-003   0.0000000000000000        0.0000000000000000        0.0000000000000000     
   313.00000000000000       0.99357075000000006       -6.4273124999999999E-003   0.0000000000000000        0.0000000000000000        0.0000000000000000     
   314.00000000000000       0.99361950000000010       -6.3798275000000000E-003   0.0000000000000000        0.0000000000000000        0.0000000000000000     
   315.00000000000000       0.99366825000000003       -6.3328849999999999E-003   0.0000000000000000        0.0000000000000000        0.0000000000000000     
   316.00000000000000       0.99371150000000008       -6.2864524999999994E-003   0.0000000000000000        0.0000000000000000        0.0000000000000000     
   317.00000000000000       0.99376025000000012       -6.2404849999999996E-003   0.0000000000000000        0.0000000000000000        0.0000000000000000     
   318.00000000000000       0.99380125000000008       -6.1950274999999994E-003   0.0000000000000000        0.0000000000000000        0.0000000000000000     
   319.00000000000000       0.99385000000000001       -6.1500575000000002E-003   0.0000000000000000        0.0000000000000000        0.0000000000000000     
   320.00000000000000       0.99389099999999997       -6.1055199999999997E-003   0.0000000000000000        0.0000000000000000        0.0000000000000000     
   321.00000000000000       0.99394200000000010       -6.0614474999999999E-003   0.0000000000000000        0.0000000000000000        0.0000000000000000     
   322.00000000000000       0.99398300000000006       -6.0177850000000003E-003   0.0000000000000000        0.0000000000000000        0.0000000000000000     
   323.00000000000000       0.99402400000000002       -5.9746325000000003E-003   0.0000000000000000        0.0000000000000000        0.0000000000000000     
   324.00000000000000       0.99406500000000009       -5.9319449999999992E-003   0.0000000000000000        0.0000000000000000        0.0000000000000000     
   325.00000000000000       0.99411375000000002       -5.8896125000000004E-003   0.0000000000000000        0.0000000000000000        0.0000000000000000     
   326.00000000000000       0.99415474999999998       -5.8477450000000005E-003   0.0000000000000000        0.0000000000000000        0.0000000000000000     
   327.00000000000000       0.99419574999999993       -5.8063875000000003E-003   0.0000000000000000        0.0000000000000000        0.0000000000000000     
   328.00000000000000       0.99423675000000011       -5.7653400000000007E-003   0.0000000000000000        0.0000000000000000        0.0000000000000000     
   329.00000000000000       0.99427775000000007       -5.7247250000000000E-003   0.0000000000000000        0.0000000000000000        0.0000000000000000     
   330.00000000000000       0.99431325000000004       -5.6845199999999993E-003   0.0000000000000000        0.0000000000000000        0.0000000000000000     
   331.00000000000006       0.99435425000000000       -5.6447800000000003E-003   0.0000000000000000        0.0000000000000000        0.0000000000000000     
   332.00000000000000       0.99439524999999995       -5.6053950000000000E-003   0.0000000000000000        0.0000000000000000        0.0000000000000000     
   333.00000000000000       0.99443624999999991       -5.5663975000000004E-003   0.0000000000000000        0.0000000000000000        0.0000000000000000     
   334.00000000000000       0.99446950000000001       -5.5277549999999996E-003   0.0000000000000000        0.0000000000000000        0.0000000000000000     
   335.00000000000000       0.99451050000000008       -5.4894999999999996E-003   0.0000000000000000        0.0000000000000000        0.0000000000000000     
   336.00000000000006       0.99455150000000003       -5.4516549999999997E-003   0.0000000000000000        0.0000000000000000        0.0000000000000000     
   337.00000000000000       0.99458475000000002       -5.4141425000000009E-003   0.0000000000000000        0.0000000000000000        0.0000000000000000     
   338.00000000000000       0.99462574999999998       -5.3770399999999996E-003   0.0000000000000000        0.0000000000000000        0.0000000000000000     
   339.00000000000000       0.99465900000000007       -5.3402700000000003E-003   0.0000000000000000        0.0000000000000000        0.0000000000000000     
   340.00000000000000       0.99470000000000003       -5.3038325000000002E-003   0.0000000000000000        0.0000000000000000        0.0000000000000000     
   341.00000000000006       0.99473325000000001       -5.2678050000000004E-003   0.0000000000000000        0.0000000000000000        0.0000000000000000     
   342.00000000000000       0.99476650000000000       -5.2320875000000005E-003   0.0000000000000000        0.0000000000000000        0.0000000000000000     
   343.00000000000000       0.99480749999999996       -5.1967250000000001E-003   0.0000000000000000        0.0000000000000000        0.0000000000000000     
   344.00000000000000       0.99483849999999996       -5.1616724999999997E-003   0.0000000000000000        0.0000000000000000        0.0000000000000000     
   345.00000000000000       0.99487174999999994       -5.1269525000000003E-003   0.0000000000000000        0.0000000000000000        0.0000000000000000     
   346.00000000000006       0.99490499999999993       -5.0926425000000003E-003   0.0000000000000000        0.0000000000000000        0.0000000000000000     
   347.00000000000000       0.99493825000000002       -5.0585650000000001E-003   0.0000000000000000        0.0000000000000000        0.0000000000000000     
   348.00000000000000       0.99497150000000001       -5.0248425000000005E-003   0.0000000000000000        0.0000000000000000        0.0000000000000000     
   349.00000000000000       0.99500474999999999       -4.9914299999999998E-003   0.0000000000000000        0.0000000000000000        0.0000000000000000     
   350.00000000000000       0.99504575000000006       -4.9583500000000003E-003   0.0000000000000000        0.0000000000000000        0.0000000000000000     
   351.00000000000006       0.99507125000000007       -4.9255250000000000E-003   0.0000000000000000        0.0000000000000000        0.0000000000000000     
   352.00000000000000       0.99510450000000006       -4.8930875000000006E-003   0.0000000000000000        0.0000000000000000        0.0000000000000000     
   353.00000000000000       0.99513775000000004       -4.8608500000000008E-003   0.0000000000000000        0.0000000000000000        0.0000000000000000     
   354.00000000000000       0.99516875000000005       -4.8290000000000000E-003   0.0000000000000000        0.0000000000000000        0.0000000000000000     
   355.00000000000000       0.99520200000000003       -4.7973824999999999E-003   0.0000000000000000        0.0000000000000000        0.0000000000000000     
   356.00000000000006       0.99523525000000002       -4.7661200000000004E-003   0.0000000000000000        0.0000000000000000        0.0000000000000000     
   357.00000000000000       0.99526850000000000       -4.7350900000000000E-003   0.0000000000000000        0.0000000000000000        0.0000000000000000     
   358.00000000000000       0.99529400000000012       -4.7043149999999997E-003   0.0000000000000000        0.0000000000000000        0.0000000000000000     
   359.00000000000000       0.99532725000000011       -4.6738500000000002E-003   0.0000000000000000        0.0000000000000000        0.0000000000000000     
   360.00000000000000       0.99535825000000000       -4.6436625000000004E-003   0.0000000000000000        0.0000000000000000        0.0000000000000000     
   361.00000000000006       0.99538375000000001       -4.6137850000000005E-003   0.0000000000000000        0.0000000000000000        0.0000000000000000     
   362.00000000000000       0.99541700000000000       -4.5841400000000004E-003   0.0000000000000000        0.0000000000000000        0.0000000000000000     
   363.00000000000000       0.99544250000000001       -4.5547725000000001E-003   0.0000000000000000        0.0000000000000000        0.0000000000000000     
   364.00000000000000       0.99547574999999999       -4.5256374999999996E-003   0.0000000000000000        0.0000000000000000        0.0000000000000000     
   365.00000000000000       0.99549900000000002       -4.4967350000000000E-003   0.0000000000000000        0.0000000000000000        0.0000000000000000     
   366.00000000000006       0.99553225000000012       -4.4681874999999999E-003   0.0000000000000000        0.0000000000000000        0.0000000000000000     
   367.00000000000000       0.99555775000000002       -4.4397725000000004E-003   0.0000000000000000        0.0000000000000000        0.0000000000000000     
   368.00000000000000       0.99559100000000011       -4.4117125000000005E-003   0.0000000000000000        0.0000000000000000        0.0000000000000000     
   369.00000000000000       0.99561425000000003       -4.3838074999999997E-003   0.0000000000000000        0.0000000000000000        0.0000000000000000     
   370.00000000000000       0.99563975000000005       -4.3562350000000008E-003   0.0000000000000000        0.0000000000000000        0.0000000000000000     
   371.00000000000006       0.99567300000000003       -4.3288175000000002E-003   0.0000000000000000        0.0000000000000000        0.0000000000000000     
   372.00000000000000       0.99569849999999993       -4.3017324999999997E-003   0.0000000000000000        0.0000000000000000        0.0000000000000000     
   373.00000000000000       0.99572174999999996       -4.2748250000000003E-003   0.0000000000000000        0.0000000000000000        0.0000000000000000     
   374.00000000000000       0.99575499999999995       -4.2481500000000000E-003   0.0000000000000000        0.0000000000000000        0.0000000000000000     
   375.00000000000000       0.99578050000000007       -4.2217299999999999E-003   0.0000000000000000        0.0000000000000000        0.0000000000000000     
   376.00000000000006       0.99580599999999997       -4.1955649999999992E-003   0.0000000000000000        0.0000000000000000        0.0000000000000000     
   377.00000000000000       0.99582925000000011       -4.1695325000000007E-003   0.0000000000000000        0.0000000000000000        0.0000000000000000     
   378.00000000000000       0.99585475000000001       -4.1437775000000001E-003   0.0000000000000000        0.0000000000000000        0.0000000000000000     
   379.00000000000000       0.99588025000000002       -4.1182549999999995E-003   0.0000000000000000        0.0000000000000000        0.0000000000000000     
   380.00000000000000       0.99590349999999994       -4.0929100000000000E-003   0.0000000000000000        0.0000000000000000        0.0000000000000000     
   381.00000000000006       0.99592900000000006       -4.0677975000000003E-003   0.0000000000000000        0.0000000000000000        0.0000000000000000     
   382.00000000000000       0.99595450000000008       -4.0428625000000001E-003   0.0000000000000000        0.0000000000000000        0.0000000000000000     
   383.00000000000000       0.99597775000000000       -4.0182374999999998E-003   0.0000000000000000        0.0000000000000000        0.0000000000000000     
   384.00000000000000       0.99600325000000001       -3.9937125000000006E-003   0.0000000000000000        0.0000000000000000        0.0000000000000000     
   385.00000000000000       0.99602875000000002       -3.9694200000000004E-003   0.0000000000000000        0.0000000000000000        0.0000000000000000     
   386.00000000000006       0.99605200000000005       -3.9453824999999996E-003   0.0000000000000000        0.0000000000000000        0.0000000000000000     
   387.00000000000000       0.99607750000000006       -3.9214999999999996E-003   0.0000000000000000        0.0000000000000000        0.0000000000000000     
   388.00000000000000       0.99610299999999996       -3.8977950000000003E-003   0.0000000000000000        0.0000000000000000        0.0000000000000000     
   389.00000000000000       0.99612624999999999       -3.8743449999999995E-003   0.0000000000000000        0.0000000000000000        0.0000000000000000     
   390.00000000000000       0.99615175000000000       -3.8510500000000000E-003   0.0000000000000000        0.0000000000000000        0.0000000000000000     
   391.00000000000006       0.99616949999999993       -3.8279100000000003E-003   0.0000000000000000        0.0000000000000000        0.0000000000000000     
   392.00000000000000       0.99619275000000007       -3.8050250000000005E-003   0.0000000000000000        0.0000000000000000        0.0000000000000000     
   393.00000000000000       0.99621825000000008       -3.7822950000000002E-003   0.0000000000000000        0.0000000000000000        0.0000000000000000     
   394.00000000000000       0.99624374999999998       -3.7597425000000001E-003   0.0000000000000000        0.0000000000000000        0.0000000000000000     
   395.00000000000000       0.99625925000000004       -3.7373674999999999E-003   0.0000000000000000        0.0000000000000000        0.0000000000000000     
   396.00000000000006       0.99628475000000005       -3.7152025000000001E-003   0.0000000000000000        0.0000000000000000        0.0000000000000000     
   397.00000000000000       0.99630799999999997       -3.6932375000000004E-003   0.0000000000000000        0.0000000000000000        0.0000000000000000     
   398.00000000000000       0.99632575000000001       -3.6714050000000004E-003   0.0000000000000000        0.0000000000000000        0.0000000000000000     
   399.00000000000000       0.99635125000000002       -3.6497725000000001E-003   0.0000000000000000        0.0000000000000000        0.0000000000000000     
   400.00000000000000       0.99637450000000016       -3.6282724999999998E-003   0.0000000000000000        0.0000000000000000        0.0000000000000000     
   401.00000000000006       0.99639224999999998       -3.6069500000000003E-003   0.0000000000000000        0.0000000000000000        0.0000000000000000     
   402.00000000000000       0.99641550000000012       -3.5858825000000000E-003   0.0000000000000000        0.0000000000000000        0.0000000000000000     
   403.00000000000000       0.99643324999999994       -3.5648924999999998E-003   0.0000000000000000        0.0000000000000000        0.0000000000000000     
   404.00000000000000       0.99645875000000006       -3.5440574999999999E-003   0.0000000000000000        0.0000000000000000        0.0000000000000000     
   405.00000000000000       0.99647425000000012       -3.5234774999999999E-003   0.0000000000000000        0.0000000000000000        0.0000000000000000     
   406.00000000000006       0.99649975000000002       -3.5029749999999998E-003   0.0000000000000000        0.0000000000000000        0.0000000000000000     
   407.00000000000000       0.99651525000000007       -3.4826500000000003E-003   0.0000000000000000        0.0000000000000000        0.0000000000000000     
   408.00000000000000       0.99654074999999998       -3.4624800000000004E-003   0.0000000000000000        0.0000000000000000        0.0000000000000000     
   409.00000000000000       0.99655625000000003       -3.4425650000000003E-003   0.0000000000000000        0.0000000000000000        0.0000000000000000     
   410.00000000000000       0.99657400000000007       -3.4227275000000006E-003   0.0000000000000000        0.0000000000000000        0.0000000000000000     
   411.00000000000006       0.99659724999999999       -3.4029675000000004E-003   0.0000000000000000        0.0000000000000000        0.0000000000000000     
   412.00000000000000       0.99661500000000003       -3.3834624999999996E-003   0.0000000000000000        0.0000000000000000        0.0000000000000000     
   413.00000000000000       0.99664050000000004       -3.3641125000000000E-003   0.0000000000000000        0.0000000000000000        0.0000000000000000     
   414.00000000000000       0.99665600000000010       -3.3448400000000004E-003   0.0000000000000000        0.0000000000000000        0.0000000000000000     
   415.00000000000000       0.99667375000000002       -3.3257450000000002E-003   0.0000000000000000        0.0000000000000000        0.0000000000000000     
   416.00000000000006       0.99668924999999997       -3.3068275000000006E-003   0.0000000000000000        0.0000000000000000        0.0000000000000000     
   417.00000000000000       0.99671474999999998       -3.2880424999999999E-003   0.0000000000000000        0.0000000000000000        0.0000000000000000     
   418.00000000000000       0.99673025000000004       -3.2693574999999998E-003   0.0000000000000000        0.0000000000000000        0.0000000000000000     
   419.00000000000000       0.99674799999999997       -3.2509275000000004E-003   0.0000000000000000        0.0000000000000000        0.0000000000000000     
   420.00000000000000       0.99676350000000002       -3.2325750000000001E-003   0.0000000000000000        0.0000000000000000        0.0000000000000000     
   421.00000000000006       0.99678899999999993       -3.2143000000000002E-003   0.0000000000000000        0.0000000000000000        0.0000000000000000     
   422.00000000000000       0.99680450000000009       -3.1962025000000002E-003   0.0000000000000000        0.0000000000000000        0.0000000000000000     
   423.00000000000000       0.99682225000000013       -3.1782375000000002E-003   0.0000000000000000        0.0000000000000000        0.0000000000000000     
   424.00000000000000       0.99683775000000008       -3.1604657499999999E-003   0.0000000000000000        0.0000000000000000        0.0000000000000000     
   425.00000000000000       0.99685549999999989       -3.1427714999999997E-003   0.0000000000000000        0.0000000000000000        0.0000000000000000     
   426.00000000000006       0.99687100000000006       -3.1252367500000000E-003   0.0000000000000000        0.0000000000000000        0.0000000000000000     
   427.00000000000000       0.99689650000000007       -3.1077907500000001E-003   0.0000000000000000        0.0000000000000000        0.0000000000000000     
   428.00000000000000       0.99691200000000002       -3.0905042500000003E-003   0.0000000000000000        0.0000000000000000        0.0000000000000000     
   429.00000000000000       0.99692975000000006       -3.0733065000000002E-003   0.0000000000000000        0.0000000000000000        0.0000000000000000     
   430.00000000000000       0.99694525000000001       -3.0562682499999999E-003   0.0000000000000000        0.0000000000000000        0.0000000000000000     
   431.00000000000006       0.99696300000000004       -3.0393939999999999E-003   0.0000000000000000        0.0000000000000000        0.0000000000000000     
   432.00000000000000       0.99697849999999999       -3.0226040000000003E-003   0.0000000000000000        0.0000000000000000        0.0000000000000000     
   433.00000000000000       0.99699399999999994       -3.0059779999999999E-003   0.0000000000000000        0.0000000000000000        0.0000000000000000     
   434.00000000000000       0.99701174999999997       -2.9894340000000000E-003   0.0000000000000000        0.0000000000000000        0.0000000000000000     
   435.00000000000000       0.99702725000000003       -2.9729765000000002E-003   0.0000000000000000        0.0000000000000000        0.0000000000000000     
   436.00000000000006       0.99704499999999996       -2.9566829999999999E-003   0.0000000000000000        0.0000000000000000        0.0000000000000000     
   437.00000000000000       0.99706050000000013       -2.9405490000000002E-003   0.0000000000000000        0.0000000000000000        0.0000000000000000     
   438.00000000000000       0.99707825000000005       -2.9244240000000001E-003   0.0000000000000000        0.0000000000000000        0.0000000000000000     
   439.00000000000000       0.99709375000000000       -2.9085360000000002E-003   0.0000000000000000        0.0000000000000000        0.0000000000000000     
   440.00000000000000       0.99711150000000004       -2.8926569999999999E-003   0.0000000000000000        0.0000000000000000        0.0000000000000000     
   441.00000000000006       0.99711925000000012       -2.8769397499999998E-003   0.0000000000000000        0.0000000000000000        0.0000000000000000     
   442.00000000000000       0.99713699999999994       -2.8613820000000000E-003   0.0000000000000000        0.0000000000000000        0.0000000000000000     
   443.00000000000000       0.99715250000000000       -2.8458332499999997E-003   0.0000000000000000        0.0000000000000000        0.0000000000000000     
   444.00000000000000       0.99716800000000005       -2.8304462500000002E-003   0.0000000000000000        0.0000000000000000        0.0000000000000000     
   445.00000000000000       0.99718574999999998       -2.8152210000000001E-003   0.0000000000000000        0.0000000000000000        0.0000000000000000     
   446.00000000000006       0.99720125000000004       -2.8000777500000002E-003   0.0000000000000000        0.0000000000000000        0.0000000000000000     
   447.00000000000000       0.99721900000000008       -2.7850210000000004E-003   0.0000000000000000        0.0000000000000000        0.0000000000000000     
   448.00000000000000       0.99722675000000005       -2.7700462499999998E-003   0.0000000000000000        0.0000000000000000        0.0000000000000000     
   449.00000000000000       0.99724450000000009       -2.7552332500000005E-003   0.0000000000000000        0.0000000000000000        0.0000000000000000     
   450.00000000000000       0.99726000000000004       -2.7405044999999997E-003   0.0000000000000000        0.0000000000000000        0.0000000000000000     
   451.00000000000006       0.99727549999999998       -2.7258600000000001E-003   0.0000000000000000        0.0000000000000000        0.0000000000000000     
   452.00000000000000       0.99728550000000005       -2.7112997500000000E-003   0.0000000000000000        0.0000000000000000        0.0000000000000000     
   453.00000000000000       0.99730099999999999       -2.6968990000000000E-003   0.0000000000000000        0.0000000000000000        0.0000000000000000     
   454.00000000000000       0.99731875000000003       -2.6825824999999999E-003   0.0000000000000000        0.0000000000000000        0.0000000000000000     
   455.00000000000000       0.99733424999999998       -2.6683502500000002E-003   0.0000000000000000        0.0000000000000000        0.0000000000000000     
   456.00000000000006       0.99734200000000006       -2.6542000000000002E-003   0.0000000000000000        0.0000000000000000        0.0000000000000000     
   457.00000000000000       0.99735974999999999       -2.6402115000000001E-003   0.0000000000000000        0.0000000000000000        0.0000000000000000     
   458.00000000000000       0.99737525000000005       -2.6262297500000004E-003   0.0000000000000000        0.0000000000000000        0.0000000000000000     
   459.00000000000000       0.99738525000000000       -2.6124074999999999E-003   0.0000000000000000        0.0000000000000000        0.0000000000000000     
   460.00000000000000       0.99740075000000006       -2.5986695000000002E-003   0.0000000000000000        0.0000000000000000        0.0000000000000000     
   461.00000000000006       0.99741625000000000       -2.5850157500000000E-003   0.0000000000000000        0.0000000000000000        0.0000000000000000     
   462.00000000000000       0.99742624999999996       -2.5714440000000000E-003   0.0000000000000000        0.0000000000000000        0.0000000000000000     
   463.00000000000000       0.99744175000000002       -2.5580317500000001E-003   0.0000000000000000        0.0000000000000000        0.0000000000000000     
   464.00000000000000       0.99745724999999996       -2.5446262500000002E-003   0.0000000000000000        0.0000000000000000        0.0000000000000000     
   465.00000000000000       0.99746725000000014       -2.5313825000000002E-003   0.0000000000000000        0.0000000000000000        0.0000000000000000     
   466.00000000000006       0.99748275000000008       -2.5182185000000002E-003   0.0000000000000000        0.0000000000000000        0.0000000000000000     
   467.00000000000000       0.99749275000000004       -2.5051409999999998E-003   0.0000000000000000        0.0000000000000000        0.0000000000000000     
   468.00000000000000       0.99750825000000010       -2.4920657499999999E-003   0.0000000000000000        0.0000000000000000        0.0000000000000000     
   469.00000000000000       0.99752375000000004       -2.4791522500000000E-003   0.0000000000000000        0.0000000000000000        0.0000000000000000     
   470.00000000000000       0.99753375000000000       -2.4663229999999999E-003   0.0000000000000000        0.0000000000000000        0.0000000000000000     
   471.00000000000006       0.99754925000000005       -2.4536532500000000E-003   0.0000000000000000        0.0000000000000000        0.0000000000000000     
   472.00000000000000       0.99755700000000003       -2.4409880000000003E-003   0.0000000000000000        0.0000000000000000        0.0000000000000000     
   473.00000000000000       0.99757475000000007       -2.4284047499999999E-003   0.0000000000000000        0.0000000000000000        0.0000000000000000     
   474.00000000000000       0.99758250000000004       -2.4159057499999999E-003   0.0000000000000000        0.0000000000000000        0.0000000000000000     
   475.00000000000000       0.99759799999999998       -2.4034887500000001E-003   0.0000000000000000        0.0000000000000000        0.0000000000000000     
   476.00000000000006       0.99760800000000005       -2.3911537500000001E-003   0.0000000000000000        0.0000000000000000        0.0000000000000000     
   477.00000000000000       0.99762350000000000       -2.3789804999999999E-003   0.0000000000000000        0.0000000000000000        0.0000000000000000     
   478.00000000000000       0.99763349999999995       -2.3668095000000003E-003   0.0000000000000000        0.0000000000000000        0.0000000000000000     
   479.00000000000000       0.99764900000000001       -2.3547227500000001E-003   0.0000000000000000        0.0000000000000000        0.0000000000000000     
   480.00000000000000       0.99765674999999998       -2.3427180000000001E-003   0.0000000000000000        0.0000000000000000        0.0000000000000000     
   481.00000000000006       0.99766675000000005       -2.3307952500000004E-003   0.0000000000000000        0.0000000000000000        0.0000000000000000     
   482.00000000000000       0.99768224999999999       -2.3189567500000005E-003   0.0000000000000000        0.0000000000000000        0.0000000000000000     
   483.00000000000000       0.99768999999999997       -2.3071979999999999E-003   0.0000000000000000        0.0000000000000000        0.0000000000000000     
   484.00000000000000       0.99770775000000012       -2.2955235000000000E-003   0.0000000000000000        0.0000000000000000        0.0000000000000000     
   485.00000000000000       0.99771550000000009       -2.2839287499999998E-003   0.0000000000000000        0.0000000000000000        0.0000000000000000     
   486.00000000000006       0.99773100000000003       -2.2724182499999999E-003   0.0000000000000000        0.0000000000000000        0.0000000000000000     
   487.00000000000000       0.99774099999999999       -2.2609122500000002E-003   0.0000000000000000        0.0000000000000000        0.0000000000000000     
   488.00000000000000       0.99774875000000007       -2.2495635000000002E-003   0.0000000000000000        0.0000000000000000        0.0000000000000000     
   489.00000000000000       0.99776425000000013       -2.2382215000000000E-003   0.0000000000000000        0.0000000000000000        0.0000000000000000     
   490.00000000000000       0.99777199999999999       -2.2270390000000005E-003   0.0000000000000000        0.0000000000000000        0.0000000000000000     
   491.00000000000006       0.99778199999999995       -2.2158610000000000E-003   0.0000000000000000        0.0000000000000000        0.0000000000000000     
   492.00000000000000       0.99779750000000000       -2.2047650000000000E-003   0.0000000000000000        0.0000000000000000        0.0000000000000000     
   493.00000000000000       0.99780525000000009       -2.1937487500000002E-003   0.0000000000000000        0.0000000000000000        0.0000000000000000     
   494.00000000000000       0.99781525000000004       -2.1828167499999998E-003   0.0000000000000000        0.0000000000000000        0.0000000000000000     
   495.00000000000000       0.99783074999999999       -2.1719667500000005E-003   0.0000000000000000        0.0000000000000000        0.0000000000000000     
   496.00000000000006       0.99783849999999996       -2.1611190000000004E-003   0.0000000000000000        0.0000000000000000        0.0000000000000000     
   497.00000000000000       0.99784850000000014       -2.1504307500000001E-003   0.0000000000000000        0.0000000000000000        0.0000000000000000     
   498.00000000000000       0.99786400000000008       -2.1397492500000001E-003   0.0000000000000000        0.0000000000000000        0.0000000000000000     
   499.00000000000000       0.99787175000000006       -2.1291475000000002E-003   0.0000000000000000        0.0000000000000000        0.0000000000000000     
   500.00000000000000       0.99788174999999990       -2.1186255000000000E-003   0.0000000000000000        0.0000000000000000        0.0000000000000000     
   501.00000000000006       0.99788950000000010       -2.1081102499999997E-003   0.0000000000000000        0.0000000000000000        0.0000000000000000     
   502.00000000000000       0.99790500000000004       -2.0977545000000000E-003   0.0000000000000000        0.0000000000000000        0.0000000000000000     
   503.00000000000000       0.99791275000000002       -2.0874010000000000E-003   0.0000000000000000        0.0000000000000000        0.0000000000000000     
   504.00000000000000       0.99792275000000008       -2.0771295000000002E-003   0.0000000000000000        0.0000000000000000        0.0000000000000000     
   505.00000000000000       0.99793050000000005       -2.0669400000000002E-003   0.0000000000000000        0.0000000000000000        0.0000000000000000     
   506.00000000000006       0.99794600000000011       -2.0568325000000004E-003   0.0000000000000000        0.0000000000000000        0.0000000000000000     
   507.00000000000000       0.99795600000000007       -2.0467272499999998E-003   0.0000000000000000        0.0000000000000000        0.0000000000000000     
   508.00000000000000       0.99796375000000004       -2.0367062500000000E-003   0.0000000000000000        0.0000000000000000        0.0000000000000000     
   509.00000000000000       0.99797150000000001       -2.0267627500000001E-003   0.0000000000000000        0.0000000000000000        0.0000000000000000     
   510.00000000000000       0.99798149999999997       -2.0169034999999997E-003   0.0000000000000000        0.0000000000000000        0.0000000000000000     
   511.00000000000006       0.99799700000000002       -2.0071239999999999E-003   0.0000000000000000        0.0000000000000000        0.0000000000000000     
   512.00000000000000       0.99800475000000000       -1.9973489999999998E-003   0.0000000000000000        0.0000000000000000        0.0000000000000000     
   513.00000000000000       0.99801250000000008       -1.9876560000000000E-003   0.0000000000000000        0.0000000000000000        0.0000000000000000     
   514.00000000000000       0.99802250000000003       -1.9779652500000002E-003   0.0000000000000000        0.0000000000000000        0.0000000000000000     
   515.00000000000000       0.99803025000000001       -1.9684339999999998E-003   0.0000000000000000        0.0000000000000000        0.0000000000000000     
   516.00000000000000       0.99803799999999998       -1.9589049999999999E-003   0.0000000000000000        0.0000000000000000        0.0000000000000000     
   517.00000000000000       0.99804574999999995       -1.9494602500000000E-003   0.0000000000000000        0.0000000000000000        0.0000000000000000     
   518.00000000000000       0.99806349999999999       -1.9400155000000000E-003   0.0000000000000000        0.0000000000000000        0.0000000000000000     
   519.00000000000000       0.99807124999999997       -1.9306550000000001E-003   0.0000000000000000        0.0000000000000000        0.0000000000000000     
   520.00000000000000       0.99807899999999994       -1.9213720000000002E-003   0.0000000000000000        0.0000000000000000        0.0000000000000000     
   521.00000000000000       0.99808900000000000       -1.9121732500000002E-003   0.0000000000000000        0.0000000000000000        0.0000000000000000     
   522.00000000000000       0.99809674999999998       -1.9029767500000003E-003   0.0000000000000000        0.0000000000000000        0.0000000000000000     
   523.00000000000000       0.99810449999999995       -1.8938622500000001E-003   0.0000000000000000        0.0000000000000000        0.0000000000000000     
   524.00000000000000       0.99811225000000015       -1.8848275000000001E-003   0.0000000000000000        0.0000000000000000        0.0000000000000000     
   525.00000000000000       0.99812224999999999       -1.8757949999999998E-003   0.0000000000000000        0.0000000000000000        0.0000000000000000     
   526.00000000000000       0.99813000000000007       -1.8668445000000001E-003   0.0000000000000000        0.0000000000000000        0.0000000000000000     
   527.00000000000000       0.99814550000000002       -1.8579760000000001E-003   0.0000000000000000        0.0000000000000000        0.0000000000000000     
   528.00000000000000       0.99815325000000010       -1.8491097499999999E-003   0.0000000000000000        0.0000000000000000        0.0000000000000000     
   529.00000000000000       0.99816325000000006       -1.8403232499999999E-003   0.0000000000000000        0.0000000000000000        0.0000000000000000     
   530.00000000000000       0.99817100000000003       -1.8316187500000002E-003   0.0000000000000000        0.0000000000000000        0.0000000000000000     
   531.00000000000000       0.99817875000000000       -1.8229187500000000E-003   0.0000000000000000        0.0000000000000000        0.0000000000000000     
   532.00000000000000       0.99818649999999998       -1.8142984999999999E-003   0.0000000000000000        0.0000000000000000        0.0000000000000000     
   533.00000000000000       0.99819650000000004       -1.8056805000000000E-003   0.0000000000000000        0.0000000000000000        0.0000000000000000     
   534.00000000000000       0.99820425000000002       -1.7971445000000000E-003   0.0000000000000000        0.0000000000000000        0.0000000000000000     
   535.00000000000000       0.99821200000000010       -1.7886882500000000E-003   0.0000000000000000        0.0000000000000000        0.0000000000000000     
   536.00000000000000       0.99821974999999996       -1.7802342500000002E-003   0.0000000000000000        0.0000000000000000        0.0000000000000000     
   537.00000000000000       0.99822975000000003       -1.7718622500000000E-003   0.0000000000000000        0.0000000000000000        0.0000000000000000     
   538.00000000000000       0.99823750000000000       -1.7635722500000000E-003   0.0000000000000000        0.0000000000000000        0.0000000000000000     
   539.00000000000000       0.99824524999999997       -1.7552822499999998E-003   0.0000000000000000        0.0000000000000000        0.0000000000000000     
   540.00000000000000       0.99825300000000006       -1.7470742500000002E-003   0.0000000000000000        0.0000000000000000        0.0000000000000000     
   541.00000000000000       0.99826300000000012       -1.7388707500000000E-003   0.0000000000000000        0.0000000000000000        0.0000000000000000     
   542.00000000000000       0.99827075000000010       -1.7307447500000002E-003   0.0000000000000000        0.0000000000000000        0.0000000000000000     
   543.00000000000000       0.99827850000000007       -1.7227007500000000E-003   0.0000000000000000        0.0000000000000000        0.0000000000000000     
   544.00000000000000       0.99828625000000004       -1.7146612500000000E-003   0.0000000000000000        0.0000000000000000        0.0000000000000000     
   545.00000000000000       0.99829400000000001       -1.7066217499999998E-003   0.0000000000000000        0.0000000000000000        0.0000000000000000     
   546.00000000000000       0.99830400000000008       -1.6987417500000000E-003   0.0000000000000000        0.0000000000000000        0.0000000000000000     
   547.00000000000000       0.99831175000000005       -1.6907865000000003E-003   0.0000000000000000        0.0000000000000000        0.0000000000000000     
   548.00000000000000       0.99831950000000003       -1.6829907500000001E-003   0.0000000000000000        0.0000000000000000        0.0000000000000000     
   549.00000000000000       0.99832725000000000       -1.6751972499999999E-003   0.0000000000000000        0.0000000000000000        0.0000000000000000     
   550.00000000000000       0.99833725000000006       -1.6674060000000002E-003   0.0000000000000000        0.0000000000000000        0.0000000000000000     
