   1.0000000000000000        1.4850972000000000E-002   1.4691664000000000E-002   1.5027668000000001E-002
   2.0000000000000000       0.15177156000000000       0.14965215999999998       0.15393836000000000     
   3.0000000000000000       0.29990660000000002       0.29561687999999997       0.30426165999999999     
   4.0000000000000000       0.41140005000000002       0.40551263999999998       0.41737210000000002     
   5.0000000000000000       0.49294847000000008       0.48589127999999993       0.50010546000000000     
   6.0000000000000000       0.55385952000000005       0.54588887999999991       0.56192986000000000     
   7.0000000000000000       0.60085800000000000       0.59221360000000001       0.60961714000000000     
   8.0000000000000000       0.63804262999999994       0.62885608000000004       0.64733777999999997     
   9.0000000000000000       0.66812788000000012       0.65850447999999995       0.67786276000000001     
   10.000000000000000       0.69296104000000014       0.68296959999999995       0.70304367999999995     
   11.000000000000000       0.71378603000000007       0.70349399999999984       0.72417708000000003     
   12.000000000000000       0.73150318000000003       0.72095503999999999       0.74214875999999996     
   13.000000000000000       0.74675608000000004       0.73596919999999999       0.75761736000000002     
   14.000000000000000       0.76004483999999994       0.74906432000000001       0.77109362000000004     
   15.000000000000000       0.77172631000000003       0.76057079999999999       0.78293901999999993     
   16.000000000000000       0.78207723000000007       0.77076776000000002       0.79343713999999999     
   17.000000000000000       0.79132445000000007       0.77987519999999999       0.80280872000000003     
   18.000000000000000       0.79963460000000008       0.78806224000000002       0.81122450000000002     
   19.000000000000000       0.80715779000000010       0.79547192000000000       0.81884447999999999     
   20.000000000000000       0.81399401999999998       0.80220727999999997       0.82577582000000005     
   21.000000000000000       0.82025002999999996       0.80836743999999994       0.83210210000000018     
   22.000000000000000       0.82599244999999999       0.81401936000000008       0.83790973999999996     
   23.000000000000000       0.83129139000000007       0.81924608000000010       0.84326948000000002     
   24.000000000000000       0.83620011000000005       0.82407759999999985       0.84822774000000001     
   25.000000000000000       0.84076535000000008       0.82857695999999992       0.85283809999999993     
   26.000000000000000       0.84502048000000007       0.83276415999999998       0.85713056000000010     
   27.000000000000000       0.84900539000000008       0.83669223999999998       0.86114511999999999     
   28.000000000000000       0.85274356000000007       0.84037815999999999       0.86490536000000007     
   29.000000000000000       0.85626161999999995       0.84384495999999998       0.86844769999999993     
   30.000000000000000       0.85958283000000013       0.84712263999999993       0.87177930000000003     
   31.000000000000000       0.86272393000000003       0.85022423999999996       0.87493657999999996     
   32.000000000000000       0.86569829000000009       0.85316367999999998       0.87791596000000005     
   33.000000000000000       0.86853254000000002       0.85595703999999995       0.88074817999999999     
   34.000000000000000       0.87122331000000008       0.85862127999999993       0.88343608000000007     
   35.000000000000000       0.87379397000000014       0.86116640000000000       0.88599607999999996     
   36.000000000000000       0.87624789000000014       0.86359543999999999       0.88843892000000002     
   37.000000000000000       0.87860170000000004       0.86591839999999998       0.89077743999999992     
   38.000000000000000       0.88085539999999996       0.86815919999999980       0.89301164000000000     
   39.000000000000000       0.88301899000000006       0.87030392000000001       0.89514867999999992     
   40.000000000000000       0.88509910000000014       0.87236559999999996       0.89720498000000004     
   41.000000000000000       0.88709921000000014       0.87435815999999988       0.89918337999999998     
   42.000000000000000       0.88903246999999996       0.87628159999999999       0.90107820000000005     
   43.000000000000000       0.89089236000000005       0.87813591999999996       0.90290870000000001     
   44.000000000000000       0.89269877000000009       0.87993416000000002       0.90467487999999996     
   45.000000000000000       0.89443844000000006       0.88167631999999996       0.90637747999999996     
   46.000000000000000       0.89612137000000003       0.88335936000000004       0.90801934000000006     
   47.000000000000000       0.89775419000000012       0.88499631999999995       0.90961046000000012     
   48.000000000000000       0.89933689999999999       0.88658719999999991       0.91115442000000002     
   49.000000000000000       0.90087950000000006       0.88813199999999992       0.91264764000000009     
   50.000000000000000       0.90237536000000007       0.88963767999999988       0.91409654000000007     
   51.000000000000000       0.90382785000000010       0.89109727999999988       0.91550543999999989     
   52.000000000000000       0.90524686000000010       0.89252775999999989       0.91687001999999995     
   53.000000000000000       0.90662250000000000       0.89391519999999991       0.91820102000000003     
   54.000000000000000       0.90796803000000015       0.89527351999999993       0.91949486000000002     
   55.000000000000000       0.90927682000000010       0.89660575999999992       0.92075154000000003     
   56.000000000000000       0.91055887000000002       0.89790192000000002       0.92198105999999991     
   57.000000000000000       0.91180418000000008       0.89916896000000002       0.92317341999999991     
   58.000000000000000       0.91302275000000011       0.90041295999999993       0.92434220000000000     
   59.000000000000007       0.91422121000000001       0.90162783999999996       0.92548024000000007     
   60.000000000000000       0.91538967000000016       0.90281967999999990       0.92659469999999999     
   61.000000000000007       0.91652802000000000       0.90398544000000003       0.92768558000000001     
   62.000000000000000       0.91764963000000010       0.90513207999999989       0.92875288000000000     
   63.000000000000007       0.91874787000000002       0.90625567999999990       0.92979301999999997     
   64.000000000000000       0.91981937000000003       0.90736320000000004       0.93081316000000003     
   65.000000000000000       0.92087750000000002       0.90844464000000003       0.93181614000000001     
   66.000000000000000       0.92191552000000010       0.90951303999999988       0.93279553999999998     
   67.000000000000000       0.92293354000000005       0.91055536000000004       0.93376136000000010     
   68.000000000000000       0.92392819000000004       0.91158463999999984       0.93470359999999997     
   69.000000000000000       0.92490610000000006       0.91259479999999993       0.93563225999999999     
   70.000000000000000       0.92587064000000008       0.91359495999999996       0.93654092000000000     
   71.000000000000000       0.92681843999999991       0.91457599999999983       0.93743957999999994     
   72.000000000000000       0.92775287000000006       0.91554399999999991       0.93831466000000008     
   73.000000000000000       0.92866730000000008       0.91649895999999997       0.93918257999999999     
   74.000000000000000       0.92957499000000010       0.91743391999999990       0.94003407999999999     
   75.000000000000000       0.93046268000000010       0.91835975999999997       0.94086558000000009     
   76.000000000000000       0.93133700000000008       0.91927256000000002       0.94169350000000007     
   77.000000000000000       0.93220458000000006       0.92017536000000000       0.94250142000000003     
   78.000000000000000       0.93305216000000013       0.92106208000000001       0.94330575999999999     
   79.000000000000000       0.93388974000000002       0.92193575999999988       0.94409009999999993     
   80.000000000000000       0.93471395000000002       0.92280639999999992       0.94486801999999992     
   81.000000000000000       0.93553478999999995       0.92365703999999993       0.94563236000000006     
   82.000000000000000       0.93633563000000009       0.92450159999999992       0.94638670000000003     
   83.000000000000000       0.93713310000000005       0.92533615999999985       0.94712461999999997     
   84.000000000000000       0.93791057000000000       0.92616463999999987       0.94785896000000003     
   85.000000000000000       0.93868467000000000       0.92697615999999994       0.94858330000000002     
   86.000000000000000       0.93945213999999999       0.92778463999999983       0.94929122000000010     
   87.000000000000000       0.94020287000000002       0.92858007999999992       0.94999555999999996     
   88.000000000000000       0.94094697000000005       0.92936943999999999       0.95069347999999998     
   89.000000000000000       0.94168770000000013       0.93014488000000006       0.95137498000000009     
   90.000000000000000       0.94241180000000013       0.93091424000000000       0.95205289999999998     
   91.000000000000000       0.94313252999999997       0.93168359999999995       0.95271440000000007     
   92.000000000000000       0.94384326000000007       0.93243295999999998       0.95337589999999994     
   93.000000000000000       0.94454399000000011       0.93317927999999983       0.95402739999999997     
   94.000000000000000       0.94523471999999997       0.93392255999999985       0.95466248000000009     
   95.000000000000000       0.94591544999999999       0.93464887999999990       0.95529755999999999     
   96.000000000000000       0.94659618000000001       0.93537519999999996       0.95592264000000005     
   97.000000000000000       0.94726691000000007       0.93609544000000000       0.95654130000000004     
   98.000000000000000       0.94793101000000002       0.93680871999999993       0.95714354000000001     
   99.000000000000000       0.94858174000000006       0.93750895999999995       0.95774577999999988     
   100.00000000000000       0.94922583999999999       0.93820223999999997       0.95834160000000002     
   101.00000000000000       0.94986994000000002       0.93889551999999987       0.95892741999999997     
   102.00000000000000       0.95050403999999999       0.93957575999999987       0.95950323999999998     
   103.00000000000000       0.95112814000000001       0.94024903999999987       0.96007264000000003     
   104.00000000000000       0.95174561000000013       0.94092231999999998       0.96064203999999997     
   105.00000000000001       0.95235307999999996       0.94158255999999996       0.96119860000000013     
   106.00000000000000       0.95296055000000002       0.94224279999999994       0.96174515999999999     
   107.00000000000000       0.95355802000000001       0.94289607999999991       0.96228814000000007     
   108.00000000000000       0.95414885999999999       0.94353935999999994       0.96282186000000003     
   109.00000000000001       0.95473307000000007       0.94417959999999979       0.96335199999999999     
   110.00000000000000       0.95531391000000010       0.94480591999999985       0.96386930000000004     
   111.00000000000000       0.95587812000000005       0.94543615999999986       0.96438301999999987     
   112.00000000000000       0.95644570000000007       0.94605247999999986       0.96489390000000008     
   113.00000000000000       0.95700991000000002       0.94666879999999998       0.96539478000000001     
   114.00000000000000       0.95755749000000012       0.94728207999999992       0.96588565999999998     
   115.00000000000000       0.95810844000000006       0.94788839999999985       0.96637369999999989     
   116.00000000000000       0.95864276000000004       0.94848471999999995       0.96685815999999991     
   117.00000000000000       0.95917370999999996       0.94907407999999993       0.96732977999999992     
   118.00000000000001       0.95970803000000005       0.94966343999999991       0.96779497999999997     
   119.00000000000000       0.96022572000000006       0.95024279999999983       0.96826018000000003     
   120.00000000000000       0.96074341000000008       0.95081519999999986       0.96871538000000013     
   121.00000000000000       0.96125110000000014       0.95138455999999993       0.96916774000000006     
   122.00000000000001       0.96175216000000008       0.95194695999999990       0.96961009999999992     
   123.00000000000000       0.96225659000000008       0.95250935999999997       0.97004604000000005     
   124.00000000000000       0.96274102000000006       0.95306479999999993       0.97047197999999990     
   125.00000000000000       0.96322882000000010       0.95361023999999994       0.97090149999999986     
   126.00000000000001       0.96370662000000007       0.95414871999999995       0.97131459999999992     
   127.00000000000000       0.96418778999999999       0.95468719999999996       0.97172769999999997     
   128.00000000000000       0.96465233000000006       0.95521871999999997       0.97213795999999997     
   129.00000000000000       0.96511349999999996       0.95574720000000002       0.97253464000000001     
   130.00000000000000       0.96557141000000002       0.95626871999999996       0.97292847999999998     
   131.00000000000000       0.96602595000000013       0.95678327999999990       0.97332232000000007     
   132.00000000000000       0.96647060000000007       0.95729087999999996       0.97369974000000004     
   133.00000000000000       0.96691188000000006       0.95779543999999994       0.97408073999999989     
   134.00000000000000       0.96734315999999998       0.95829607999999999       0.97445174000000001     
   135.00000000000000       0.96777781000000007       0.95879367999999987       0.97482274000000002     
   136.00000000000000       0.96819920000000004       0.95928431999999986       0.97518090000000002     
   137.00000000000000       0.96861722000000006       0.95976496000000000       0.97553906000000001     
   138.00000000000000       0.96902861000000007       0.96024863999999999       0.97589080000000006     
   139.00000000000000       0.96944337000000003       0.96072231999999991       0.97623612000000004     
   140.00000000000000       0.96984150000000002       0.96118903999999983       0.97657144000000007     
   141.00000000000000       0.97023626000000007       0.96165575999999997       0.97691033999999999     
   142.00000000000000       0.97063439000000007       0.96211552000000000       0.97723923999999995     
   143.00000000000000       0.97101926000000005       0.96256831999999992       0.97756529999999997     
   144.00000000000000       0.97140076000000009       0.96301112000000000       0.97788136000000003     
   145.00000000000000       0.97177899999999995       0.96345696000000003       0.97819741999999987     
   146.00000000000000       0.97214724000000008       0.96389975999999999       0.97850705999999987     
   147.00000000000000       0.97251547999999999       0.96433559999999985       0.97881028000000003     
   148.00000000000000       0.97287709000000011       0.96476447999999992       0.97911349999999997     
   149.00000000000000       0.97323870000000001       0.96518639999999989       0.97941030000000007     
   150.00000000000000       0.97358705000000012       0.96560831999999996       0.97969710000000010     
   151.00000000000000       0.97393540000000001       0.96602023999999997       0.97998106000000007     
   152.00000000000000       0.97428038000000017       0.96642823999999994       0.98026143999999993     
   153.00000000000000       0.97461547000000004       0.96683319999999995       0.98053897999999995     
   154.00000000000000       0.97494719000000007       0.96723815999999996       0.98081293999999997     
   155.00000000000000       0.97528228000000006       0.96763223999999992       0.98108406000000004     
   156.00000000000000       0.97560073999999997       0.96802327999999993       0.98134518000000004     
   157.00000000000000       0.97591920000000010       0.96840736000000005       0.98160629999999993     
   158.00000000000000       0.97623766000000001       0.96879143999999995       0.98186100000000009     
   159.00000000000000       0.97654949000000013       0.96916551999999989       0.98211285999999998     
   160.00000000000000       0.97685469000000014       0.96954264000000001       0.98236114000000008     
   161.00000000000000       0.97715325999999991       0.96991280000000002       0.98260300000000000     
   162.00000000000000       0.97745183000000013       0.97027295999999996       0.98284486000000015     
   163.00000000000000       0.97774703000000007       0.97063615999999997       0.98307672000000001     
   164.00000000000000       0.97803234000000006       0.97098935999999991       0.98330574000000004     
   165.00000000000000       0.97831765000000004       0.97133559999999985       0.98353475999999995     
   166.00000000000000       0.97859958999999996       0.97168184000000002       0.98375736000000003     
   167.00000000000000       0.97887826999999994       0.97202808000000007       0.98397637999999998     
   168.00000000000000       0.97914695000000007       0.97236040000000001       0.98419255999999988     
   169.00000000000000       0.97941562999999998       0.97269271999999996       0.98440873999999989     
   170.00000000000000       0.97968105000000005       0.97302504000000001       0.98461492000000006     
   171.00000000000000       0.97994310000000007       0.97335039999999995       0.98481825999999995     
   172.00000000000000       0.98019852000000007       0.97366880000000000       0.98502443999999989     
   173.00000000000000       0.98044730999999996       0.97398720000000005       0.98521777999999993     
   174.00000000000000       0.98069610000000007       0.97430255999999993       0.98541469999999998     
   175.00000000000000       0.98094489000000018       0.97460703999999987       0.98560804000000002     
   176.00000000000000       0.98118704999999995       0.97491543999999997       0.98579496000000000     
   177.00000000000000       0.98142258000000004       0.97521296000000002       0.98598545999999998     
   178.00000000000000       0.98165811000000014       0.97551440000000000       0.98616596000000001     
   179.00000000000000       0.98189364000000001       0.97580191999999988       0.98634646000000004     
   180.00000000000000       0.98211917000000004       0.97608943999999997       0.98652054000000000     
   181.00000000000000       0.98234144000000001       0.97638000000000003       0.98669461999999997     
   182.00000000000000       0.98256371000000009       0.97666056000000001       0.98686227999999998     
   183.00000000000000       0.98277598000000010       0.97693415999999988       0.98702993999999999     
   184.00000000000000       0.98299162000000007       0.97720775999999987       0.98719760000000001     
   185.00000000000000       0.98320389000000008       0.97748136000000008       0.98735884000000007     
   186.00000000000000       0.98341290000000003       0.97774799999999984       0.98752007999999991     
   187.00000000000000       0.98361191000000003       0.97800768000000005       0.98767490000000002     
   188.00000000000000       0.98381429000000009       0.97826735999999992       0.98782971999999991     
   189.00000000000000       0.98401330000000009       0.97852399999999995       0.98797811999999996     
   190.00000000000000       0.98420568000000008       0.97877671999999993       0.98812936000000007     
   191.00000000000000       0.98440143000000013       0.97902248000000003       0.98827134000000005     
   192.00000000000000       0.98458718000000012       0.97927215999999995       0.98841973999999988     
   193.00000000000000       0.98477292999999999       0.97951096000000004       0.98856172000000009     
   194.00000000000000       0.98495868000000009       0.97974976000000003       0.98870011999999996     
   195.00000000000000       0.98513780000000006       0.97998551999999983       0.98883567999999999     
   196.00000000000000       0.98531692000000004       0.98021735999999993       0.98897124000000003     
   197.00000000000003       0.98549278000000018       0.98044616000000007       0.98910321999999995     
   198.00000000000000       0.98566527000000015       0.98067799999999994       0.98923236000000003     
   199.00000000000000       0.98583776000000012       0.98089983999999997       0.98935792000000000     
   200.00000000000000       0.98600361999999997       0.98111471999999988       0.98948705999999997     
   201.00000000000000       0.98616948000000004       0.98133263999999998       0.98960619999999999     
   202.00000000000000       0.98632534000000005       0.98154751999999990       0.98973534000000007     
   203.00000000000000       0.98648457000000012       0.98175543999999992       0.98984806000000003     
   204.00000000000000       0.98664379999999996       0.98196335999999995       0.98997078000000005     
   205.00000000000003       0.98679640000000002       0.98216431999999987       0.99008350000000001     
   206.00000000000000       0.98694900000000008       0.98236831999999996       0.99019980000000007     
   207.00000000000000       0.98710160000000013       0.98256927999999988       0.99031252000000003     
   208.00000000000000       0.98724420000000002       0.98276328000000002       0.99041882000000003     
   209.00000000000000       0.98739017000000007       0.98295728000000004       0.99052870000000004     
   210.00000000000003       0.98753614000000012       0.98315127999999996       0.99063499999999993     
   211.00000000000000       0.98767211000000010       0.98333831999999988       0.99074130000000005     
   212.00000000000000       0.98781145000000015       0.98352535999999990       0.99084475999999988     
   213.00000000000000       0.98795079000000019       0.98370543999999993       0.99094463999999993     
   214.00000000000000       0.98808012999999995       0.98388551999999996       0.99104451999999998     
   215.00000000000000       0.98821946999999999       0.98406255999999992       0.99114440000000004     
   216.00000000000000       0.98834555000000002       0.98423567999999995       0.99124144000000003     
   217.00000000000000       0.98847489000000011       0.98440879999999997       0.99134132000000008     
   218.00000000000003       0.98860097000000002       0.98458192000000000       0.99142836000000001     
   219.00000000000000       0.98872368000000010       0.98474807999999991       0.99152182000000000     
   220.00000000000000       0.98884976000000013       0.98491119999999999       0.99161527999999999     
   221.00000000000000       0.98896584000000010       0.98507736000000001       0.99170232000000003     
   222.00000000000000       0.98908854999999996       0.98523656000000004       0.99179293999999996     
   223.00000000000003       0.98920800000000009       0.98539576000000006       0.99187997999999999     
   224.00000000000000       0.98931745000000004       0.98555192000000003       0.99196702000000003     
   225.00000000000000       0.98943690000000006       0.98570415999999994       0.99204764000000001     
   226.00000000000000       0.98954635000000013       0.98586031999999990       0.99213467999999994     
   227.00000000000000       0.98965580000000009       0.98600559999999993       0.99221530000000002     
   228.00000000000000       0.98976862000000010       0.98615783999999995       0.99229592000000000     
   229.00000000000000       0.98987144000000005       0.98630007999999991       0.99237011999999991     
   230.00000000000000       0.98997426000000011       0.98644535999999994       0.99245074000000000     
   231.00000000000003       0.99008045000000011       0.98658760000000001       0.99252494000000002     
   232.00000000000000       0.99018327000000006       0.98672591999999992       0.99260556000000000     
   233.00000000000000       0.99028609000000012       0.98686119999999999       0.99267976000000002     
   234.00000000000000       0.99038228000000006       0.98699951999999991       0.99274753999999998     
   235.00000000000000       0.99048184000000006       0.98713479999999998       0.99282174000000001     
   236.00000000000003       0.99057803000000000       0.98726311999999994       0.99289594000000003     
   237.00000000000000       0.99067422000000005       0.98739447999999996       0.99296372000000011     
   238.00000000000000       0.99076377999999998       0.98752280000000003       0.99303150000000007     
   239.00000000000003       0.99085997000000003       0.98764720000000006       0.99310211999999998     
   240.00000000000000       0.99094953000000019       0.98777551999999991       0.99316990000000005     
   241.00000000000000       0.99103909000000012       0.98789687999999987       0.99323126000000006     
   242.00000000000000       0.99113202000000000       0.98801823999999994       0.99329903999999991     
   243.00000000000000       0.99121495000000004       0.98813568000000007       0.99336681999999987     
   244.00000000000003       0.99130451000000008       0.98825704000000003       0.99342817999999999     
   245.00000000000000       0.99138744000000001       0.98837143999999988       0.99348953999999989     
   246.00000000000000       0.99147037000000005       0.98848887999999990       0.99354732000000001     
   247.00000000000000       0.99155330000000008       0.98859631999999986       0.99360867999999991     
   248.00000000000000       0.99163623000000012       0.98871072000000004       0.99367004000000003     
   249.00000000000003       0.99171253000000004       0.98881815999999989       0.99373139999999993     
   250.00000000000000       0.99178882999999995       0.98892559999999996       0.99379276000000005     
   251.00000000000000       0.99187175999999999       0.98903607999999998       0.99384411999999989     
   252.00000000000003       0.99194806000000013       0.98914351999999994       0.99390548000000001     
   253.00000000000000       0.99202436000000005       0.98924400000000001       0.99396042000000007     
   254.00000000000000       0.99209403000000007       0.98935143999999997       0.99401535999999990     
   255.00000000000000       0.99217033000000010       0.98945191999999993       0.99406671999999996     
   256.00000000000000       0.99224663000000013       0.98955240000000000       0.99412166000000002     
   257.00000000000000       0.99231630000000004       0.98964591999999996       0.99417660000000008     
   258.00000000000000       0.99238596999999995       0.98974640000000003       0.99423154000000014     
   259.00000000000000       0.99245227000000003       0.98983991999999998       0.99428289999999997     
   260.00000000000000       0.99252194000000005       0.98993343999999994       0.99433141999999997     
   261.00000000000000       0.99259161000000007       0.99002696000000001       0.99438636000000002     
   262.00000000000000       0.99266128000000009       0.99012047999999997       0.99443130000000002     
   263.00000000000000       0.99272431999999999       0.99021399999999993       0.99447982000000001     
   264.00000000000000       0.99279399000000013       0.99030056000000000       0.99452834000000001     
   265.00000000000000       0.99285703000000014       0.99038712000000007       0.99457328000000000     
   266.00000000000000       0.99291670000000010       0.99048063999999991       0.99462180000000000     
   267.00000000000000       0.99297974000000011       0.99056719999999987       0.99467032000000000     
   268.00000000000000       0.99304278000000012       0.99064679999999994       0.99471525999999999     
   269.00000000000000       0.99310582000000003       0.99073336000000001       0.99476377999999999     
   270.00000000000000       0.99316886000000015       0.99081992000000008       0.99480229999999992     
   271.00000000000000       0.99322189999999999       0.99089951999999992       0.99485081999999991     
   272.00000000000000       0.99328494000000012       0.99097911999999999       0.99489291999999996     
   273.00000000000000       0.99334135000000001       0.99105871999999984       0.99493786000000006     
   274.00000000000000       0.99339776000000002       0.99113832000000002       0.99497996000000000     
   275.00000000000000       0.99345417000000003       0.99121791999999997       0.99501848000000004     
   276.00000000000000       0.99350721000000008       0.99129751999999993       0.99506057999999997     
   277.00000000000000       0.99356362000000009       0.99137016000000000       0.99510909999999997     
   278.00000000000000       0.99362002999999999       0.99144671999999989       0.99514762000000001     
   279.00000000000000       0.99367307000000005       0.99151935999999985       0.99518329999999999     
   280.00000000000000       0.99372948000000005       0.99159199999999992       0.99522182000000003     
   281.00000000000000       0.99377926000000005       0.99166463999999999       0.99526391999999997     
   282.00000000000000       0.99383566999999995       0.99173727999999994       0.99530244000000001     
   283.00000000000000       0.99388208000000011       0.99180687999999995       0.99534453999999994     
   284.00000000000000       0.99393186000000011       0.99187256000000001       0.99537664000000003     
   285.00000000000000       0.99398827000000001       0.99194519999999997       0.99541874000000008     
   286.00000000000000       0.99403467999999995       0.99201087999999993       0.99545084000000006     
   287.00000000000000       0.99408446000000006       0.99208352000000000       0.99549293999999999     
   288.00000000000000       0.99413424000000017       0.99214615999999989       0.99552503999999997     
   289.00000000000000       0.99418065000000011       0.99221183999999996       0.99556071999999995     
   290.00000000000000       0.99422380000000010       0.99227752000000002       0.99559281999999993     
   291.00000000000000       0.99427021000000004       0.99234319999999998       0.99562850000000003     
   292.00000000000000       0.99431999000000015       0.99240583999999998       0.99566702000000007     
   293.00000000000000       0.99436314000000003       0.99246455999999994       0.99570270000000005     
   294.00000000000000       0.99440955000000009       0.99253024000000001       0.99573480000000003     
   295.00000000000000       0.99445270000000008       0.99258895999999996       0.99577048000000001     
   296.00000000000000       0.99450248000000008       0.99265159999999997       0.99579616000000004     
   297.00000000000000       0.99454226000000012       0.99271032000000003       0.99583183999999991     
   298.00000000000000       0.99458541000000000       0.99276903999999988       0.99586394000000000     
   299.00000000000000       0.99462519000000005       0.99282471999999999       0.99589962000000010     
   300.00000000000000       0.99466834000000004       0.99288343999999995       0.99592530000000001     
   301.00000000000000       0.99470812000000008       0.99294215999999991       0.99596098000000000     
   302.00000000000000       0.99475127000000008       0.99299783999999991       0.99598666000000002     
   303.00000000000000       0.99479442000000007       0.99304959999999987       0.99601875999999989     
   304.00000000000000       0.99483420000000011       0.99310831999999993       0.99604802000000003     
   305.00000000000000       0.99487735000000010       0.99315703999999982       0.99608012000000001     
   306.00000000000000       0.99491050000000003       0.99321576000000000       0.99610938000000004     
   307.00000000000000       0.99495365000000002       0.99326752000000007       0.99614147999999991     
   308.00000000000000       0.99498679999999995       0.99332320000000007       0.99617073999999994     
   309.00000000000000       0.99502995000000016       0.99337496000000003       0.99619641999999997     
   310.00000000000000       0.99506310000000009       0.99342368000000003       0.99622210000000000     
   311.00000000000000       0.99510625000000008       0.99347543999999988       0.99625136000000003     
   312.00000000000000       0.99513940000000001       0.99352719999999994       0.99627704000000006     
   313.00000000000000       0.99517592000000010       0.99357591999999983       0.99631271999999993     
   314.00000000000000       0.99520907000000003       0.99362767999999990       0.99633839999999996     
   315.00000000000000       0.99524559000000012       0.99366944000000001       0.99635765999999992     
   316.00000000000000       0.99527874000000005       0.99372119999999997       0.99638691999999995     
   317.00000000000000       0.99532189000000004       0.99376599999999993       0.99641259999999998     
   318.00000000000000       0.99534840999999996       0.99381471999999993       0.99644186000000001     
   319.00000000000000       0.99538492999999995       0.99385952000000000       0.99646754000000004     
   320.00000000000000       0.99541808000000009       0.99390823999999989       0.99649322000000007     
   321.00000000000000       0.99545460000000008       0.99395304000000007       0.99651606000000004     
   322.00000000000000       0.99548775000000012       0.99399479999999985       0.99654174000000006     
   323.00000000000000       0.99552426999999999       0.99404655999999991       0.99656741999999987     
   324.00000000000000       0.99555079000000002       0.99408831999999991       0.99659026000000006     
   325.00000000000000       0.99558731000000000       0.99413311999999987       0.99661594000000009     
   326.00000000000000       0.99561383000000003       0.99417791999999994       0.99664162000000012     
   327.00000000000000       0.99564698000000007       0.99421967999999994       0.99666446000000009     
   328.00000000000000       0.99567687000000005       0.99425751999999989       0.99669014000000011     
   329.00000000000000       0.99571001999999997       0.99429927999999990       0.99670940000000008     
   330.00000000000000       0.99573991000000006       0.99434407999999985       0.99673224000000005     
   331.00000000000000       0.99577305999999999       0.99438583999999985       0.99675792000000007     
   332.00000000000000       0.99580295000000008       0.99442367999999992       0.99677718000000004     
   333.00000000000000       0.99582947000000011       0.99446543999999992       0.99680002000000001     
   334.00000000000000       0.99585599000000014       0.99450327999999999       0.99682570000000004     
   335.00000000000000       0.99589251000000001       0.99454503999999999       0.99684496000000000     
   336.00000000000000       0.99591903000000004       0.99458287999999995       0.99686779999999997     
   337.00000000000000       0.99594892000000002       0.99462463999999995       0.99688705999999994     
   338.00000000000000       0.99597544000000005       0.99465943999999995       0.99691273999999996     
   339.00000000000000       0.99600196000000008       0.99469728000000002       0.99693558000000015     
   340.00000000000000       0.99603185000000005       0.99473207999999991       0.99695484000000012     
   341.00000000000000       0.99605837000000008       0.99476991999999997       0.99697410000000009     
   342.00000000000000       0.99608826000000006       0.99480471999999986       0.99699693999999994     
   343.00000000000000       0.99611478000000009       0.99484255999999993       0.99701619999999991     
   344.00000000000000       0.99614130000000012       0.99487735999999993       0.99703545999999998     
   345.00000000000000       0.99616455999999998       0.99491519999999989       0.99705471999999995     
   346.00000000000000       0.99619108000000001       0.99495000000000000       0.99707755999999992     
   347.00000000000000       0.99622097000000021       0.99498783999999996       0.99709682000000011     
   348.00000000000000       0.99624749000000001       0.99502263999999996       0.99711608000000007     
   349.00000000000000       0.99626738000000015       0.99505743999999996       0.99713249999999998     
   350.00000000000000       0.99629726999999990       0.99508832000000003       0.99715175999999994     
   351.00000000000000       0.99631716000000003       0.99512311999999992       0.99717102000000002     
   352.00000000000000       0.99634368000000006       0.99516095999999998       0.99719027999999998     
   353.00000000000000       0.99637357000000004       0.99518879999999998       0.99721312000000006     
   354.00000000000000       0.99639346000000018       0.99522359999999999       0.99722595999999997     
   355.00000000000000       0.99641335000000009       0.99525448000000005       0.99724521999999993     
   356.00000000000000       0.99644324000000006       0.99528927999999994       0.99726806000000001     
   357.00000000000000       0.99646313000000009       0.99532015999999990       0.99728089999999991     
   358.00000000000000       0.99648965000000012       0.99535496000000001       0.99730015999999999     
   359.00000000000000       0.99651291000000009       0.99538280000000001       0.99731941999999996     
   360.00000000000000       0.99653280000000000       0.99541367999999986       0.99733583999999997     
   361.00000000000000       0.99655932000000003       0.99544151999999997       0.99735509999999994     
   362.00000000000000       0.99658258000000011       0.99547936000000004       0.99736793999999995     
   363.00000000000000       0.99660247000000002       0.99550720000000004       0.99738720000000003     
   364.00000000000000       0.99662236000000004       0.99553503999999982       0.99740362000000005     
   365.00000000000000       0.99664562000000001       0.99556591999999999       0.99742288000000001     
   366.00000000000000       0.99667214000000004       0.99559375999999999       0.99743572000000003     
   367.00000000000000       0.99669203000000006       0.99562463999999995       0.99745497999999999     
   368.00000000000000       0.99671529000000014       0.99565247999999995       0.99747140000000001     
   369.00000000000000       0.99673518000000005       0.99568031999999995       0.99748424000000002     
   370.00000000000000       0.99675507000000008       0.99571119999999991       0.99750349999999999     
   371.00000000000000       0.99677833000000005       0.99573903999999991       0.99751634000000000     
   372.00000000000000       0.99679822000000007       0.99576687999999991       0.99753276000000002     
   373.00000000000000       0.99681811000000009       0.99579079999999998       0.99755201999999998     
   374.00000000000000       0.99683800000000000       0.99581863999999987       0.99756486000000000     
   375.00000000000000       0.99686126000000008       0.99584647999999998       0.99757769999999990     
   376.00000000000000       0.99688115000000010       0.99587735999999993       0.99759695999999998     
   377.00000000000000       0.99689441000000012       0.99589824000000005       0.99761337999999999     
   378.00000000000000       0.99691767000000009       0.99592607999999982       0.99762622000000001     
   379.00000000000000       0.99693756000000000       0.99595695999999989       0.99763906000000002     
   380.00000000000000       0.99695745000000002       0.99597783999999989       0.99765190000000004     
   381.00000000000000       0.99697734000000005       0.99600568000000000       0.99767474000000000     
   382.00000000000000       0.99699397000000012       0.99602959999999996       0.99768758000000002     
   383.00000000000000       0.99701386000000003       0.99605743999999996       0.99770042000000003     
   384.00000000000000       0.99703375000000016       0.99607831999999985       0.99771326000000005     
   385.00000000000000       0.99705038000000001       0.99610920000000003       0.99772609999999995     
   386.00000000000000       0.99707027000000004       0.99613007999999992       0.99774251999999997     
   387.00000000000000       0.99709016000000006       0.99615095999999981       0.99775535999999998     
   388.00000000000000       0.99710342000000007       0.99618183999999999       0.99776819999999999     
   389.00000000000006       0.99712668000000004       0.99620271999999988       0.99778104000000001     
   390.00000000000000       0.99713994000000006       0.99622359999999999       0.99779388000000002     
   391.00000000000000       0.99715982999999997       0.99625143999999999       0.99781029999999993     
   392.00000000000000       0.99717308999999998       0.99627535999999983       0.99782313999999994     
   393.00000000000000       0.99719635000000006       0.99629623999999994       0.99783597999999996     
   394.00000000000006       0.99720961000000008       0.99631712000000006       0.99784881999999997     
   395.00000000000000       0.99722949999999999       0.99634799999999990       0.99786165999999998     
   396.00000000000000       0.99724276000000001       0.99636887999999990       0.99787808000000000     
   397.00000000000000       0.99726602000000009       0.99638976000000001       0.99789092000000001     
   398.00000000000000       0.99727928000000010       0.99641367999999986       0.99790376000000003     
   399.00000000000006       0.99729254000000012       0.99643455999999997       0.99791660000000004     
   400.00000000000000       0.99731243000000003       0.99645543999999986       0.99792301999999999     
   401.00000000000000       0.99732906000000010       0.99647631999999997       0.99793944000000001     
   402.00000000000000       0.99734232000000012       0.99650023999999993       0.99795228000000002     
   403.00000000000000       0.99736221000000003       0.99652111999999993       0.99796512000000004     
   404.00000000000000       0.99737547000000004       0.99654199999999993       0.99797796000000005     
   405.00000000000000       0.99739210000000011       0.99656288000000004       0.99798438000000000     
   406.00000000000000       0.99741199000000003       0.99658679999999999       0.99799722000000002     
   407.00000000000000       0.99742525000000004       0.99660767999999988       0.99801363999999992     
   408.00000000000000       0.99743851000000006       0.99662159999999989       0.99802648000000005     
   409.00000000000000       0.99745177000000007       0.99664551999999995       0.99803289999999989     
   410.00000000000006       0.99746840000000003       0.99666639999999984       0.99804574000000001     
   411.00000000000000       0.99748829000000006       0.99668727999999995       0.99805857999999992     
   412.00000000000000       0.99750155000000007       0.99670815999999984       0.99806857999999998     
   413.00000000000000       0.99751481000000009       0.99672512000000002       0.99808142000000000     
   414.00000000000000       0.99753144000000016       0.99674599999999991       0.99809426000000001     
   415.00000000000006       0.99754470000000017       0.99676687999999991       0.99810067999999996     
   416.00000000000000       0.99755795999999997       0.99678079999999991       0.99811351999999998     
   417.00000000000000       0.99757121999999998       0.99680471999999987       0.99812635999999999     
   418.00000000000000       0.99758448000000000       0.99682559999999998       0.99813635999999994     
   419.00000000000000       0.99760111000000007       0.99683951999999998       0.99814920000000007     
   420.00000000000006       0.99761437000000008       0.99686039999999987       0.99816203999999997     
   421.00000000000000       0.99762762999999999       0.99687735999999993       0.99816846000000004     
   422.00000000000000       0.99764089000000000       0.99689823999999994       0.99818129999999994     
   423.00000000000000       0.99765415000000002       0.99691911999999994       0.99818772000000000     
   424.00000000000000       0.99767077999999998       0.99693303999999994       0.99820414000000002     
   425.00000000000006       0.99768403999999999       0.99695695999999989       0.99821056000000008     
   426.00000000000000       0.99769730000000001       0.99697087999999989       0.99822339999999998     
   427.00000000000000       0.99771056000000002       0.99699176000000000       0.99822982000000005     
   428.00000000000000       0.99772382000000004       0.99700568000000001       0.99824266000000006     
   429.00000000000000       0.99774045000000011       0.99701960000000001       0.99824908000000001     
   430.00000000000000       0.99775371000000013       0.99704351999999985       0.99826192000000002     
   431.00000000000006       0.99776697000000014       0.99705743999999985       0.99827191999999998     
   432.00000000000000       0.99777360000000004       0.99707831999999996       0.99828475999999999     
   433.00000000000000       0.99778686000000005       0.99709223999999996       0.99829118000000006     
   434.00000000000000       0.99780349000000002       0.99710919999999992       0.99830401999999996     
   435.00000000000000       0.99781675000000003       0.99713007999999992       0.99831044000000002     
   436.00000000000006       0.99783001000000004       0.99714399999999992       0.99831685999999997     
   437.00000000000000       0.99783664000000005       0.99715791999999992       0.99832969999999999     
   438.00000000000000       0.99784990000000007       0.99717183999999992       0.99833970000000005     
   439.00000000000000       0.99786315999999997       0.99719575999999988       0.99835254000000007     
   440.00000000000000       0.99787979000000004       0.99720967999999988       0.99835896000000002     
   441.00000000000006       0.99789305000000006       0.99722359999999988       0.99836537999999997     
   442.00000000000000       0.99789968000000007       0.99723751999999988       0.99837821999999998     
   443.00000000000000       0.99791294000000008       0.99726143999999994       0.99838464000000005     
   444.00000000000000       0.99792620000000010       0.99727535999999994       0.99839106000000000     
   445.00000000000000       0.99793620000000005       0.99728927999999994       0.99840748000000001     
   446.00000000000006       0.99794946000000007       0.99730319999999995       0.99841390000000008     
   447.00000000000000       0.99796272000000008       0.99731711999999995       0.99842032000000003     
   448.00000000000000       0.99796935000000020       0.99733407999999990       0.99843316000000004     
   449.00000000000000       0.99798260999999999       0.99734799999999990       0.99843958000000010     
   450.00000000000000       0.99799587000000001       0.99736191999999990       0.99844600000000006     
   451.00000000000006       0.99800587000000007       0.99737583999999990       0.99845242000000001     
   452.00000000000000       0.99801913000000009       0.99739672000000001       0.99846883999999991     
   453.00000000000000       0.99802575999999998       0.99741367999999997       0.99847525999999998     
   454.00000000000000       0.99803902000000000       0.99742759999999997       0.99848168000000004     
   455.00000000000000       0.99804565000000012       0.99744151999999997       0.99848809999999988     
   456.00000000000000       0.99805891000000013       0.99745543999999997       0.99850094000000000     
   457.00000000000006       0.99807554000000009       0.99746935999999997       0.99850736000000007     
   458.00000000000000       0.99808216999999999       0.99748327999999997       0.99851377999999991     
   459.00000000000000       0.99809543000000001       0.99749328000000004       0.99852019999999997     
   460.00000000000000       0.99810206000000012       0.99750720000000004       0.99853020000000003     
   461.00000000000000       0.99811532000000014       0.99752112000000004       0.99854304000000005     
   462.00000000000006       0.99812195000000004       0.99753504000000004       0.99854946000000000     
   463.00000000000000       0.99813521000000005       0.99754896000000004       0.99855588000000006     
   464.00000000000000       0.99814521000000012       0.99756591999999999       0.99856230000000001     
   465.00000000000000       0.99815847000000013       0.99757984000000000       0.99856871999999997     
   466.00000000000000       0.99816510000000003       0.99759376000000000       0.99857514000000003     
   467.00000000000006       0.99817172999999992       0.99760768000000000       0.99858798000000004     
   468.00000000000000       0.99818498999999994       0.99761463999999989       0.99859439999999999     
   469.00000000000000       0.99819162000000006       0.99762855999999989       0.99860440000000006     
   470.00000000000000       0.99820825000000002       0.99764551999999995       0.99861081999999990     
   471.00000000000000       0.99821488000000014       0.99765943999999995       0.99861723999999996     
   472.00000000000006       0.99822814000000015       0.99767335999999995       0.99862366000000002     
   473.00000000000000       0.99823477000000005       0.99768031999999995       0.99863008000000009     
   474.00000000000000       0.99824140000000017       0.99769423999999995       0.99863649999999993     
   475.00000000000000       0.99825465999999996       0.99770815999999996       0.99864291999999999     
   476.00000000000000       0.99826129000000008       0.99772511999999991       0.99864934000000005     
   477.00000000000006       0.99827128999999992       0.99773208000000002       0.99865576000000011     
   478.00000000000006       0.99828454999999994       0.99774600000000002       0.99867218000000002     
   479.00000000000000       0.99829118000000006       0.99775992000000002       0.99867860000000008     
   480.00000000000000       0.99829780999999995       0.99777384000000002       0.99868502000000003     
   481.00000000000000       0.99831106999999997       0.99778079999999991       0.99869144000000010     
   482.00000000000000       0.99831770000000009       0.99779775999999987       0.99869786000000005     
   483.00000000000006       0.99832432999999998       0.99781167999999987       0.99870428000000011     
   484.00000000000000       0.99833759000000000       0.99781863999999998       0.99871070000000006     
   485.00000000000000       0.99834759000000006       0.99783255999999998       0.99871712000000001     
   486.00000000000000       0.99835422000000018       0.99783951999999987       0.99872354000000008     
   487.00000000000000       0.99836085000000008       0.99785343999999987       0.99873353999999992     
   488.00000000000006       0.99837411000000009       0.99787040000000005       0.99873995999999998     
   489.00000000000000       0.99838074000000021       0.99787735999999994       0.99874638000000004     
   490.00000000000000       0.99838737000000011       0.99789127999999994       0.99875279999999989     
   491.00000000000000       0.99839400000000023       0.99789824000000005       0.99875921999999995     
   492.00000000000000       0.99841062999999997       0.99791216000000005       0.99876564000000001     
   493.00000000000006       0.99841726000000008       0.99792608000000005       0.99877206000000007     
   494.00000000000000       0.99842388999999998       0.99793303999999994       0.99877847999999991     
   495.00000000000000       0.99843052000000010       0.99794999999999989       0.99877847999999991     
   496.00000000000000       0.99843715000000000       0.99795696000000000       0.99878489999999998     
   497.00000000000000       0.99845041000000001       0.99797088000000000       0.99879490000000004     
   498.00000000000006       0.99845704000000013       0.99797783999999989       0.99880131999999988     
   499.00000000000000       0.99846367000000003       0.99799175999999989       0.99880773999999994     
   500.00000000000000       0.99847367000000009       0.99799872000000001       0.99881416000000001     
   501.00000000000000       0.99848029999999999       0.99801264000000001       0.99882057999999985     
   502.00000000000000       0.99848693000000011       0.99802263999999996       0.99882699999999991     
   503.00000000000006       0.99850019000000012       0.99803655999999996       0.99883341999999997     
   504.00000000000006       0.99850682000000002       0.99804351999999996       0.99883984000000003     
   505.00000000000000       0.99851345000000014       0.99805047999999996       0.99884625999999987     
   506.00000000000000       0.99852008000000003       0.99806439999999985       0.99885267999999994     
   507.00000000000000       0.99852671000000004       0.99807135999999996       0.99885267999999994     
   508.00000000000000       0.99853334000000005       0.99808527999999996       0.99886268000000000     
   509.00000000000006       0.99854334000000011       0.99809528000000003       0.99886910000000007     
   510.00000000000000       0.99854997000000001       0.99810223999999992       0.99887551999999991     
   511.00000000000000       0.99855660000000013       0.99811615999999992       0.99888193999999997     
   512.00000000000000       0.99856986000000014       0.99812312000000003       0.99888836000000003     
   513.00000000000000       0.99857649000000004       0.99813703999999981       0.99889478000000009     
   514.00000000000000       0.99858312000000016       0.99814399999999992       0.99889478000000009     
   515.00000000000000       0.99858975000000005       0.99815095999999981       0.99890119999999993     
   516.00000000000000       0.99859637999999995       0.99816791999999999       0.99890762000000000     
   517.00000000000000       0.99860301000000007       0.99817487999999999       0.99891404000000006     
   518.00000000000000       0.99861301000000002       0.99818183999999999       0.99892046000000012     
   519.00000000000000       0.99861964000000003       0.99819575999999999       0.99893045999999996     
   520.00000000000000       0.99862627000000004       0.99820271999999999       0.99893045999999996     
   521.00000000000000       0.99863290000000005       0.99820967999999999       0.99893688000000003     
   522.00000000000000       0.99863953000000005       0.99822359999999988       0.99894330000000009     
   523.00000000000000       0.99864616000000006       0.99823055999999999       0.99894971999999993     
   524.00000000000000       0.99865279000000007       0.99824055999999994       0.99895613999999999     
   525.00000000000000       0.99865942000000008       0.99824752000000005       0.99895613999999999     
   526.00000000000000       0.99866605000000008       0.99826143999999983       0.99896256000000005     
   527.00000000000000       0.99867605000000004       0.99826839999999994       0.99896898000000012     
   528.00000000000000       0.99868267999999993       0.99827535999999983       0.99897539999999996     
   529.00000000000000       0.99868931000000005       0.99828231999999995       0.99897539999999996     
   530.00000000000000       0.99869593999999995       0.99829623999999995       0.99898182000000002     
   531.00000000000000       0.99870257000000007       0.99830320000000006       0.99899182000000009     
   532.00000000000000       0.99870919999999996       0.99831319999999990       0.99899823999999993     
   533.00000000000000       0.99871583000000008       0.99832016000000001       0.99899823999999993     
   534.00000000000000       0.99872245999999998       0.99833408000000001       0.99900465999999999     
   535.00000000000000       0.99872909000000010       0.99834103999999990       0.99901108000000005     
   536.00000000000000       0.99873571999999999       0.99834799999999979       0.99901749999999989     
   537.00000000000000       0.99874572000000006       0.99835495999999990       0.99901749999999989     
   538.00000000000000       0.99874572000000006       0.99836191999999979       0.99902391999999995     
   539.00000000000000       0.99875235000000007       0.99836887999999990       0.99903034000000002     
   540.00000000000000       0.99875898000000007       0.99838279999999990       0.99903676000000008     
   541.00000000000000       0.99876561000000008       0.99839279999999997       0.99903676000000008     
   542.00000000000000       0.99877224000000009       0.99839975999999986       0.99904317999999992     
   543.00000000000000       0.99877887000000010       0.99840671999999997       0.99904959999999998     
   544.00000000000000       0.99878549999999999       0.99841368000000008       0.99905317999999999     
   545.00000000000000       0.99879213000000011       0.99842063999999997       0.99905960000000005     
   546.00000000000000       0.99879876000000001       0.99842760000000008       0.99906601999999989     
   547.00000000000000       0.99880876000000018       0.99844152000000008       0.99906601999999989     
   548.00000000000000       0.99880876000000018       0.99844847999999997       0.99907243999999995     
   549.00000000000000       0.99881539000000008       0.99845544000000008       0.99907886000000001     
   550.00000000000000       0.99882202000000020       0.99846543999999993       0.99908528000000008     
