1	0.014850972	0.000159308	0.000176696
2	0.15177156	0.0021194	0.0021668
3	0.2999066	0.00428972	0.00435506
4	0.41140005	0.00588741	0.00597205
5	0.49294847	0.00705719	0.00715699
6	0.55385952	0.00797064	0.00807034
7	0.600858	0.0086444	0.00875914
8	0.63804263	0.00918655	0.00929515
9	0.66812788	0.0096234	0.00973488
10	0.69296104	0.00999144	0.01008264
11	0.71378603	0.01029203	0.01039105
12	0.73150318	0.01054814	0.01064558
13	0.74675608	0.01078688	0.01086128
14	0.76004484	0.01098052	0.01104878
15	0.77172631	0.01115551	0.01121271
16	0.78207723	0.01130947	0.01135991
17	0.79132445	0.01144925	0.01148427
18	0.7996346	0.01157236	0.0115899
19	0.80715779	0.01168587	0.01168669
20	0.81399402	0.01178674	0.0117818
21	0.82025003	0.01188259	0.011852070000001
22	0.82599245	0.01197309	0.01191729
23	0.83129139	0.01204531	0.01197809
24	0.83620011	0.01212251	0.01202763
25	0.84076535	0.01218839	0.01207275
26	0.84502048	0.01225632	0.01211008
27	0.84900539	0.01231315	0.01213973
28	0.85274356	0.0123654	0.0121618
29	0.85626162	0.01241666	0.01218608
30	0.85958283	0.01246019	0.01219647
31	0.86272393	0.01249969	0.01221265
32	0.86569829	0.01253461	0.01221767
33	0.86853254	0.0125755	0.01221564
34	0.87122331	0.01260203	0.01221277
35	0.87379397	0.01262757	0.01220211
36	0.87624789	0.01265245	0.01219103
37	0.8786017	0.0126833	0.01217574
38	0.8808554	0.0126962	0.01215624
39	0.88301899	0.01271507	0.01212969
40	0.8850991	0.0127335	0.01210588
41	0.88709921	0.01274105	0.01208417
42	0.88903247	0.01275087	0.01204573
43	0.89089236	0.01275644	0.01201634
44	0.89269877	0.01276461	0.01197611
45	0.89443844	0.01276212	0.01193904
46	0.89612137	0.01276201	0.01189797
47	0.89775419	0.01275787	0.01185627
48	0.8993369	0.0127497	0.01181752
49	0.9008795	0.0127475	0.01176814
50	0.90237536	0.01273768	0.01172118
51	0.90382785	0.01273057	0.01167759
52	0.90524686	0.0127191	0.01162316
53	0.9066225	0.0127073	0.01157852
54	0.90796803	0.01269451	0.01152683
55	0.90927682	0.01267106	0.01147472
56	0.91055887	0.01265695	0.01142219
57	0.91180418	0.01263522	0.01136924
58	0.91302275	0.01260979	0.01131945
59	0.91422121	0.01259337	0.01125903
60	0.91538967	0.01256999	0.01120503
61	0.91652802	0.01254258	0.01115756
62	0.91764963	0.01251755	0.01110325
63	0.91874787	0.01249219	0.01104515
64	0.91981937	0.01245617	0.01099379
65	0.9208775	0.01243286	0.01093864
66	0.92191552	0.01240248	0.01088002
67	0.92293354	0.01237818	0.01082782
68	0.92392819	0.01234355	0.01077541
69	0.9249061	0.0123113	0.01072616
70	0.92587064	0.01227568	0.01067028
71	0.92681844	0.01224244	0.01062114
72	0.92775287	0.01220887	0.01056179
73	0.9286673	0.01216834	0.01051528
74	0.92957499	0.01214107	0.01045909
75	0.93046268	0.01210292	0.0104029
76	0.931337	0.01206444	0.0103565
77	0.93220458	0.01202922	0.01029684
78	0.93305216	0.01199008	0.0102536
79	0.93388974	0.01195398	0.01020036
80	0.93471395	0.01190755	0.01015407
81	0.93553479	0.01187775	0.01009757
82	0.93633563	0.01183403	0.01005107
83	0.9371331	0.01179694	0.00999152
84	0.93791057	0.01174593	0.00994839
85	0.93868467	0.01170851	0.00989863
86	0.93945214	0.0116675	0.00983908
87	0.94020287	0.01162279	0.00979269
88	0.94094697	0.01157753	0.00974651
89	0.9416877	0.01154282	0.00968728
90	0.9424118	0.01149756	0.0096411
91	0.94313253	0.01144893	0.00958187
92	0.94384326	0.0114103	0.00953264
93	0.94454399	0.01136471	0.00948341
94	0.94523472	0.01131216	0.00942776
95	0.94591545	0.01126657	0.00938211
96	0.94659618	0.01122098	0.00932646
97	0.94726691	0.01117147	0.00927439
98	0.94793101	0.01112229	0.00921253
99	0.94858174	0.01107278	0.00916404
100	0.94922584	0.0110236	0.00911576
101	0.94986994	0.01097442	0.00905748
102	0.95050404	0.01092828	0.0089992
103	0.95112814	0.0108791	0.0089445
104	0.95174561	0.01082329	0.00889643
105	0.95235308	0.01077052	0.00884552
106	0.95296055	0.01071775	0.00878461
107	0.95355802	0.01066194	0.00873012
108	0.95414886	0.0106095	0.008673
109	0.95473307	0.01055347	0.00861893
110	0.95531391	0.01050799	0.00855539
111	0.95587812	0.01044196	0.0085049
112	0.9564457	0.01039322	0.0084482
113	0.95700991	0.01034111	0.00838487
114	0.95755749	0.01027541	0.00832817
115	0.95810844	0.01022004	0.00826526
116	0.95864276	0.01015804	0.0082154
117	0.95917371	0.01009963	0.00815607
118	0.95970803	0.01004459	0.00808695
119	0.96022572	0.00998292	0.00803446
120	0.96074341	0.00992821	0.00797197
121	0.9612511	0.00986654	0.00791664
122	0.96175216	0.0098052	0.00785794
123	0.96225659	0.00974723	0.00778945
124	0.96274102	0.00967622	0.00773096
125	0.96322882	0.00961858	0.00767268
126	0.96370662	0.0095579	0.00760798
127	0.96418779	0.00950059	0.00753991
128	0.96465233	0.00943361	0.00748563
129	0.9651135	0.0093663	0.00742114
130	0.96557141	0.00930269	0.00735707
131	0.96602595	0.00924267	0.00729637
132	0.9664706	0.00917972	0.00722914
133	0.96691188	0.00911644	0.00716886
134	0.96734316	0.00904708	0.00710858
135	0.96777781	0.00898413	0.00704493
136	0.9681992	0.00891488	0.0069817
137	0.96861722	0.00885226	0.00692184
138	0.96902861	0.00877997	0.00686219
139	0.96944337	0.00872105	0.00679275
140	0.9698415	0.00865246	0.00672994
141	0.97023626	0.0085805	0.00667408
142	0.97063439	0.00851887	0.00660485
143	0.97101926	0.00845094	0.00654604
144	0.97140076	0.00838964	0.0064806
145	0.971779	0.00832204	0.00641842
146	0.97214724	0.00824748	0.00635982
147	0.97251548	0.00817988	0.0062948
148	0.97287709	0.00811261	0.00623641
149	0.9732387	0.0080523	0.0061716
150	0.97358705	0.00797873	0.00611005
151	0.9739354	0.00791516	0.00604566
152	0.97428038	0.00785214	0.00598106
153	0.97461547	0.00778227	0.00592351
154	0.97494719	0.00770903	0.00586575
155	0.97528228	0.00765004	0.00580178
156	0.97560074	0.00757746	0.00574444
157	0.9759192	0.00751184	0.0056871
158	0.97623766	0.00744622	0.00562334
159	0.97654949	0.00738397	0.00556337
160	0.97685469	0.00731205	0.00550645
161	0.97715326	0.00724046	0.00544974
162	0.97745183	0.00717887	0.00539303
163	0.97774703	0.00711087	0.00532969
164	0.97803234	0.00704298	0.0052734
165	0.97831765	0.00698205	0.00521711
166	0.97859959	0.00691775	0.00515777
167	0.97887827	0.00685019	0.00509811
168	0.97914695	0.00678655	0.00504561
169	0.97941563	0.00672291	0.00499311
170	0.97968105	0.00665601	0.00493387
171	0.9799431	0.0065927	0.00487516
172	0.98019852	0.00652972	0.00482592
173	0.98044731	0.00646011	0.00477047
174	0.9806961	0.00639354	0.0047186
175	0.98094489	0.00633785	0.00466315
176	0.98118705	0.00627161	0.00460791
177	0.98142258	0.00620962	0.00456288
178	0.98165811	0.00614371	0.00450785
179	0.98189364	0.00609172	0.00445282
180	0.98211917	0.00602973	0.00440137
181	0.98234144	0.00596144	0.00435318
182	0.98256371	0.00590315	0.00429857
183	0.98277598	0.00584182	0.00425396
184	0.98299162	0.00578386	0.00420598
185	0.98320389	0.00572253	0.00415495
186	0.9834129	0.0056649	0.00410718
187	0.98361191	0.00560423	0.00406299
188	0.98381429	0.00554693	0.00401543
189	0.9840133	0.0054893	0.00396482
190	0.98420568	0.00542896	0.00392368
191	0.98440143	0.00537895	0.00386991
192	0.98458718	0.00531502	0.00383256
193	0.98477293	0.00526197	0.00378879
194	0.98495868	0.00520892	0.00374144
195	0.9851378	0.00515228	0.00369788
196	0.98531692	0.00509956	0.00365432
197	0.98549278	0.00504662	0.00361044
198	0.98566527	0.00498727	0.00356709
199	0.98583776	0.00493792	0.00352016
200	0.98600362	0.0048889	0.00348344
201	0.98616948	0.00483684	0.00343672
202	0.98632534	0.00477782	0.00341
203	0.98648457	0.00472913	0.00336349
204	0.9866438	0.00468044	0.00332698
205	0.9867964	0.00463208	0.0032871
206	0.986949	0.00458068	0.0032508
207	0.9871016	0.00453232	0.00321092
208	0.9872442	0.00448092	0.00317462
209	0.98739017	0.00443289	0.00313853
210	0.98753614	0.00438486	0.00309886
211	0.98767211	0.00433379	0.00306919
212	0.98781145	0.00428609	0.00303331
213	0.98795079	0.00424535	0.00299385
214	0.98808013	0.00419461	0.00296439
215	0.98821947	0.00415691	0.00292493
216	0.98834555	0.00410987	0.00289589
217	0.98847489	0.00406609	0.00286643
218	0.98860097	0.00401905	0.00282739
219	0.98872368	0.0039756	0.00279814
220	0.98884976	0.00393856	0.00276552
221	0.98896584	0.00388848	0.00273648
222	0.98908855	0.00385199	0.00270439
223	0.989208	0.00381224	0.00267198
224	0.98931745	0.00376553	0.00264957
225	0.9894369	0.00373274	0.00261074
226	0.98954635	0.00368603	0.00258833
227	0.9896558	0.0036502	0.0025595
228	0.98976862	0.00361078	0.0025273
229	0.98987144	0.00357136	0.00249868
230	0.98997426	0.0035289	0.00247648
231	0.99008045	0.00349285	0.00244449
232	0.99018327	0.00345735	0.00242229
233	0.99028609	0.00342489	0.00239367
234	0.99038228	0.00338276	0.00236526
235	0.99048184	0.00334704	0.0023399
236	0.99057803	0.00331491	0.00231791
237	0.99067422	0.00327974	0.0022895
238	0.99076378	0.00324098	0.00226772
239	0.99085997	0.00321277	0.00224215
240	0.99094953	0.00317401	0.00222037
241	0.99103909	0.00314221	0.00219217
242	0.99113202	0.00311378	0.00216702
243	0.99121495	0.00307927	0.00215187
244	0.99130451	0.00304747	0.00212367
245	0.99138744	0.003016	0.0021021
246	0.99147037	0.00298149	0.00207695
247	0.9915533	0.00295698	0.00205538
248	0.99163623	0.00292551	0.00203381
249	0.99171253	0.00289437	0.00201887
250	0.99178883	0.00286323	0.00200393
251	0.99187176	0.00283568	0.00197236
252	0.99194806	0.00280454	0.00195742
253	0.99202436	0.00278036	0.00193606
254	0.99209403	0.00274259	0.00192133
255	0.99217033	0.00271841	0.00189639
256	0.99224663	0.00269423	0.00187503
257	0.9923163	0.00267038	0.0018603
258	0.99238597	0.00263957	0.00184557
259	0.99245227	0.00261235	0.00183063
260	0.99252194	0.0025885	0.00180948
261	0.99259161	0.00256465	0.00179475
262	0.99266128	0.0025408	0.00177002
263	0.99272432	0.00251032	0.0017555
264	0.99279399	0.00249343	0.00173435
265	0.99285703	0.00246991	0.00171625
266	0.9929167	0.00243606	0.0017051
267	0.99297974	0.00241254	0.00169058
268	0.99304278	0.00239598	0.00167248
269	0.99310582	0.00237246	0.00165796
270	0.99316886	0.00234894	0.00163344
271	0.9932219	0.00232238	0.00162892
272	0.99328494	0.00230582	0.00160798
273	0.99334135	0.00228263	0.00159651
274	0.99339776	0.00225944	0.0015822
275	0.99345417	0.00223625	0.00156431
276	0.99350721	0.00220969	0.00155337
277	0.99356362	0.00219346	0.00154548
278	0.99362003	0.00217331	0.00152759
279	0.99367307	0.00215371	0.00151023
280	0.99372948	0.00213748	0.00149234
281	0.99377926	0.00211462	0.00148466
282	0.99383567	0.00209839	0.00146677
283	0.99388208	0.0020752	0.00146246
284	0.99393186	0.0020593	0.00144478
285	0.99398827	0.00204307	0.00143047
286	0.99403468	0.0020238	0.00141616
287	0.99408446	0.00200094	0.00140848
288	0.99413424	0.00198808	0.0013908
289	0.99418065	0.00196881	0.00138007
290	0.9942238	0.00194628	0.00136902
291	0.99427021	0.00192701	0.00135829
292	0.99431999	0.00191415	0.00134703
293	0.99436314	0.00189858	0.00133956
294	0.99440955	0.00187931	0.00132525
295	0.9944527	0.00186374	0.00131778
296	0.99450248	0.00185088	0.00129368
297	0.99454226	0.00183194	0.00128958
298	0.99458541	0.00181637	0.00127853
299	0.99462519	0.00180047	0.00127443
300	0.99466834	0.0017849	0.00125696
301	0.99470812	0.00176596	0.00125286
302	0.99475127	0.00175343	0.00123539
303	0.99479442	0.00174482	0.00122434
304	0.9948342	0.00172588	0.00121382
305	0.99487735	0.00172031	0.00120277
306	0.9949105	0.00169474	0.00119888
307	0.99495365	0.00168613	0.00118783
308	0.9949868	0.0016636	0.00118394
309	0.99502995	0.00165499	0.00116647
310	0.9950631	0.00163942	0.001159
311	0.99510625	0.00163081	0.00114511
312	0.9951394	0.0016122	0.00113764
313	0.99517592	0.0016	0.0011368
314	0.99520907	0.00158139	0.00112933
315	0.99524559	0.00157615	0.00111207
316	0.99527874	0.00155754	0.00110818
317	0.99532189	0.00155589	0.00109071
318	0.99534841	0.00153369	0.00109345
319	0.99538493	0.00152541	0.00108261
320	0.99541808	0.00150984	0.00107514
321	0.9954546	0.00150156	0.00106146
322	0.99548775	0.00149295	0.00105399
323	0.99552427	0.00147771	0.00104315
324	0.99555079	0.00146247	0.00103947
325	0.99558731	0.00145419	0.00102863
326	0.99561383	0.00143591	0.00102779
327	0.99564698	0.0014273	0.00101748
328	0.99567687	0.00141935	0.00101327
329	0.99571002	0.00141074	0.00099938
330	0.99573991	0.00139583	0.00099233
331	0.99577306	0.00138722	0.00098486
332	0.99580295	0.00137927	0.00097423
333	0.99582947	0.00136403	0.00097055
334	0.99585599	0.00135271	0.00096971
335	0.99589251	0.00134747	0.00095245
336	0.99591903	0.00133615	0.00094877
337	0.99594892	0.00132428	0.00093814
338	0.99597544	0.001316	0.0009373
339	0.99600196	0.00130468	0.00093362
340	0.99603185	0.00129977	0.00092299
341	0.99605837	0.00128845	0.00091573
342	0.99608826	0.00128354	0.00090868
343	0.99611478	0.00127222	0.00090142
344	0.9961413	0.00126394	0.00089416
345	0.99616456	0.00124936	0.00089016
346	0.99619108	0.00124108	0.00088648
347	0.99622097	0.00123313	0.00087585
348	0.99624749	0.00122485	0.00086859
349	0.99626738	0.00120994	0.00086512
350	0.99629727	0.00120895	0.00085449
351	0.99631716	0.00119404	0.00085386
352	0.99634368	0.00118272	0.0008466
353	0.99637357	0.00118477	0.00083955
354	0.99639346	0.00116986	0.0008325
355	0.99641335	0.00115887	0.00083187
356	0.99644324	0.00115396	0.00082482
357	0.99646313	0.00114297	0.00081777
358	0.99648965	0.00113469	0.00081051
359	0.99651291	0.00113011	0.00080651
360	0.9965328	0.00111912	0.00080304
361	0.99655932	0.0011178	0.00079578
362	0.99658258	0.00110322	0.00078536
363	0.99660247	0.00109527	0.00078473
364	0.99662236	0.00108732	0.00078126
365	0.99664562	0.0010797	0.00077726
366	0.99667214	0.00107838	0.00076358
367	0.99669203	0.00106739	0.00076295
368	0.99671529	0.00106281	0.00075611
369	0.99673518	0.00105486	0.00074906
370	0.99675507	0.00104387	0.00074843
371	0.99677833	0.00103929	0.00073801
372	0.99679822	0.00103134	0.00073454
373	0.99681811	0.00102731	0.00073391
374	0.996838	0.00101936	0.00072686
375	0.99686126	0.00101478	0.00071644
376	0.99688115	0.00100379	0.00071581
377	0.99689441	0.00099617	0.00071897
378	0.99691767	0.00099159	0.00070855
379	0.99693756	0.0009806	0.0007015
380	0.99695745	0.00097961	0.00069445
381	0.99697734	0.00097166	0.0006974
382	0.99699397	0.00096437	0.00069361
383	0.99701386	0.00095642	0.00068656
384	0.99703375	0.00095543	0.00067951
385	0.99705038	0.00094118	0.00067572
386	0.99707027	0.00094019	0.00067225
387	0.99709016	0.0009392	0.0006652
388	0.99710342	0.00092158	0.00066478
389	0.99712668	0.00092396	0.00065436
390	0.99713994	0.00091634	0.00065394
391	0.99715983	0.00090839	0.00065047
392	0.99717309	0.00089773	0.00065005
393	0.99719635	0.00090011	0.00063963
394	0.99720961	0.00089249	0.00063921
395	0.9972295	0.0008815	0.00063216
396	0.99724276	0.00087388	0.00063532
397	0.99726602	0.00087626	0.0006249
398	0.99727928	0.0008656	0.00062448
399	0.99729254	0.00085798	0.00062406
400	0.99731243	0.00085699	0.00061059
401	0.99732906	0.00085274	0.00061038
402	0.99734232	0.00084208	0.00060996
403	0.99736221	0.00084109	0.00060291
404	0.99737547	0.00083347	0.00060249
405	0.9973921	0.00082922	0.00059228
406	0.99741199	0.00082519	0.00058523
407	0.99742525	0.00081757	0.00058839
408	0.99743851	0.00081691	0.00058797
409	0.99745177	0.00080625	0.00058113
410	0.9974684	0.000802	0.00057734
411	0.99748829	0.00080101	0.00057029
412	0.99750155	0.00079339	0.00056703
413	0.99751481	0.00078969	0.00056661
414	0.99753144	0.00078544	0.00056282
415	0.9975447	0.00077782	0.00055598
416	0.99755796	0.00077716	0.00055556
417	0.99757122	0.0007665	0.00055514
418	0.99758448	0.00075888	0.00055188
419	0.99760111	0.00076159	0.00054809
420	0.99761437	0.00075397	0.00054767
421	0.99762763	0.00075027	0.00054083
422	0.99764089	0.00074265	0.00054041
423	0.99765415	0.00073503	0.00053357
424	0.99767078	0.00073774	0.00053336
425	0.99768404	0.00072708	0.00052652
426	0.9976973	0.00072642	0.0005261
427	0.99771056	0.0007188	0.00051926
428	0.99772382	0.00071814	0.00051884
429	0.99774045	0.00072085	0.00050863
430	0.99775371	0.00071019	0.00050821
431	0.99776697	0.00070953	0.00050495
432	0.9977736	0.00069528	0.00051116
433	0.99778686	0.00069462	0.00050432
434	0.99780349	0.00069429	0.00050053
435	0.99781675	0.00068667	0.00049369
436	0.99783001	0.00068601	0.00048685
437	0.99783664	0.00067872	0.00049306
438	0.9978499	0.00067806	0.0004898
439	0.99786316	0.0006674	0.00048938
440	0.99787979	0.00067011	0.00047917
441	0.99789305	0.00066945	0.00047233
442	0.99789968	0.00066216	0.00047854
443	0.99791294	0.0006515	0.0004717
444	0.9979262	0.00065084	0.00046486
445	0.9979362	0.00064692	0.00047128
446	0.99794946	0.00064626	0.00046444
447	0.99796272	0.0006456	0.0004576
448	0.99796935	0.00063527	0.00046381
449	0.99798261	0.00063461	0.00045697
450	0.99799587	0.00063395	0.00045013
451	0.99800587	0.00063003	0.00044655
452	0.99801913	0.00062241	0.00044971
453	0.99802576	0.00061208	0.0004495
454	0.99803902	0.00061142	0.00044266
455	0.99804565	0.00060413	0.00044245
456	0.99805891	0.00060347	0.00044203
457	0.99807554	0.00060618	0.00043182
458	0.99808217	0.00059889	0.00043161
459	0.99809543	0.00060215	0.00042477
460	0.99810206	0.00059486	0.00042814
461	0.99811532	0.0005942	0.00042772
462	0.99812195	0.00058691	0.00042751
463	0.99813521	0.00058625	0.00042067
464	0.99814521	0.00057929	0.00041709
465	0.99815847	0.00057863	0.00041025
466	0.9981651	0.00057134	0.00041004
467	0.99817173	0.00056405	0.00041625
468	0.99818499	0.00057035	0.00040941
469	0.99819162	0.00056306	0.00041278
470	0.99820825	0.00056273	0.00040257
471	0.99821488	0.00055544	0.00040236
472	0.99822814	0.00055478	0.00039552
473	0.99823477	0.00055445	0.00039531
474	0.9982414	0.00054716	0.0003951
475	0.99825466	0.0005465	0.00038826
476	0.99826129	0.00053617	0.00038805
477	0.99827129	0.00053921	0.00038447
478	0.99828455	0.00053855	0.00038763
479	0.99829118	0.00053126	0.00038742
480	0.99829781	0.00052397	0.00038721
481	0.99831107	0.00053027	0.00038037
482	0.9983177	0.00051994	0.00038016
483	0.99832433	0.00051265	0.00037995
484	0.99833759	0.00051895	0.00037311
485	0.99834759	0.00051503	0.00036953
486	0.99835422	0.0005147	0.00036932
487	0.99836085	0.00050741	0.00037269
488	0.99837411	0.00050371	0.00036585
489	0.99838074	0.00050338	0.00036564
490	0.99838737	0.00049609	0.00036543
491	0.998394	0.00049576	0.00036522
492	0.99841063	0.00049847	0.00035501
493	0.99841726	0.00049118	0.0003548
494	0.99842389	0.00049085	0.00035459
495	0.99843052	0.00048052	0.00034796
496	0.99843715	0.00048019	0.00034775
497	0.99845041	0.00047953	0.00034449
498	0.99845704	0.0004792	0.00034428
499	0.99846367	0.00047191	0.00034407
500	0.99847367	0.00047495	0.00034049
501	0.9984803	0.00046766	0.00034028
502	0.99848693	0.00046429	0.00034007
503	0.99850019	0.00046363	0.00033323
504	0.99850682	0.0004633	0.00033302
505	0.99851345	0.00046297	0.00033281
506	0.99852008	0.00045568	0.0003326
507	0.99852671	0.00045535	0.00032597
508	0.99853334	0.00044806	0.00032934
509	0.99854334	0.00044806	0.00032576
510	0.99854997	0.00044773	0.00032555
511	0.9985566	0.00044044	0.00032534
512	0.99856986	0.00044674	0.0003185
513	0.99857649	0.00043945	0.00031829
514	0.99858312	0.00043912	0.00031166
515	0.99858975	0.00043879	0.00031145
516	0.99859638	0.00042846	0.00031124
517	0.99860301	0.00042813	0.00031103
518	0.99861301	0.00043117	0.00030745
519	0.99861964	0.00042388	0.00031082
520	0.99862627	0.00042355	0.00030419
521	0.9986329	0.00042322	0.00030398
522	0.99863953	0.00041593	0.00030377
523	0.99864616	0.0004156	0.00030356
524	0.99865279	0.00041223	0.00030335
525	0.99865942	0.0004119	0.00029672
526	0.99866605	0.00040461	0.00029651
527	0.99867605	0.00040765	0.00029293
528	0.99868268	0.00040732	0.00029272
529	0.99868931	0.00040699	0.00028609
530	0.99869594	0.0003997	0.00028588
531	0.99870257	0.00039937	0.00028925
532	0.9987092	0.000396	0.00028904
533	0.99871583	0.00039567	0.00028241
534	0.99872246	0.00038838	0.0002822
535	0.99872909	0.00038805	0.00028199
536	0.99873572	0.00038772	0.00028178
537	0.99874572	0.00039076	0.00027178
538	0.99874572	0.0003838	0.0002782
539	0.99875235	0.00038347	0.00027799
540	0.99875898	0.00037618	0.00027778
541	0.99876561	0.00037281	0.00027115
542	0.99877224	0.00037248	0.00027094
543	0.99877887	0.00037215	0.00027073
544	0.9987855	0.00037182	0.00026768
545	0.99879213	0.00037149	0.00026747
546	0.99879876	0.00037116	0.00026726
547	0.99880876	0.00036724	0.00025726
548	0.99880876	0.00036028	0.00026368
549	0.99881539	0.00035995	0.00026347
550	0.99882202	0.00035658	0.00026326

