   1.0000000000000000        3.5855778000000000E-007   3.5506428000000002E-007   3.6329551999999998E-007
   2.0000000000000000        1.3722846000000003E-003   1.3622735999999998E-003   1.3857936000000000E-003
   3.0000000000000000        1.8118890000000002E-002   1.7990816000000000E-002   1.8290583999999999E-002
   4.0000000000000000        6.0959604000000001E-002   6.0527879999999999E-002   6.1536543999999999E-002
   5.0000000000000000       0.12134249000000003       0.12048167999999999       0.12248840000000000     
   6.0000000000000000       0.18783879000000003       0.18651815999999999       0.18959672000000000     
   7.0000000000000000       0.25344149999999999       0.25166639999999996       0.25581463999999998     
   8.0000000000000000       0.31477084000000000       0.31256856000000000       0.31771951999999998     
   9.0000000000000000       0.37061344000000002       0.36801855999999999       0.37408224000000001     
   10.000000000000000       0.42080593000000005       0.41786944000000004       0.42474192000000000     
   11.000000000000000       0.46565842000000002       0.46241423999999998       0.47001855999999997     
   12.000000000000000       0.50566753999999992       0.50215295999999998       0.51039215999999998     
   13.000000000000000       0.54135003000000004       0.53759559999999995       0.54639879999999996     
   14.000000000000000       0.57323904000000003       0.56927215999999992       0.57857632000000003     
   15.000000000000000       0.60178479000000007       0.59762135999999999       0.60738384000000001     
   16.000000000000000       0.62739380000000000       0.62305482000000001       0.63323135999999991     
   17.000000000000000       0.65041955000000007       0.64592470000000002       0.65647191999999988     
   18.000000000000000       0.67118529999999998       0.66654458000000005       0.67741551999999994     
   19.000000000000000       0.68993442000000005       0.68517162000000009       0.69633911999999998     
   20.000000000000000       0.70691691000000001       0.70203507999999992       0.71347183999999997     
   21.000000000000000       0.72232614000000006       0.71733853999999997       0.72901759999999993     
   22.000000000000000       0.73632874000000004       0.73124915999999995       0.74314552000000000     
   23.000000000000000       0.74908808000000005       0.74391693999999997       0.75600648000000004     
   24.000000000000000       0.76071753000000009       0.75547472000000004       0.76774655999999997     
   25.000000000000000       0.77133709000000006       0.76602323999999999       0.77845879999999990     
   26.000000000000000       0.78106001999999997       0.77567892000000005       0.78826015999999999     
   27.000000000000000       0.78995980000000010       0.78452176000000007       0.79723367999999994     
   28.000000000000000       0.79811631999999999       0.79262534000000007       0.80546239999999991     
   29.000000000000000       0.80559968999999998       0.80006608000000001       0.81301024000000000     
   30.000000000000000       0.81247979999999997       0.80690755999999997       0.81994327999999994     
   31.000000000000000       0.81880339000000002       0.81318977999999997       0.82631151999999997     
   32.000000000000000       0.82461720000000005       0.81897273999999998       0.83217496000000002     
   33.000000000000000       0.82997438000000001       0.82430002000000002       0.83757055999999985     
   34.000000000000000       0.83490514999999998       0.82920803999999992       0.84253439999999991     
   35.000000000000000       0.83945266000000007       0.83373321999999994       0.84711344000000000     
   36.000000000000000       0.84364039000000002       0.83790629999999999       0.85132767999999981     
   37.000000000000000       0.84750823000000008       0.84174559999999998       0.85521015999999994     
   38.000000000000000       0.85107628999999996       0.84528592000000002       0.85879784000000003     
   39.000000000000000       0.85436446000000010       0.84854839999999998       0.86210071999999993     
   40.000000000000000       0.85740285000000005       0.85155999999999987       0.86515184000000001     
   41.000000000000000       0.86021134999999993       0.85434375999999990       0.86795815999999992     
   42.000000000000000       0.86279670000000008       0.85690968000000001       0.87054967999999999     
   43.000000000000000       0.86518890000000015       0.85927471999999994       0.87293943999999990     
   44.000000000000000       0.86739458000000003       0.86146495999999995       0.87514135999999998     
   45.000000000000000       0.86943374000000007       0.86348128000000002       0.87716455999999998     
   46.000000000000000       0.87131312000000005       0.86534279999999997       0.87904876000000010     
   47.000000000000000       0.87305261000000001       0.86706343999999991       0.88081096000000003     
   48.000000000000000       0.87465557999999999       0.86864623999999990       0.88244389999999995     
   49.000000000000000       0.87613202999999995       0.87011511999999991       0.88394474000000001     
   50.000000000000000       0.87749533000000013       0.87146223999999994       0.88533989999999996     
   51.000000000000000       0.87874874000000003       0.87271239999999994       0.88661654000000001     
   52.000000000000000       0.87991226000000000       0.87386167999999997       0.88780391999999997     
   53.000000000000000       0.88097599999999998       0.87492312000000005       0.88888920000000005     
   54.000000000000000       0.88196311000000005       0.87590367999999996       0.88989163999999998     
   55.000000000000000       0.88286370000000003       0.87680335999999992       0.89081198000000006     
   56.000000000000000       0.88369777000000005       0.87763911999999999       0.89166305999999995     
   57.000000000000000       0.88446858000000006       0.87840399999999996       0.89243845999999993     
   58.000000000000000       0.88516949999999994       0.87911495999999989       0.89315102000000002     
   59.000000000000007       0.88582053000000016       0.87976504000000000       0.89380431999999999     
   60.000000000000000       0.88641829999999999       0.88036815999999996       0.89440478000000001     
   61.000000000000007       0.88695617999999998       0.88092343999999989       0.89494955999999992     
   62.000000000000000       0.88746080000000005       0.88143871999999990       0.89544792000000006     
   63.000000000000007       0.88792216000000002       0.88191311999999999       0.89589702000000004     
   64.000000000000000       0.88833689000000005       0.88235055999999989       0.89631327999999999     
   65.000000000000000       0.88872173000000010       0.88276104000000000       0.89668311999999994     
   66.000000000000000       0.88907657000000007       0.88313455999999990       0.89701654000000008     
   67.000000000000000       0.88939151999999999       0.88348415999999985       0.89731711999999997     
   68.000000000000000       0.88968647000000001       0.88380680000000000       0.89758486000000004     
   69.000000000000000       0.88995479000000011       0.88410551999999987       0.89782902000000009     
   70.000000000000000       0.89019985000000013       0.88439120000000004       0.89804033999999999     
   71.000000000000000       0.89042154000000018       0.88464991999999987       0.89823165999999999     
   72.000000000000000       0.89062660000000005       0.88489864000000007       0.89839655999999990     
   73.000000000000000       0.89080840000000006       0.88513039999999998       0.89854145999999990     
   74.000000000000000       0.89097683000000005       0.88534911999999999       0.89865993999999993     
   75.000000000000000       0.89113189000000004       0.88555087999999982       0.89876483999999990     
   76.000000000000000       0.89127032000000006       0.88575263999999998       0.89885616000000002     
   77.000000000000000       0.89139875000000002       0.88593440000000001       0.89892748000000000     
   78.000000000000000       0.89151381000000007       0.88611311999999998       0.89897879999999997     
   79.000000000000000       0.89162549999999996       0.88628879999999999       0.89902654000000015     
   80.000000000000000       0.89171719000000005       0.88645448000000004       0.89906069999999993     
   81.000000000000000       0.89180888000000014       0.88661711999999993       0.89907486000000003     
   82.000000000000000       0.89189383000000011       0.88677671999999996       0.89908544000000001     
   83.000000000000000       0.89197541000000014       0.88693327999999994       0.89908885999999999     
   84.000000000000000       0.89204362000000004       0.88708679999999995       0.89907870000000001     
   85.000000000000000       0.89211182999999994       0.88724031999999986       0.89906496000000002     
   86.000000000000000       0.89217992999999995       0.88738775999999997       0.89904406000000003     
   87.000000000000000       0.89223803000000013       0.88753911999999990       0.89900957999999997     
   88.000000000000000       0.89229602000000008       0.88769047999999984       0.89897793999999998     
   89.000000000000000       0.89235401000000003       0.88784271999999986       0.89894271999999997     
   90.000000000000000       0.89241188999999999       0.88800192000000000       0.89890033999999996     
   91.000000000000000       0.89246640000000010       0.88815807999999996       0.89885079999999995     
   92.000000000000000       0.89251754000000005       0.88831511999999990       0.89880409999999999     
   93.000000000000000       0.89257857000000007       0.88847911999999996       0.89875382000000004     
   94.000000000000000       0.89263285999999997       0.88864008000000005       0.89869638000000007     
   95.000000000000000       0.89269041000000016       0.88877711999999998       0.89864462000000001     
   96.000000000000000       0.89274796000000012       0.88879975999999994       0.89858643999999999     
   97.000000000000000       0.89281203000000009       0.88883023999999988       0.89853393999999998     
   98.000000000000000       0.89286936000000006       0.88886072000000005       0.89847427999999996     
   99.000000000000000       0.89293995000000015       0.88890207999999993       0.89842745999999996     
   100.00000000000000       0.89300717000000007       0.88894039999999996       0.89837348000000006     
   101.00000000000000       0.89308091000000012       0.88898959999999994       0.89831875999999999     
   102.00000000000000       0.89315128000000010       0.88903575999999984       0.89850158000000002     
   103.00000000000000       0.89323154000000016       0.88909280000000002       0.89871575999999997     
   104.00000000000000       0.89331506000000016       0.88915680000000008       0.89893277999999999     
   105.00000000000001       0.89340184000000000       0.88922167999999990       0.89915906000000012     
   106.00000000000000       0.89349188000000002       0.88929047999999988       0.89938460000000009     
   107.00000000000000       0.89359180999999999       0.88937015999999991       0.89961656000000001     
   108.00000000000000       0.89369162999999996       0.88943983999999987       0.89984777999999999     
   109.00000000000001       0.89379808000000005       0.88938119999999987       0.90008825999999997     
   110.00000000000000       0.89390442000000003       0.88934343999999999       0.90032515999999996     
   111.00000000000000       0.89402402000000003       0.88929959999999997       0.90057132000000006     
   112.00000000000000       0.89414351000000014       0.88925967999999989       0.90082674000000007     
   113.00000000000000       0.89426963000000015       0.88923368000000003       0.90107857999999996     
   114.00000000000000       0.89440227000000005       0.88921551999999993       0.90133967999999998     
   115.00000000000000       0.89454154000000008       0.88919735999999994       0.90160361999999994     
   116.00000000000000       0.89468070000000000       0.88918703999999993       0.90187682000000002     
   117.00000000000000       0.89482649000000003       0.88918367999999992       0.90214643999999988     
   118.00000000000001       0.89497880000000007       0.88919119999999996       0.90242531999999998     
   119.00000000000000       0.89514437000000013       0.88919263999999987       0.90271061999999991     
   120.00000000000000       0.89530657000000002       0.88921496000000000       0.90300160000000007     
   121.00000000000000       0.89547529000000015       0.88923423999999995       0.90328900000000001     
   122.00000000000001       0.89565063999999994       0.88926744000000002       0.90358924000000007     
   123.00000000000000       0.89583588000000014       0.88930847999999996       0.90389231999999997     
   124.00000000000000       0.89602775000000001       0.88934647999999994       0.90419824000000015     
   125.00000000000000       0.89621951000000011       0.88940536000000003       0.90450699999999995     
   126.00000000000001       0.89642453000000011       0.88946119999999995       0.90481860000000003     
   127.00000000000000       0.89662944000000000       0.88952791999999992       0.90514304000000001     
   128.00000000000000       0.89684098000000012       0.88959855999999993       0.90546389999999999     
   129.00000000000000       0.89705915000000003       0.88968311999999994       0.90579401999999998     
   130.00000000000000       0.89728384000000005       0.88976855999999993       0.90612055999999996     
   131.00000000000000       0.89750853000000008       0.88986096000000003       0.90645994000000008     
   132.00000000000000       0.89774974000000007       0.88996423999999996       0.90680216000000002     
   133.00000000000000       0.89798758000000001       0.89007448000000000       0.90714437999999986     
   134.00000000000000       0.89822868000000000       0.89018559999999991       0.90749228000000004     
   135.00000000000000       0.89848304000000001       0.89031063999999993       0.90785017999999984     
   136.00000000000000       0.89874066000000008       0.89043959999999989       0.90820091999999986     
   137.00000000000000       0.89900491000000016       0.89057551999999995       0.90856450000000000     
   138.00000000000000       0.89926905000000001       0.89071232000000000       0.90892449999999991     
   139.00000000000000       0.89953981999999999       0.89086607999999989       0.90929733999999995     
   140.00000000000000       0.89982385000000009       0.89102071999999999       0.90966659999999999     
   141.00000000000000       0.90010451000000002       0.89118927999999986       0.91004227999999987     
   142.00000000000000       0.90039506000000014       0.89135480000000000       0.91041437999999997     
   143.00000000000000       0.90068561000000003       0.89153423999999992       0.91079573999999996     
   144.00000000000000       0.90098604999999998       0.89171455999999993       0.91117710000000007     
   145.00000000000000       0.90128312000000010       0.89190488000000001       0.91156488000000002     
   146.00000000000000       0.90159345000000002       0.89210303999999996       0.91195549999999992     
   147.00000000000000       0.90191041000000016       0.89230119999999991       0.91234254000000004     
   148.00000000000000       0.90222400000000014       0.89251327999999996       0.91273599999999999     
   149.00000000000000       0.90254748000000018       0.89272927999999996       0.91313588000000001     
   150.00000000000000       0.90287096000000000       0.89294920000000000       0.91353218000000003     
   151.00000000000000       0.90319770000000010       0.89317607999999993       0.91393489999999999     
   152.00000000000000       0.90353107000000010       0.89340991999999986       0.91434046000000002     
   153.00000000000000       0.90386770000000005       0.89364463999999999       0.91474243999999993     
   154.00000000000000       0.90421096000000001       0.89389631999999997       0.91514800000000007     
   155.00000000000000       0.90455748000000002       0.89414191999999992       0.91556282000000000     
   156.00000000000000       0.90490400000000015       0.89439752000000006       0.91596764000000008     
   157.00000000000000       0.90525714999999995       0.89466095999999995       0.91637888000000012     
   158.00000000000000       0.90561356000000015       0.89492744000000002       0.91679653999999999     
   159.00000000000000       0.90596659999999996       0.89519783999999991       0.91721419999999998     
   160.00000000000000       0.90633627000000017       0.89547215999999996       0.91762827999999996     
   161.00000000000000       0.90669920000000004       0.89575344000000001       0.91804520000000001     
   162.00000000000000       0.90706550000000008       0.89603864000000000       0.91846212000000005     
   163.00000000000000       0.90744168999999997       0.89633079999999998       0.91887903999999998     
   164.00000000000000       0.90781451000000002       0.89662991999999997       0.91930237999999997     
   165.00000000000000       0.90818733000000007       0.89693296000000000       0.91972213999999997     
   166.00000000000000       0.90856678000000013       0.89723599999999992       0.92014189999999996     
   167.00000000000000       0.90895286000000008       0.89754296000000000       0.92056808000000001     
   168.00000000000000       0.90933557000000009       0.89786384000000008       0.92099067999999995     
   169.00000000000000       0.90972154000000005       0.89817776000000005       0.92141328000000011     
   170.00000000000000       0.91011088000000018       0.89850256000000006       0.92183230000000005     
   171.00000000000000       0.91049685000000014       0.89882736000000008       0.92226132000000005     
   172.00000000000000       0.91089270999999994       0.89915607999999991       0.92268675999999994     
   173.00000000000000       0.91128194000000007       0.89949175999999986       0.92310577999999999     
   174.00000000000000       0.91167780000000009       0.89982743999999992       0.92352764000000009     
   175.00000000000000       0.91208029000000002       0.90016703999999992       0.92395592000000004     
   176.00000000000000       0.91247278000000009       0.90051360000000003       0.92437777999999993     
   177.00000000000000       0.91287853000000008       0.90086712000000002       0.92479964000000003     
   178.00000000000000       0.91327764999999994       0.90121063999999995       0.92521792000000003     
   179.00000000000000       0.91368340000000003       0.90156807999999988       0.92564261999999986     
   180.00000000000000       0.91408577999999996       0.90192552000000004       0.92606732000000003     
   181.00000000000000       0.91449479000000000       0.90228687999999990       0.92648559999999991     
   182.00000000000000       0.91490043000000010       0.90264823999999999       0.92690671999999996     
   183.00000000000000       0.91530607000000008       0.90301655999999997       0.92732141999999995     
   184.00000000000000       0.91571171000000007       0.90338183999999999       0.92774254000000000     
   185.00000000000000       0.91611735000000005       0.90375407999999990       0.92816366000000006     
   186.00000000000000       0.91652962000000016       0.90412632000000004       0.92857478000000004     
   187.00000000000000       0.91693851999999998       0.90450552000000006       0.92899231999999987     
   188.00000000000000       0.91734742000000002       0.90488168000000002       0.92940343999999997     
   189.00000000000000       0.91775958000000002       0.90525783999999998       0.92982097999999991     
   190.00000000000000       0.91816848000000006       0.90564095999999994       0.93022852000000000     
   191.00000000000000       0.91858064000000006       0.90602103999999994       0.93063963999999988     
   192.00000000000000       0.91899279999999994       0.90640807999999995       0.93104717999999997     
   193.00000000000000       0.91940496000000005       0.90679511999999995       0.93145472000000007     
   194.00000000000000       0.91981375000000010       0.90718215999999985       0.93185868000000005     
   195.00000000000000       0.92022591000000009       0.90757312000000001       0.93226622000000003     
   196.00000000000000       0.92063470000000014       0.90796407999999995       0.93267018000000013     
   197.00000000000003       0.92104675000000003       0.90835503999999989       0.93307414000000000     
   198.00000000000000       0.92145554000000007       0.90875295999999994       0.93347168000000003     
   199.00000000000000       0.92186096000000006       0.90915087999999988       0.93386922000000006     
   200.00000000000000       0.92227638000000001       0.90954575999999987       0.93426676000000008     
   201.00000000000000       0.92268180000000011       0.90994063999999997       0.93466072000000000     
   202.00000000000000       0.92309048000000016       0.91033944000000000       0.93505467999999992     
   203.00000000000000       0.92349590000000004       0.91074127999999999       0.93544863999999994     
   204.00000000000000       0.92390458000000009       0.91114007999999991       0.93583618000000002     
   205.00000000000003       0.92430663000000002       0.91153887999999994       0.93622372000000009     
   206.00000000000000       0.92471531000000007       0.91193767999999986       0.93660767999999994     
   207.00000000000000       0.92511736000000000       0.91234343999999989       0.93699522000000002     
   208.00000000000000       0.92551941000000015       0.91274615999999997       0.93737917999999998     
   209.00000000000000       0.92592472000000003       0.91315192000000001       0.93775671999999999     
   210.00000000000003       0.92632340000000013       0.91354767999999997       0.93813426000000000     
   211.00000000000000       0.92672545000000006       0.91395735999999994       0.93851180000000001     
   212.00000000000000       0.92712075999999999       0.91435703999999984       0.93888576000000001     
   213.00000000000000       0.92751944000000008       0.91475975999999992       0.93925688000000007     
   214.00000000000000       0.92791812000000018       0.91515943999999994       0.93962442000000002     
   215.00000000000000       0.92831342999999999       0.91556607999999995       0.93999195999999996     
   216.00000000000000       0.92870874000000003       0.91596575999999996       0.94035950000000001     
   217.00000000000000       0.92909742000000006       0.91637239999999998       0.94072062000000001     
   218.00000000000003       0.92949273000000010       0.91677903999999999       0.94108174000000000     
   219.00000000000000       0.92988141000000002       0.91717567999999994       0.94143927999999999     
   220.00000000000000       0.93027009000000005       0.91757928000000000       0.94180039999999998     
   221.00000000000000       0.93065540000000002       0.91797591999999995       0.94215151999999991     
   222.00000000000000       0.93104071000000010       0.91837952000000000       0.94250264000000006     
   223.00000000000003       0.93142601999999997       0.91878311999999995       0.94285733999999999     
   224.00000000000000       0.93180470000000004       0.91918367999999995       0.94320487999999991     
   225.00000000000000       0.93218338000000012       0.91958032000000001       0.94354958000000000     
   226.00000000000000       0.93256869000000009       0.91998088000000000       0.94389427999999997     
   227.00000000000000       0.93294737000000005       0.92037447999999999       0.94423898000000006     
   228.00000000000000       0.93331605000000017       0.92077503999999988       0.94457367999999997     
   229.00000000000000       0.93369136000000008       0.92116863999999987       0.94490837999999999     
   230.00000000000000       0.93406666999999999       0.92156919999999998       0.94524666000000002     
   231.00000000000003       0.93443535000000011       0.92195976000000002       0.94558136000000004     
   232.00000000000000       0.93480403000000001       0.92235031999999983       0.94590964000000000     
   233.00000000000000       0.93517271000000002       0.92275087999999994       0.94623792000000007     
   234.00000000000000       0.93553476000000013       0.92314143999999998       0.94656261999999991     
   235.00000000000000       0.93590007000000019       0.92353199999999991       0.94688448000000003     
   236.00000000000003       0.93626212000000009       0.92391951999999988       0.94721275999999999     
   237.00000000000000       0.93662080000000003       0.92431007999999992       0.94752462000000004     
   238.00000000000000       0.93697948000000009       0.92469367999999996       0.94784289999999993     
   239.00000000000003       0.93733153000000002       0.92508119999999994       0.94815833999999999     
   240.00000000000000       0.93769021000000019       0.92546176000000002       0.94847020000000004     
   241.00000000000000       0.93804226000000002       0.92584927999999989       0.94878205999999987     
   242.00000000000000       0.93838431000000000       0.92622983999999997       0.94908749999999997     
   243.00000000000000       0.93873636000000005       0.92661039999999995       0.94939936000000003     
   244.00000000000003       0.93907841000000003       0.92699095999999992       0.94969838000000006     
   245.00000000000000       0.93943046000000008       0.92737151999999989       0.95000024000000005     
   246.00000000000000       0.93976588000000016       0.92774207999999980       0.95029925999999998     
   247.00000000000000       0.94010792999999993       0.92812264000000000       0.95059470000000001     
   248.00000000000000       0.94044998000000002       0.92849319999999991       0.95089372000000005     
   249.00000000000003       0.94078540000000010       0.92886375999999982       0.95118273999999992     
   250.00000000000000       0.94112082000000008       0.92923431999999995       0.95147175999999989     
   251.00000000000000       0.94144623999999999       0.92960487999999986       0.95176077999999997     
   252.00000000000003       0.94178166000000019       0.92997543999999999       0.95204980000000006     
   253.00000000000000       0.94211045000000015       0.93033904000000001       0.95233239999999997     
   254.00000000000000       0.94243587000000018       0.93070655999999996       0.95261499999999999     
   255.00000000000000       0.94275465999999997       0.93107015999999998       0.95289760000000001     
   256.00000000000000       0.94308007999999988       0.93143071999999982       0.95317378000000008     
   257.00000000000000       0.94340224000000006       0.93178431999999989       0.95344637999999993     
   258.00000000000000       0.94372103000000007       0.93214792000000002       0.95372256000000011     
   259.00000000000000       0.94403981999999997       0.93250151999999997       0.95399515999999995     
   260.00000000000000       0.94434861000000014       0.93285511999999993       0.95426492000000007     
   261.00000000000000       0.94466077000000015       0.93320567999999993       0.95453110000000008     
   262.00000000000000       0.94497293000000004       0.93355927999999999       0.95479727999999997     
   263.00000000000000       0.94528172000000010       0.93391288000000006       0.95506345999999998     
   264.00000000000000       0.94558724999999999       0.93425951999999990       0.95532680000000003     
   265.00000000000000       0.94588940999999993       0.93460312000000001       0.95558655999999997     
   266.00000000000000       0.94619494000000015       0.93494671999999990       0.95584274000000002     
   267.00000000000000       0.94649047000000008       0.93529335999999996       0.95609608000000001     
   268.00000000000000       0.94679263000000002       0.93562999999999996       0.95634942000000001     
   269.00000000000000       0.94708816000000007       0.93596663999999996       0.95660276000000000     
   270.00000000000000       0.94738369000000011       0.93630327999999996       0.95685609999999999     
   271.00000000000000       0.94767259000000004       0.93663991999999996       0.95709943999999991     
   272.00000000000000       0.94796812000000008       0.93697655999999996       0.95735278000000001     
   273.00000000000000       0.94825702000000001       0.93730623999999985       0.95758969999999999     
   274.00000000000000       0.94853592000000009       0.93763287999999989       0.95783662000000003     
   275.00000000000000       0.94882482000000001       0.93796255999999989       0.95807995999999995     
   276.00000000000000       0.94910372000000010       0.93829224000000000       0.95831687999999993     
   277.00000000000000       0.94938599000000012       0.93861191999999993       0.95855380000000001     
   278.00000000000000       0.94966489000000009       0.93893855999999998       0.95878788000000004     
   279.00000000000000       0.94994716000000001       0.93926127999999998       0.95902479999999990     
   280.00000000000000       0.95021943000000009       0.93957399999999991       0.95925529999999992     
   281.00000000000000       0.95049169999999994       0.93989367999999995       0.95948579999999994     
   282.00000000000000       0.95076397000000012       0.94020639999999989       0.95971271999999996     
   283.00000000000000       0.95103624000000009       0.94052607999999993       0.95993679999999992     
   284.00000000000000       0.95130188000000004       0.94083183999999997       0.96016087999999999     
   285.00000000000000       0.95156752000000011       0.94114455999999991       0.96038496000000007     
   286.00000000000000       0.95183316000000007       0.94145423999999989       0.96060904000000003     
   287.00000000000000       0.95209217000000002       0.94175999999999993       0.96082953999999998     
   288.00000000000000       0.95235444000000002       0.94206575999999997       0.96104719999999999     
   289.00000000000000       0.95261345000000008       0.94236151999999995       0.96126128000000000     
   290.00000000000000       0.95287246000000003       0.94266728000000000       0.96147894000000000     
   291.00000000000000       0.95312147000000014       0.94296303999999997       0.96169302000000001     
   292.00000000000000       0.95338048000000009       0.94325879999999995       0.96190068000000006     
   293.00000000000000       0.95362949000000008       0.94355760000000011       0.96211192000000012     
   294.00000000000000       0.95387850000000007       0.94385335999999986       0.96231957999999995     
   295.00000000000000       0.95413088000000001       0.94414215999999995       0.96252724000000001     
   296.00000000000000       0.95437326000000011       0.94443096000000004       0.96273490000000006     
   297.00000000000000       0.95461564000000010       0.94471975999999991       0.96293614000000005     
   298.00000000000000       0.95486465000000020       0.94500856000000000       0.96313738000000004     
   299.00000000000000       0.95510040000000007       0.94529039999999998       0.96333862000000003     
   300.00000000000000       0.95534278000000006       0.94557920000000006       0.96353986000000003     
   301.00000000000000       0.95557853000000004       0.94585800000000009       0.96373468000000007     
   302.00000000000000       0.95581428000000002       0.94613287999999995       0.96393592000000006     
   303.00000000000000       0.95605003000000011       0.94641471999999993       0.96413073999999988     
   304.00000000000000       0.95628241000000014       0.94668655999999995       0.96432198000000002     
   305.00000000000000       0.95651816000000001       0.94696839999999993       0.96451038000000011     
   306.00000000000000       0.95674728000000009       0.94723327999999996       0.96470519999999993     
   307.00000000000000       0.95697303000000011       0.94750511999999998       0.96489002000000001     
   308.00000000000000       0.95720215000000008       0.94777999999999984       0.96508484000000005     
   309.00000000000000       0.95742126999999999       0.94804487999999998       0.96527324000000003     
   310.00000000000000       0.95765039000000007       0.94830975999999989       0.96545163999999994     
   311.00000000000000       0.95786951000000009       0.94857463999999991       0.96563646000000003     
   312.00000000000000       0.95808863000000000       0.94883255999999994       0.96581844000000006     
   313.00000000000000       0.95831112000000007       0.94909743999999996       0.96600325999999992     
   314.00000000000000       0.95852361000000008       0.94935535999999998       0.96618523999999995     
   315.00000000000000       0.95874273000000010       0.94961327999999989       0.96635722000000002     
   316.00000000000000       0.95895522000000000       0.94986423999999992       0.96653561999999993     
   317.00000000000000       0.95916771000000001       0.95012215999999994       0.96671401999999995     
   318.00000000000000       0.95938356999999996       0.95037311999999996       0.96688600000000013     
   319.00000000000000       0.95958943000000008       0.95062103999999992       0.96705797999999987     
   320.00000000000000       0.95979855000000003       0.95087199999999994       0.96722995999999994     
   321.00000000000000       0.96000441000000003       0.95112295999999996       0.96740552000000002     
   322.00000000000000       0.96021026999999992       0.95136391999999992       0.96756750000000002     
   323.00000000000000       0.96041613000000003       0.95161487999999994       0.96773947999999999     
   324.00000000000000       0.96061536000000003       0.95185583999999990       0.96790503999999999     
   325.00000000000000       0.96082122000000003       0.95209983999999992       0.96807059999999989     
   326.00000000000000       0.96101707999999997       0.95233383999999988       0.96823616000000001     
   327.00000000000000       0.96121630999999996       0.95257479999999994       0.96840171999999991     
   328.00000000000000       0.96141553999999996       0.95281183999999997       0.96856728000000003     
   329.00000000000000       0.96161140000000001       0.95304583999999992       0.96872283999999997     
   330.00000000000000       0.96180400000000010       0.95327983999999999       0.96888839999999998     
   331.00000000000000       0.96199986000000004       0.95351384000000006       0.96904754000000004     
   332.00000000000000       0.96219246000000003       0.95374088000000001       0.96920309999999987     
   333.00000000000000       0.96238168999999996       0.95396791999999997       0.96936223999999993     
   334.00000000000000       0.96257092000000011       0.95420191999999981       0.96951138000000014     
   335.00000000000000       0.96275689000000009       0.95442199999999988       0.96967051999999998     
   336.00000000000000       0.96294612000000002       0.95464903999999984       0.96981965999999997     
   337.00000000000000       0.96312872000000005       0.95487608000000002       0.96997880000000003     
   338.00000000000000       0.96331132000000008       0.95509615999999986       0.97012794000000002     
   339.00000000000000       0.96349392000000011       0.95531319999999997       0.97028066000000002     
   340.00000000000000       0.96367989000000009       0.95553328000000004       0.97042980000000001     
   341.00000000000000       0.96385586000000001       0.95575335999999989       0.97057251999999994     
   342.00000000000000       0.96403846000000004       0.95596648000000006       0.97072523999999993     
   343.00000000000000       0.96421443000000007       0.95618351999999995       0.97086795999999997     
   344.00000000000000       0.96439040000000009       0.95639663999999991       0.97101067999999990     
   345.00000000000000       0.96456637000000012       0.95660671999999991       0.97115982000000001     
   346.00000000000000       0.96474234000000014       0.95681984000000009       0.97130611999999994     
   347.00000000000000       0.96491494000000000       0.95702991999999987       0.97144242000000003     
   348.00000000000000       0.96508428000000013       0.95723607999999993       0.97158514000000007     
   349.00000000000000       0.96525362000000003       0.95743919999999993       0.97172786000000000     
   350.00000000000000       0.96542959000000006       0.95764927999999994       0.97186415999999998     
   351.00000000000000       0.96559893000000008       0.95785543999999989       0.97200046000000007     
   352.00000000000000       0.96575827000000003       0.95805159999999989       0.97214318000000000     
   353.00000000000000       0.96592761000000005       0.95825472000000000       0.97227947999999997     
   354.00000000000000       0.96609695000000007       0.95845783999999989       0.97241578000000006     
   355.00000000000000       0.96625629000000002       0.95865399999999990       0.97254565999999998     
   356.00000000000000       0.96641899999999992       0.95885319999999996       0.97268196000000007     
   357.00000000000000       0.96658496999999999       0.95904935999999996       0.97281467999999993     
   358.00000000000000       0.96674768000000011       0.95924551999999985       0.97294455999999996     
   359.00000000000000       0.96690039000000005       0.95943471999999996       0.97307443999999998     
   360.00000000000000       0.96706309999999995       0.95963087999999996       0.97320432000000001     
   361.00000000000000       0.96722244000000002       0.95982008000000008       0.97334062000000010     
   362.00000000000000       0.96737852000000002       0.96000623999999990       0.97346050000000006     
   363.00000000000000       0.96753123000000008       0.96019543999999990       0.97359038000000009     
   364.00000000000000       0.96768394000000013       0.96038463999999990       0.97372026000000000     
   365.00000000000000       0.96783665000000019       0.96057383999999990       0.97384656000000003     
   366.00000000000000       0.96799272999999997       0.96076303999999990       0.97397001999999999     
   367.00000000000000       0.96814544000000002       0.96094223999999995       0.97409348000000007     
   368.00000000000000       0.96829815000000008       0.96112447999999995       0.97421978000000009     
   369.00000000000000       0.96844423000000002       0.96130671999999995       0.97434324000000005     
   370.00000000000000       0.96859031000000018       0.96148591999999999       0.97446312000000002     
   371.00000000000000       0.96874639000000007       0.96166815999999999       0.97458657999999998     
   372.00000000000000       0.96889247000000012       0.96185039999999999       0.97470004000000010     
   373.00000000000000       0.96903855000000005       0.96202263999999982       0.97482349999999995     
   374.00000000000000       0.96917800000000009       0.96219791999999993       0.97494337999999992     
   375.00000000000000       0.96932408000000003       0.96237711999999997       0.97505684000000004     
   376.00000000000000       0.96947015999999997       0.96255239999999986       0.97518030000000000     
   377.00000000000000       0.96960961000000001       0.96271767999999991       0.97529376000000001     
   378.00000000000000       0.96974906000000005       0.96288991999999984       0.97540722000000002     
   379.00000000000000       0.96989514000000010       0.96306519999999995       0.97552426000000003     
   380.00000000000000       0.97003122000000008       0.96323047999999989       0.97563771999999993     
   381.00000000000000       0.97017067000000012       0.96340271999999993       0.97575118000000005     
   382.00000000000000       0.97030349000000005       0.96357103999999993       0.97586821999999995     
   383.00000000000000       0.97044294000000009       0.96373631999999998       0.97597526000000001     
   384.00000000000000       0.97058239000000013       0.96390160000000003       0.97608872000000002     
   385.00000000000000       0.97071184000000010       0.96406687999999996       0.97619575999999997     
   386.00000000000000       0.97085129000000003       0.96422823999999996       0.97630921999999998     
   387.00000000000000       0.97098411000000007       0.96439352000000000       0.97641626000000004     
   388.00000000000000       0.97111692999999999       0.96455183999999994       0.97652687999999999     
   389.00000000000006       0.97124637999999996       0.96471711999999998       0.97663392000000004     
   390.00000000000000       0.97137920000000011       0.96487543999999992       0.97674095999999988     
   391.00000000000000       0.97150865000000008       0.96503376000000007       0.97684799999999994     
   392.00000000000000       0.97163484000000011       0.96519207999999990       0.97695504000000000     
   393.00000000000000       0.97176766000000003       0.96534344000000005       0.97705565999999999     
   394.00000000000006       0.97189048000000000       0.96550175999999988       0.97716270000000005     
   395.00000000000000       0.97202330000000003       0.96565311999999992       0.97726331999999994     
   396.00000000000000       0.97214612000000011       0.96581143999999997       0.97737035999999999     
   397.00000000000000       0.97227231000000014       0.96596279999999990       0.97747098000000010     
   398.00000000000000       0.97239513000000000       0.96611111999999988       0.97757159999999999     
   399.00000000000006       0.97251794999999996       0.96626247999999992       0.97767222000000009     
   400.00000000000000       0.97264414000000010       0.96641383999999997       0.97777568000000004     
   401.00000000000000       0.97276695999999996       0.96656520000000001       0.97786987999999997     
   402.00000000000000       0.97288315000000003       0.96671655999999995       0.97797050000000008     
   403.00000000000000       0.97300934000000006       0.96685792000000004       0.97807111999999996     
   404.00000000000000       0.97312553000000013       0.96700231999999997       0.97817174000000007     
   405.00000000000000       0.97324834999999998       0.96715368000000002       0.97827236000000006     
   406.00000000000000       0.97336791000000011       0.96729503999999999       0.97836297999999999     
   407.00000000000000       0.97348409999999996       0.96743943999999993       0.97846359999999999     
   408.00000000000000       0.97360029000000015       0.96758383999999986       0.97855779999999992     
   409.00000000000000       0.97371648000000000       0.96772519999999984       0.97865200000000008     
   410.00000000000006       0.97383604000000001       0.96786960000000000       0.97874262000000001     
   411.00000000000000       0.97395223000000009       0.96800399999999986       0.97884324000000000     
   412.00000000000000       0.97406179000000015       0.96814839999999980       0.97893744000000005     
   413.00000000000000       0.97417798000000000       0.96828280000000000       0.97902805999999998     
   414.00000000000000       0.97428753999999995       0.96842023999999993       0.97912226000000002     
   415.00000000000006       0.97440373000000013       0.96856159999999991       0.97921003999999989     
   416.00000000000000       0.97451328999999998       0.96869903999999996       0.97930066000000005     
   417.00000000000000       0.97462285000000004       0.96883343999999993       0.97939485999999998     
   418.00000000000000       0.97473241000000010       0.96896391999999998       0.97947906000000007     
   419.00000000000000       0.97484197000000006       0.96909831999999985       0.97957326000000000     
   420.00000000000006       0.97495153000000001       0.96923271999999994       0.97965745999999987     
   421.00000000000000       0.97506109000000007       0.96936319999999987       0.97975166000000002     
   422.00000000000000       0.97517065000000003       0.96949759999999996       0.97983586000000011     
   423.00000000000000       0.97527358000000008       0.96962503999999994       0.97992363999999998     
   424.00000000000000       0.97538314000000004       0.96975247999999992       0.98000783999999996     
   425.00000000000006       0.97548607000000009       0.96988991999999996       0.98010204000000001     
   426.00000000000000       0.97559563000000005       0.97001735999999994       0.98018623999999999     
   427.00000000000000       0.97569856000000010       0.97014479999999992       0.98026760000000002     
   428.00000000000000       0.97580149000000005       0.97026527999999979       0.98035180000000000     
   429.00000000000000       0.97591105000000000       0.97039575999999994       0.98043957999999987     
   430.00000000000000       0.97601061000000000       0.97052319999999992       0.98052377999999996     
   431.00000000000006       0.97611354000000006       0.97064368000000001       0.98060798000000005     
   432.00000000000000       0.97620984000000000       0.97077111999999999       0.98068934000000008     
   433.00000000000000       0.97631277000000005       0.97089159999999985       0.98077353999999994     
   434.00000000000000       0.97641233000000005       0.97101903999999983       0.98085131999999997     
   435.00000000000000       0.97651526000000000       0.97113951999999992       0.98093910000000006     
   436.00000000000006       0.97661156000000005       0.97125999999999990       0.98101688000000009     
   437.00000000000000       0.97671448999999999       0.97138047999999988       0.98109466000000012     
   438.00000000000000       0.97680742000000009       0.97150095999999997       0.98117243999999992     
   439.00000000000000       0.97691035000000004       0.97162143999999984       0.98125379999999995     
   440.00000000000000       0.97700665000000009       0.97173495999999993       0.98133800000000004     
   441.00000000000006       0.97709957999999997       0.97185543999999990       0.98141577999999996     
   442.00000000000000       0.97719588000000013       0.97197591999999999       0.98148713999999992     
   443.00000000000000       0.97728881000000012       0.97208943999999997       0.98156850000000007     
   444.00000000000000       0.97738511000000006       0.97220295999999995       0.98164627999999987     
   445.00000000000000       0.97748141000000000       0.97232344000000004       0.98172406000000001     
   446.00000000000006       0.97757434000000010       0.97243696000000002       0.98180184000000004     
   447.00000000000000       0.97767064000000004       0.97255047999999999       0.98187320000000011     
   448.00000000000000       0.97775694000000002       0.97266096000000002       0.98195455999999992     
   449.00000000000000       0.97785323999999996       0.97277448000000000       0.98202591999999989     
   450.00000000000000       0.97794617000000006       0.97288799999999998       0.98210369999999991     
   451.00000000000006       0.97803584000000010       0.97300151999999995       0.98217506000000010     
   452.00000000000000       0.97812877000000009       0.97310808000000004       0.98225283999999990     
   453.00000000000000       0.97821844000000002       0.97321856000000007       0.98232420000000009     
   454.00000000000000       0.97830474000000001       0.97333207999999982       0.98239556000000006     
   455.00000000000000       0.97839441000000016       0.97343864000000002       0.98246692000000002     
   456.00000000000000       0.97848071000000014       0.97354216000000005       0.98253827999999999     
   457.00000000000006       0.97857364000000002       0.97365568000000002       0.98260963999999995     
   458.00000000000000       0.97866331000000006       0.97376224000000000       0.98268100000000003     
   459.00000000000000       0.97874298000000004       0.97386575999999991       0.98275235999999999     
   460.00000000000000       0.97882928000000002       0.97397231999999989       0.98282371999999996     
   461.00000000000000       0.97891894999999995       0.97407887999999998       0.98289508000000003     
   462.00000000000006       0.97900525000000005       0.97418240000000000       0.98296644000000000     
   463.00000000000000       0.97909155000000003       0.97428895999999998       0.98303137999999990     
   464.00000000000000       0.97917458999999996       0.97439551999999985       0.98310273999999986     
   465.00000000000000       0.97926089000000016       0.97449207999999987       0.98317410000000005     
   466.00000000000000       0.97934056000000003       0.97459863999999996       0.98323903999999995     
   467.00000000000006       0.97943023000000007       0.97470215999999987       0.98331039999999992     
   468.00000000000000       0.97950990000000004       0.97480175999999996       0.98337534000000004     
   469.00000000000000       0.97958957000000002       0.97489831999999987       0.98344670000000001     
   470.00000000000000       0.97966924000000011       0.97500487999999996       0.98351163999999991     
   471.00000000000000       0.97975891000000015       0.97510143999999999       0.98357658000000003     
   472.00000000000006       0.97983858000000001       0.97520103999999996       0.98364436000000000     
   473.00000000000000       0.97991825000000010       0.97529759999999999       0.98370930000000001     
   474.00000000000000       0.97999792000000008       0.97539719999999996       0.98377424000000002     
   475.00000000000000       0.98007759000000005       0.97549375999999999       0.98383917999999992     
   476.00000000000000       0.98015726000000003       0.97559032000000001       0.98390412000000005     
   477.00000000000006       0.98023367000000006       0.97568991999999988       0.98396906000000006     
   478.00000000000006       0.98031334000000014       0.97578648000000001       0.98403041999999996     
   479.00000000000000       0.98039301000000001       0.97587911999999999       0.98409535999999997     
   480.00000000000000       0.98046604999999998       0.97597568000000001       0.98416029999999999     
   481.00000000000000       0.98054572000000007       0.97607223999999992       0.98422524000000000     
   482.00000000000000       0.98062539000000004       0.97616487999999990       0.98428376000000006     
   483.00000000000006       0.98069843000000001       0.97626144000000004       0.98434511999999996     
   484.00000000000000       0.98077146999999998       0.97635103999999995       0.98441005999999986     
   485.00000000000000       0.98085114000000007       0.97644367999999993       0.98446857999999993     
   486.00000000000000       0.98092418000000003       0.97653327999999995       0.98452994000000005     
   487.00000000000000       0.98099722000000000       0.97662983999999997       0.98458845999999989     
   488.00000000000006       0.98107689000000009       0.97671943999999999       0.98465340000000001     
   489.00000000000000       0.98114993000000006       0.97681207999999997       0.98471192000000007     
   490.00000000000000       0.98122297000000003       0.97690167999999988       0.98477327999999997     
   491.00000000000000       0.98129601000000011       0.97699127999999991       0.98483180000000003     
   492.00000000000000       0.98136905000000008       0.97707391999999993       0.98489032000000010     
   493.00000000000006       0.98144209000000004       0.97716351999999995       0.98495168000000000     
   494.00000000000000       0.98151513000000001       0.97725615999999993       0.98501019999999995     
   495.00000000000000       0.98158154000000009       0.97734575999999995       0.98506872000000001     
   496.00000000000000       0.98165458000000005       0.97742839999999998       0.98512365999999996     
   497.00000000000000       0.98172762000000002       0.97751799999999989       0.98518217999999991     
   498.00000000000006       0.98180065999999999       0.97760063999999991       0.98523711999999997     
   499.00000000000000       0.98186707000000006       0.97769023999999993       0.98529564000000003     
   500.00000000000000       0.98194011000000003       0.97777592000000002       0.98535415999999998     
   501.00000000000000       0.98200652000000010       0.97785855999999993       0.98540909999999993     
   502.00000000000000       0.98207956000000007       0.97794815999999996       0.98546761999999999     
   503.00000000000006       0.98214260000000009       0.97803079999999998       0.98552256000000005     
   504.00000000000006       0.98221564000000017       0.97811344000000000       0.98558108000000000     
   505.00000000000000       0.98228205000000002       0.97819608000000002       0.98563318000000000     
   506.00000000000000       0.98234846000000009       0.97827871999999994       0.98568811999999983     
   507.00000000000000       0.98241487000000016       0.97836135999999996       0.98574663999999990     
   508.00000000000000       0.98248791000000013       0.97844399999999998       0.98580157999999996     
   509.00000000000006       0.98255095000000003       0.97852664000000000       0.98585367999999995     
   510.00000000000000       0.98261736000000000       0.97860232000000003       0.98590862000000001     
   511.00000000000000       0.98268377000000007       0.97868496000000005       0.98596072000000001     
   512.00000000000000       0.98275018000000003       0.97876759999999996       0.98601566000000007     
   513.00000000000000       0.98281322000000004       0.97885023999999998       0.98606776000000007     
   514.00000000000000       0.98287963000000000       0.97892592000000000       0.98612269999999991     
   515.00000000000000       0.98294604000000008       0.97900855999999992       0.98617479999999991     
   516.00000000000000       0.98300582000000003       0.97908423999999994       0.98622331999999990     
   517.00000000000000       0.98306886000000016       0.97915991999999985       0.98627542000000012     
   518.00000000000000       0.98313527000000001       0.97924255999999987       0.98633035999999996     
   519.00000000000000       0.98320168000000008       0.97931823999999990       0.98637887999999996     
   520.00000000000000       0.98326146000000003       0.97939391999999992       0.98643097999999996     
   521.00000000000000       0.98332450000000005       0.97947351999999999       0.98647949999999995     
   522.00000000000000       0.98338428000000000       0.97954919999999990       0.98653159999999995     
   523.00000000000000       0.98345069000000007       0.97962487999999992       0.98658012000000006     
   524.00000000000000       0.98350709999999997       0.97970055999999994       0.98663222000000006     
   525.00000000000000       0.98357351000000004       0.97977623999999985       0.98668073999999995     
   526.00000000000000       0.98363328999999999       0.97985191999999999       0.98672925999999994     
   527.00000000000000       0.98368970000000000       0.97992759999999990       0.98678135999999994     
   528.00000000000000       0.98375611000000007       0.98000023999999986       0.98682988000000005     
   529.00000000000000       0.98381252000000008       0.98006895999999988       0.98688198000000005     
   530.00000000000000       0.98387230000000003       0.98014464000000001       0.98693049999999993     
   531.00000000000000       0.98393207999999999       0.98022031999999992       0.98697902000000004     
   532.00000000000000       0.98398849000000010       0.98029599999999995       0.98703112000000004     
   533.00000000000000       0.98405490000000007       0.98036167999999990       0.98707322000000008     
   534.00000000000000       0.98411131000000007       0.98043735999999992       0.98712174000000008     
   535.00000000000000       0.98417109000000003       0.98050607999999995       0.98717384000000008     
   536.00000000000000       0.98423087000000009       0.98058175999999997       0.98721594000000001     
   537.00000000000000       0.98428065000000009       0.98064743999999993       0.98726446000000001     
   538.00000000000000       0.98434043000000004       0.98072311999999995       0.98731013999999995     
   539.00000000000000       0.98439684000000005       0.98079183999999997       0.98735865999999994     
   540.00000000000000       0.98445662000000000       0.98086055999999999       0.98740076000000010     
   541.00000000000000       0.98451303000000001       0.98092623999999995       0.98744928000000010     
   542.00000000000000       0.98457281000000008       0.98100191999999997       0.98749496000000003     
   543.00000000000000       0.98462259000000008       0.98107063999999999       0.98754347999999992     
   544.00000000000000       0.98468237000000003       0.98113631999999995       0.98758557999999996     
   545.00000000000000       0.98473878000000004       0.98120503999999997       0.98763126000000012     
   546.00000000000000       0.98479193000000009       0.98127375999999999       0.98767978000000001     
   547.00000000000000       0.98484834000000010       0.98133943999999995       0.98772187999999994     
   548.00000000000000       0.98490148999999994       0.98140815999999997       0.98776397999999999     
   549.00000000000000       0.98495790000000005       0.98147688000000000       0.98780965999999992     
   550.00000000000000       0.98501105000000011       0.98154255999999984       0.98785818000000003     
