   1.0000000000000000        8.6403131999999996        8.2748293999999998        9.0547488000000005     
   2.0000000000000000        4.5023109000000003        4.3173778000000000        4.7103407999999991     
   3.0000000000000000        3.2919884000000001        3.1571312000000002        3.4435647999999999     
   4.0000000000000000        2.7441758000000003        2.6315966000000000        2.8705383999999996     
   5.0000000000000000        2.4370373000000001        2.3370118000000000        2.5494215999999996     
   6.0000000000000000        2.2415463000000000        2.1494721999999999        2.3448823999999999     
   7.0000000000000000        2.1067882000000000        2.0201392000000000        2.2039632000000000     
   8.0000000000000000        2.0080916000000002        1.9253903999999999        2.1008871999999998     
   9.0000000000000000        1.9326360000000000        1.8528862000000001        2.0220704000000000     
   10.000000000000000        1.8728965000000000        1.7955352000000002        1.9597031999999999     
   11.000000000000000        1.8243449000000000        1.7487744000000001        1.9090415999999999     
   12.000000000000000        1.7839845000000001        1.7099901999999998        1.8669591999999997     
   13.000000000000000        1.7497838000000001        1.6769974000000001        1.8312991999999999     
   14.000000000000000        1.7203113000000001        1.6487033999999998        1.8006920000000000     
   15.000000000000000        1.6946344000000000        1.6239156000000001        1.7739503999999999     
   16.000000000000000        1.6719879000000000        1.6020413999999998        1.7503743999999999     
   17.000000000000000        1.6517381000000002        1.5825165999999999        1.7293551999999999     
   18.000000000000000        1.6335198000000002        1.5648485999999999        1.7104535999999999     
   19.000000000000000        1.6169330000000000        1.5488658000000000        1.6932695999999998     
   20.000000000000000        1.6017451000000000        1.5341756000000002        1.6775336000000001     
   21.000000000000000        1.5877886999999999        1.5206422000000002        1.6630760000000000     
   22.000000000000000        1.5747649000000001        1.5080730000000000        1.6496576000000001     
   23.000000000000000        1.5626400000000000        1.4963964000000001        1.6371175999999998     
   24.000000000000000        1.5512814000000001        1.4853839999999998        1.6253472000000000     
   25.000000000000000        1.5405554000000004        1.4750358000000001        1.6142856000000001     
   26.000000000000000        1.5304620000000000        1.4652517999999999        1.6038935999999999     
   27.000000000000000        1.5208686000000000        1.4559319999999998        1.5939407999999999     
   28.000000000000000        1.5116415000000001        1.4470122000000001        1.5844879999999999     
   29.000000000000000        1.5028807000000002        1.4385924000000001        1.5754047999999998     
   30.000000000000000        1.4944536000000002        1.4304726000000001        1.5666911999999997     
   31.000000000000000        1.4863591000000000        1.4226527999999998        1.5583776000000000     
   32.000000000000000        1.4785320000000000        1.4151330000000000        1.5503335999999999     
   33.000000000000000        1.4709712000000001        1.4079131999999999        1.5424895999999999     
   34.000000000000000        1.4636767000000002        1.4009292000000000        1.5349455999999999     
   35.000000000000000        1.4565496000000000        1.3941452000000001        1.5276015999999999     
   36.000000000000000        1.4496888000000003        1.3875328000000000        1.5204879999999998     
   37.000000000000000        1.4429954000000000        1.3811203999999999        1.5134744000000000     
   38.000000000000000        1.4364020000000002        1.3749080000000000        1.5067303999999999     
   39.000000000000000        1.4300086000000003        1.3688313999999999        1.5000472000000000     
   40.000000000000000        1.4237488999999999        1.3629906000000001        1.4935639999999999     
   41.000000000000000        1.4176892000000001        1.3571856000000000        1.4872808000000000     
   42.000000000000000        1.4116969000000001        1.3515164000000000        1.4810279999999998     
   43.000000000000000        1.4058709000000000        1.3460472000000001        1.4748752000000001     
   44.000000000000000        1.4001123000000000        1.3406496000000001        1.4688831999999998     
   45.000000000000000        1.3944874000000000        1.3353519999999999        1.4629607999999998     
   46.000000000000000        1.3889625000000001        1.3301901999999999        1.4571991999999998     
   47.000000000000000        1.3834713000000001        1.3250999999999999        1.4514375999999998     
   48.000000000000000        1.3781137999999999        1.3201740000000000        1.4458063999999999     
   49.000000000000000        1.3728900000000002        1.3152195999999998        1.4402359999999998     
   50.000000000000000        1.3676999000000001        1.3104651999999999        1.4347351999999998     
   51.000000000000000        1.3626098000000000        1.3056823999999998        1.4293647999999997     
   52.000000000000000        1.3575534000000000        1.3010637999999999        1.4240247999999998     
   53.000000000000000        1.3525644000000001        1.2965168000000000        1.4187455999999998     
   54.000000000000000        1.3476754000000000        1.2920056000000000        1.4135663999999999     
   55.000000000000000        1.3428864000000000        1.2875586000000001        1.4083872000000000     
   56.000000000000000        1.3381311000000000        1.2831831999999999        1.4033383999999998     
   57.000000000000000        1.3334095000000001        1.2788436000000001        1.3983200000000000     
   58.000000000000000        1.3287215999999999        1.2746682000000000        1.3933320000000000     
   59.000000000000007        1.3241674000000001        1.2704644000000000        1.3884744000000000     
   60.000000000000000        1.3196795000000001        1.2663248000000000        1.3835472000000000     
   61.000000000000007        1.3151590000000000        1.2622568000000001        1.3787895999999999     
   62.000000000000000        1.3107722000000002        1.2582530000000001        1.3739927999999999     
   63.000000000000007        1.3063853999999999        1.2542849999999999        1.3692959999999998     
   64.000000000000000        1.3020986000000001        1.2503169999999999        1.3646296000000000     
   65.000000000000000        1.2978455000000000        1.2464848000000002        1.3599936000000001     
   66.000000000000000        1.2935924000000001        1.2426526000000000        1.3553880000000000     
   67.000000000000000        1.2894730000000001        1.2388203999999998        1.3508823999999999     
   68.000000000000000        1.2853536000000001        1.2350882000000001        1.3463768000000000     
   69.000000000000000        1.2812679000000000        1.2314560000000001        1.3419015999999999     
   70.000000000000000        1.2771822000000002        1.2277596000000002        1.3375264000000000     
   71.000000000000000        1.2731965000000001        1.2241632000000000        1.3331119999999999     
   72.000000000000000        1.2692445000000001        1.2206310000000000        1.3287671999999999     
   73.000000000000000        1.2653588000000000        1.2170988000000000        1.3245224000000000     
   74.000000000000000        1.2614405000000000        1.2136024000000001        1.3202384000000000     
   75.000000000000000        1.2576222000000001        1.2102059999999999        1.3160239999999999     
   76.000000000000000        1.2538702000000002        1.2068096000000001        1.3118399999999999     
   77.000000000000000        1.2501182000000000        1.2034132000000000        1.3076863999999999     
   78.000000000000000        1.2463999000000001        1.2000810000000000        1.3036023999999999     
   79.000000000000000        1.2426816000000001        1.1967846000000002        1.2995184000000000     
   80.000000000000000        1.2390633000000002        1.1935524000000000        1.2954952000000000     
   81.000000000000000        1.2354449999999999        1.1903201999999999        1.2914416000000000     
   82.000000000000000        1.2319267000000000        1.1871521999999999        1.2874880000000000     
   83.000000000000000        1.2284084000000002        1.1840199999999999        1.2835648000000000     
   84.000000000000000        1.2248901000000001        1.1808878000000000        1.2797111999999999     
   85.000000000000000        1.2214718000000002        1.1778198000000000        1.2757879999999999     
   86.000000000000000        1.2180534999999999        1.1748518000000001        1.2719647999999997     
   87.000000000000000        1.2146352000000000        1.1718480000000002        1.2682111999999999     
   88.000000000000000        1.2113169000000001        1.1688799999999999        1.2643879999999998     
   89.000000000000000        1.2079648999999999        1.1659762000000000        1.2606647999999998     
   90.000000000000000        1.2047129000000001        1.1630723999999999        1.2570112000000000     
   91.000000000000000        1.2014946000000002        1.1602328000000000        1.2533183999999999     
   92.000000000000000        1.1982425999999999        1.1574290000000000        1.2496951999999999     
   93.000000000000000        1.1950905999999999        1.1546536000000001        1.2461415999999998     
   94.000000000000000        1.1920049000000001        1.1519140000000001        1.2425184000000000     
   95.000000000000000        1.1888529000000001        1.1491743999999999        1.2390648000000000     
   96.000000000000000        1.1858335000000002        1.1465632000000001        1.2355111999999999     
   97.000000000000000        1.1827815000000002        1.1438878000000001        1.2320880000000001     
   98.000000000000000        1.1797621000000000        1.1412765999999999        1.2286343999999998     
   99.000000000000000        1.1768427000000001        1.1387296000000000        1.2252504000000000     
   100.00000000000000        1.1739233000000000        1.1361825999999999        1.2218967999999999     
   101.00000000000000        1.1710039000000001        1.1337356000000001        1.2185432000000000     
   102.00000000000000        1.1681845000000000        1.1312527999999999        1.2152591999999998     
   103.00000000000000        1.1653313999999999        1.1288058000000001        1.2119751999999999     
   104.00000000000000        1.1625445999999999        1.1263872000000001        1.2087911999999998     
   105.00000000000001        1.1597915000000001        1.1240686000000000        1.2055768000000000     
   106.00000000000000        1.1571047000000001        1.1217500000000000        1.2023927999999999     
   107.00000000000000        1.1544178999999999        1.1194956000000000        1.1992783999999999     
   108.00000000000000        1.1517311000000001        1.1172412000000000        1.1961639999999998     
   109.00000000000001        1.1491106000000000        1.1149868000000001        1.1931191999999999     
   110.00000000000000        1.1465564000000001        1.1127966000000000        1.1901047999999999     
   111.00000000000000        1.1440022000000001        1.1106706000000000        1.1871296000000000     
   112.00000000000000        1.1414480000000000        1.1085446000000001        1.1841151999999999     
   113.00000000000000        1.1389938000000002        1.1064186000000000        1.1812095999999999     
   114.00000000000000        1.1365059000000000        1.1043925999999999        1.1783343999999998     
   115.00000000000000        1.1341180000000002        1.1023950000000000        1.1754591999999999     
   116.00000000000000        1.1317964000000000        1.1003973999999999        1.1726535999999999     
   117.00000000000000        1.1293747999999999        1.0984356000000002        1.1698479999999998     
   118.00000000000001        1.1271195000000001        1.0965022000000000        1.1670423999999997     
   119.00000000000000        1.1247979000000001        1.0946046000000000        1.1643063999999999     
   120.00000000000000        1.1225426000000001        1.0927354000000000        1.1616704000000000     
   121.00000000000000        1.1203536000000001        1.0909662000000000        1.1590039999999999     
   122.00000000000001        1.1181646000000001        1.0891328000000000        1.1563680000000001     
   123.00000000000000        1.1160419000000001        1.0873919999999999        1.1537712000000000     
   124.00000000000000        1.1139192000000000        1.0856227999999999        1.1512047999999999     
   125.00000000000000        1.1117965000000001        1.0839820000000000        1.1486776000000001     
   126.00000000000001        1.1097737999999999        1.0822412000000001        1.1461808000000000     
   127.00000000000000        1.1077173999999999        1.0806004000000000        1.1436839999999999     
   128.00000000000000        1.1057273000000001        1.0790237999999999        1.1412567999999998     
   129.00000000000000        1.1037709000000002        1.0774471999999999        1.1388992000000000     
   130.00000000000000        1.1018471000000001        1.0758706000000000        1.1364719999999999     
   131.00000000000000        1.0999232999999999        1.0743582000000000        1.1341840000000001     
   132.00000000000000        1.0980995000000000        1.0728458000000001        1.1318264000000000     
   133.00000000000000        1.0962420000000002        1.0713976000000001        1.1296079999999999     
   134.00000000000000        1.0944182000000002        1.0699494000000001        1.1273199999999999     
   135.00000000000000        1.0926607000000002        1.0685654000000002        1.1251319999999998     
   136.00000000000000        1.0908694999999999        1.0671813999999999        1.1229832000000000     
   137.00000000000000        1.0891782999999999        1.0657973999999999        1.1208343999999999     
   138.00000000000000        1.0874871000000002        1.0644776000000000        1.1187160000000000     
   139.00000000000000        1.0858285000000001        1.0631577999999999        1.1166367999999998     
   140.00000000000000        1.0842035999999999        1.0618379999999998        1.1145575999999999     
   141.00000000000000        1.0825787000000000        1.0605824000000001        1.1125784000000001     
   142.00000000000000        1.0810200999999999        1.0593626000000000        1.1105688000000000     
   143.00000000000000        1.0794615000000001        1.0581712000000001        1.1085896000000000     
   144.00000000000000        1.0779692000000001        1.0569798000000001        1.1066799999999999     
   145.00000000000000        1.0764432000000002        1.0557884000000000        1.1047400000000001     
   146.00000000000000        1.0749509000000002        1.0546612000000000        1.1029000000000000     
   147.00000000000000        1.0735249000000002        1.0535698000000000        1.1010599999999999     
   148.00000000000000        1.0720989000000003        1.0525068000000000        1.0991895999999999     
   149.00000000000000        1.0707392000000002        1.0513796000000002        1.0974192000000000     
   150.00000000000000        1.0693132000000001        1.0503524000000000        1.0956488000000000     
   151.00000000000000        1.0680198000000001        1.0493536000000001        1.0939479999999999     
   152.00000000000000        1.0666601000000002        1.0483548000000000        1.0922471999999999     
   153.00000000000000        1.0654004000000001        1.0473918000000000        1.0905159999999998     
   154.00000000000000        1.0641733000000002        1.0463930000000001        1.0888848000000000     
   155.00000000000000        1.0628799000000000        1.0454584000000000        1.0872535999999999     
   156.00000000000000        1.0616528000000001        1.0445595999999999        1.0856919999999999     
   157.00000000000000        1.0604920000000000        1.0436250000000000        1.0841304000000000     
   158.00000000000000        1.0592649000000001        1.0427261999999999        1.0825688000000000     
   159.00000000000000        1.0581377999999999        1.0418558000000000        1.0810767999999999     
   160.00000000000000        1.0570433000000001        1.0409854000000001        1.0795847999999999     
   161.00000000000000        1.0558825000000001        1.0402150000000001        1.0780927999999999     
   162.00000000000000        1.0547880000000001        1.0393446000000002        1.0766703999999998     
   163.00000000000000        1.0537935000000000        1.0385742000000000        1.0752480000000000     
   164.00000000000000        1.0526990000000001        1.0378322000000000        1.0738255999999999     
   165.00000000000000        1.0516708000000001        1.0370618000000000        1.0725032000000001     
   166.00000000000000        1.0506426000000002        1.0363198000000000        1.0711504000000001     
   167.00000000000000        1.0497144000000000        1.0356136000000000        1.0698672000000000     
   168.00000000000000        1.0486861999999999        1.0348716000000000        1.0685144000000000     
   169.00000000000000        1.0477906000000001        1.0341654000000000        1.0673007999999999     
   170.00000000000000        1.0468624000000000        1.0335234000000000        1.0660175999999999     
   171.00000000000000        1.0459005000000001        1.0328455999999999        1.0648343999999998     
   172.00000000000000        1.0450386000000003        1.0322035999999999        1.0636207999999998     
   173.00000000000000        1.0441430000000000        1.0315258000000000        1.0624072000000000     
   174.00000000000000        1.0433136999999999        1.0309480000000000        1.0612632000000000     
   175.00000000000000        1.0424518000000000        1.0302701999999999        1.0600799999999999     
   176.00000000000000        1.0416225000000001        1.0296923999999998        1.0590055999999999     
   177.00000000000000        1.0408269000000001        1.0291787999999999        1.0578615999999998     
   178.00000000000000        1.0400639000000000        1.0285652000000001        1.0568176000000000     
   179.00000000000000        1.0392683000000003        1.0279874000000000        1.0557432000000000     
   180.00000000000000        1.0385053000000002        1.0274380000000001        1.0546688000000000     
   181.00000000000000        1.0377760000000000        1.0269244000000000        1.0536943999999999     
   182.00000000000000        1.0370793000000000        1.0264108000000001        1.0526895999999999     
   183.00000000000000        1.0363500000000001        1.0258613999999999        1.0517151999999999     
   184.00000000000000        1.0356533000000001        1.0254120000000000        1.0507103999999998     
   185.00000000000000        1.0349903000000000        1.0248984000000001        1.0497752000000000     
   186.00000000000000        1.0342936000000000        1.0244131999999999        1.0488704000000000     
   187.00000000000000        1.0336306000000000        1.0239638000000000        1.0479352000000000     
   188.00000000000000        1.0330002000000000        1.0235144000000000        1.0470304000000001     
   189.00000000000000        1.0324035000000000        1.0230291999999999        1.0461647999999999     
   190.00000000000000        1.0317731000000001        1.0226440000000001        1.0453296000000001     
   191.00000000000000        1.0311764000000001        1.0221946000000002        1.0444640000000001     
   192.00000000000000        1.0305797000000001        1.0218094000000000        1.0436288000000000     
   193.00000000000000        1.0300156000000000        1.0213884000000000        1.0428328000000000     
   194.00000000000000        1.0294189000000000        1.0210032000000000        1.0420672000000000     
   195.00000000000000        1.0288548000000000        1.0206180000000000        1.0412712000000002     
   196.00000000000000        1.0283244000000000        1.0201970000000000        1.0405055999999999     
   197.00000000000003        1.0277940000000001        1.0198118000000000        1.0397095999999999     
   198.00000000000000        1.0272962000000001        1.0194908000000003        1.0390135999999999     
   199.00000000000000        1.0267658000000000        1.0191056000000001        1.0382872000000001     
   200.00000000000000        1.0263017000000001        1.0187488000000000        1.0375912000000000     
   201.00000000000000        1.0258039000000001        1.0184278000000000        1.0368648000000000     
   202.00000000000000        1.0253398000000000        1.0180425999999998        1.0361688000000000     
   203.00000000000000        1.0248756999999999        1.0177858000000000        1.0355424000000000     
   204.00000000000000        1.0243779000000002        1.0174289999999999        1.0348856000000000     
   205.00000000000003        1.0239137999999999        1.0171080000000001        1.0342591999999999     
   206.00000000000000        1.0235159999999999        1.0167869999999999        1.0336023999999999     
   207.00000000000000        1.0230845000000002        1.0165302000000001        1.0329759999999999     
   208.00000000000000        1.0226204000000001        1.0161734000000000        1.0324191999999999     
   209.00000000000000        1.0222226000000001        1.0159166000000002        1.0317623999999999     
   210.00000000000003        1.0217911000000002        1.0155956000000002        1.0312056000000001     
   211.00000000000000        1.0214596000000000        1.0153387999999999        1.0306183999999998     
   212.00000000000000        1.0210618000000000        1.0150820000000000        1.0300616000000000     
   213.00000000000000        1.0206303000000001        1.0147894000000002        1.0295744000000000     
   214.00000000000000        1.0202988000000000        1.0145325999999999        1.0289872000000000     
   215.00000000000000        1.0199009999999999        1.0142758000000001        1.0285000000000000     
   216.00000000000000        1.0195695000000000        1.0140832000000000        1.0279431999999999     
   217.00000000000000        1.0192043000000002        1.0138264000000001        1.0274255999999999     
   218.00000000000003        1.0188728000000000        1.0135338000000000        1.0269383999999999     
   219.00000000000000        1.0185412999999999        1.0133411999999999        1.0264511999999999     
   220.00000000000000        1.0182098000000002        1.0130844000000001        1.0260031999999999     
   221.00000000000000        1.0179109000000002        1.0128918000000000        1.0255160000000001     
   222.00000000000000        1.0175794000000000        1.0126991999999999        1.0250983999999999     
   223.00000000000003        1.0172479000000001        1.0124066000000000        1.0245807999999998     
   224.00000000000000        1.0169827000000000        1.0122139999999999        1.0241631999999998     
   225.00000000000000        1.0166838000000000        1.0120214000000001        1.0237455999999998     
   226.00000000000000        1.0163523000000001        1.0118288000000000        1.0233279999999998     
   227.00000000000000        1.0160871000000000        1.0116362000000001        1.0228800000000000     
   228.00000000000000        1.0158218999999999        1.0114436000000000        1.0225320000000000     
   229.00000000000000        1.0155230000000000        1.0112509999999999        1.0221144000000000     
   230.00000000000000        1.0152578000000001        1.0110226000000000        1.0217664000000000     
   231.00000000000003        1.0149926000000002        1.0108299999999999        1.0213184000000000     
   232.00000000000000        1.0147274000000002        1.0107016000000000        1.0209703999999999     
   233.00000000000000        1.0145284999999999        1.0105090000000001        1.0206223999999999     
   234.00000000000000        1.0142296000000002        1.0103164000000002        1.0202743999999999     
   235.00000000000000        1.0140307000000002        1.0101880000000001        1.0198960000000001     
   236.00000000000003        1.0137655000000001        1.0099596000000000        1.0195479999999999     
   237.00000000000000        1.0135666000000001        1.0098312000000000        1.0191999999999999     
   238.00000000000000        1.0133014000000000        1.0096385999999999        1.0188519999999999     
   239.00000000000003        1.0130688000000001        1.0095102000000000        1.0185431999999999     
   240.00000000000000        1.0128699000000001        1.0093818000000001        1.0181952000000001     
   241.00000000000000        1.0126710000000001        1.0091892000000000        1.0179167999999998     
   242.00000000000000        1.0124721000000001        1.0090608000000001        1.0175687999999998     
   243.00000000000000        1.0122069000000000        1.0089324000000002        1.0172600000000001     
   244.00000000000003        1.0120080000000002        1.0087682000000000        1.0169816000000000     
   245.00000000000000        1.0118417000000002        1.0086397999999999        1.0167032000000000     
   246.00000000000000        1.0116428000000002        1.0085113999999999        1.0164247999999998     
   247.00000000000000        1.0114439000000002        1.0083829999999998        1.0161464000000000     
   248.00000000000000        1.0112450000000002        1.0082545999999999        1.0158376000000000     
   249.00000000000003        1.0110461000000002        1.0081262000000000        1.0155592000000000     
   250.00000000000000        1.0109135000000000        1.0079978000000001        1.0153504000000000     
   251.00000000000000        1.0106809000000001        1.0078694000000001        1.0150720000000000     
   252.00000000000003        1.0105483000000002        1.0077052000000000        1.0147936000000000     
   253.00000000000000        1.0103494000000000        1.0075768000000001        1.0145544000000000     
   254.00000000000000        1.0102168000000000        1.0074483999999999        1.0142760000000000     
   255.00000000000000        1.0100179000000000        1.0073200000000000        1.0140671999999999     
   256.00000000000000        1.0098853000000001        1.0072557999999998        1.0138583999999999     
   257.00000000000000        1.0096864000000001        1.0071273999999999        1.0136495999999999     
   258.00000000000000        1.0095201000000000        1.0069990000000000        1.0133711999999999     
   259.00000000000000        1.0093875000000001        1.0069347999999998        1.0131319999999999     
   260.00000000000000        1.0092549000000002        1.0068063999999999        1.0129231999999999     
   261.00000000000000        1.0091223000000002        1.0067421999999999        1.0127144000000001     
   262.00000000000000        1.0089234000000000        1.0065780000000000        1.0125056000000001     
   263.00000000000000        1.0087908000000001        1.0064496000000001        1.0122967999999999     
   264.00000000000000        1.0086582000000002        1.0063854000000001        1.0120879999999999     
   265.00000000000000        1.0084919000000001        1.0062570000000000        1.0119183999999999     
   266.00000000000000        1.0083593000000000        1.0061928000000000        1.0117095999999999     
   267.00000000000000        1.0082267000000000        1.0061286000000000        1.0115008000000001     
   268.00000000000000        1.0080941000000001        1.0060001999999999        1.0113616000000001     
   269.00000000000000        1.0080278000000000        1.0059359999999999        1.0111528000000001     
   270.00000000000000        1.0078952000000001        1.0058076000000000        1.0109440000000001     
   271.00000000000000        1.0077626000000000        1.0057433999999998        1.0108047999999998     
   272.00000000000000        1.0076299999999998        1.0056791999999999        1.0105656000000001     
   273.00000000000000        1.0074974000000001        1.0055149999999999        1.0104264000000001     
   274.00000000000000        1.0073973999999999        1.0054508000000000        1.0102872000000001     
   275.00000000000000        1.0072648000000000        1.0053866000000000        1.0100783999999998     
   276.00000000000000        1.0071322000000000        1.0053223999999998        1.0099391999999998     
   277.00000000000000        1.0070659000000000        1.0052582000000001        1.0098000000000000     
   278.00000000000000        1.0069333000000000        1.0051298000000002        1.0096608000000000     
   279.00000000000000        1.0068670000000002        1.0050656000000000        1.0094215999999998     
   280.00000000000000        1.0067344000000000        1.0050014000000000        1.0092823999999998     
   281.00000000000000        1.0066018000000001        1.0049372000000001        1.0091431999999998     
   282.00000000000000        1.0065355000000000        1.0048729999999999        1.0090039999999998     
   283.00000000000000        1.0064029000000001        1.0048088000000002        1.0088648000000000     
   284.00000000000000        1.0063029000000001        1.0047446000000000        1.0087256000000000     
   285.00000000000000        1.0062366000000000        1.0046803999999998        1.0085864000000000     
   286.00000000000000        1.0061039999999999        1.0045161999999999        1.0084472000000000     
   287.00000000000000        1.0060377000000000        1.0044519999999999        1.0083080000000000     
   288.00000000000000        1.0059051000000001        1.0043877999999999        1.0082080000000000     
   289.00000000000000        1.0058388000000000        1.0043236000000000        1.0080688000000000     
   290.00000000000000        1.0057725000000000        1.0042594000000000        1.0079295999999998     
   291.00000000000000        1.0057062000000001        1.0042594000000000        1.0077904000000000     
   292.00000000000000        1.0055736000000000        1.0041951999999998        1.0076512000000000     
   293.00000000000000        1.0055073000000001        1.0041310000000001        1.0075816000000000     
   294.00000000000000        1.0054410000000000        1.0040667999999999        1.0074424000000000     
   295.00000000000000        1.0053410000000000        1.0040026000000000        1.0073032000000000     
   296.00000000000000        1.0052084000000001        1.0039384000000000        1.0072336000000000     
   297.00000000000000        1.0051421000000000        1.0038741999999998        1.0070640000000000     
   298.00000000000000        1.0050758000000000        1.0038100000000001        1.0069944000000000     
   299.00000000000000        1.0050095000000001        1.0037457999999999        1.0068552000000000     
   300.00000000000000        1.0049432000000000        1.0037457999999999        1.0067855999999999     
   301.00000000000000        1.0048769000000000        1.0036816000000000        1.0066463999999999     
   302.00000000000000        1.0048105999999999        1.0035816000000000        1.0065767999999999     
   303.00000000000000        1.0047443000000000        1.0035174000000000        1.0064375999999999     
   304.00000000000000        1.0046780000000000        1.0034532000000000        1.0063679999999999     
   305.00000000000000        1.0046116999999999        1.0034532000000000        1.0062287999999999     
   306.00000000000000        1.0045454000000000        1.0033889999999999        1.0061591999999999     
   307.00000000000000        1.0044791000000000        1.0033247999999999        1.0060895999999999     
   308.00000000000000        1.0043791000000000        1.0032605999999999        1.0059199999999999     
   309.00000000000000        1.0043128000000001        1.0032605999999999        1.0058503999999999     
   310.00000000000000        1.0042465000000000        1.0031964000000000        1.0057807999999999     
   311.00000000000000        1.0041802000000000        1.0031322000000000        1.0057111999999999     
   312.00000000000000        1.0041139000000001        1.0030679999999998        1.0055719999999999     
   313.00000000000000        1.0040476000000000        1.0030679999999998        1.0055023999999999     
   314.00000000000000        1.0039813000000000        1.0030037999999999        1.0054327999999999     
   315.00000000000000        1.0039150000000001        1.0029395999999999        1.0053631999999999     
   316.00000000000000        1.0038487000000000        1.0029395999999999        1.0052935999999999     
   317.00000000000000        1.0037824000000000        1.0028754000000000        1.0051543999999999     
   318.00000000000000        1.0037824000000000        1.0028754000000000        1.0050847999999997     
   319.00000000000000        1.0037161000000001        1.0028112000000000        1.0050151999999999     
   320.00000000000000        1.0036498000000003        1.0027470000000001        1.0049455999999999     
   321.00000000000000        1.0035835000000000        1.0027470000000001        1.0048455999999999     
   322.00000000000000        1.0035172000000001        1.0026470000000001        1.0047759999999999     
   323.00000000000000        1.0034835000000000        1.0025827999999999        1.0047063999999999     
   324.00000000000000        1.0034171999999999        1.0025827999999999        1.0046367999999999     
   325.00000000000000        1.0033509000000000        1.0025186000000001        1.0045671999999999     
   326.00000000000000        1.0032846000000000        1.0025186000000001        1.0044975999999999     
   327.00000000000000        1.0032846000000000        1.0024544000000000        1.0044279999999999     
   328.00000000000000        1.0032182999999999        1.0024544000000000        1.0043583999999999     
   329.00000000000000        1.0031520000000000        1.0023902000000000        1.0042887999999999     
   330.00000000000000        1.0030857000000000        1.0023902000000000        1.0042192000000001     
   331.00000000000000        1.0030857000000000        1.0023260000000001        1.0041495999999999     
   332.00000000000000        1.0030193999999999        1.0023260000000001        1.0040800000000001     
   333.00000000000000        1.0029531000000000        1.0022618000000001        1.0040103999999999     
   334.00000000000000        1.0029531000000000        1.0022618000000001        1.0039408000000001     
   335.00000000000000        1.0028868000000000        1.0021976000000001        1.0039408000000001     
   336.00000000000000        1.0028204999999999        1.0021976000000001        1.0038711999999999     
   337.00000000000000        1.0028204999999999        1.0021334000000000        1.0037712000000001     
   338.00000000000000        1.0027542000000000        1.0021334000000000        1.0037015999999999     
   339.00000000000000        1.0027542000000000        1.0020692000000000        1.0036319999999999     
   340.00000000000000        1.0026879000000002        1.0020692000000000        1.0035623999999999     
   341.00000000000000        1.0026215999999999        1.0020050000000000        1.0035623999999999     
   342.00000000000000        1.0026215999999999        1.0020050000000000        1.0034927999999999     
   343.00000000000000        1.0025216000000001        1.0019407999999999        1.0034231999999998     
   344.00000000000000        1.0025216000000001        1.0019407999999999        1.0033535999999998     
   345.00000000000000        1.0024553000000000        1.0018766000000001        1.0033535999999998     
   346.00000000000000        1.0024553000000000        1.0018766000000001        1.0032839999999998     
   347.00000000000000        1.0023890000000002        1.0018766000000001        1.0032144000000001     
   348.00000000000000        1.0023227000000001        1.0018123999999999        1.0031447999999998     
   349.00000000000000        1.0023227000000001        1.0017765999999999        1.0031447999999998     
   350.00000000000000        1.0022564000000000        1.0017123999999999        1.0030752000000001     
   351.00000000000000        1.0022564000000000        1.0017123999999999        1.0030055999999998     
   352.00000000000000        1.0021901000000002        1.0017123999999999        1.0030055999999998     
   353.00000000000000        1.0021901000000002        1.0016482000000000        1.0029360000000000     
   354.00000000000000        1.0021237999999999        1.0016482000000000        1.0028663999999998     
   355.00000000000000        1.0021237999999999        1.0016482000000000        1.0028663999999998     
   356.00000000000000        1.0020575000000000        1.0015839999999998        1.0027664000000001     
   357.00000000000000        1.0020575000000000        1.0015839999999998        1.0026967999999998     
   358.00000000000000        1.0020575000000000        1.0015198000000001        1.0026967999999998     
   359.00000000000000        1.0019912000000000        1.0015198000000001        1.0026272000000001     
   360.00000000000000        1.0019912000000000        1.0015198000000001        1.0026272000000001     
   361.00000000000000        1.0019248999999999        1.0014555999999999        1.0025575999999998     
   362.00000000000000        1.0019248999999999        1.0014555999999999        1.0024880000000000     
   363.00000000000000        1.0018586000000000        1.0014555999999999        1.0024880000000000     
   364.00000000000000        1.0018586000000000        1.0013913999999999        1.0024184000000000     
   365.00000000000000        1.0017923000000000        1.0013913999999999        1.0024184000000000     
   366.00000000000000        1.0017923000000000        1.0013913999999999        1.0023488000000000     
   367.00000000000000        1.0017923000000000        1.0013272000000000        1.0023488000000000     
   368.00000000000000        1.0017260000000001        1.0013272000000000        1.0022792000000000     
   369.00000000000000        1.0016923000000000        1.0013272000000000        1.0022792000000000     
   370.00000000000000        1.0016259999999999        1.0013272000000000        1.0022096000000000     
   371.00000000000000        1.0016259999999999        1.0012630000000000        1.0022096000000000     
   372.00000000000000        1.0016259999999999        1.0012630000000000        1.0021399999999998     
   373.00000000000000        1.0015597000000001        1.0012630000000000        1.0021399999999998     
   374.00000000000000        1.0015597000000001        1.0011988000000001        1.0020704000000000     
   375.00000000000000        1.0015597000000001        1.0011988000000001        1.0020704000000000     
   376.00000000000000        1.0014934000000000        1.0011988000000001        1.0020007999999998     
   377.00000000000000        1.0014934000000000        1.0011988000000001        1.0020007999999998     
   378.00000000000000        1.0014271000000001        1.0011345999999999        1.0019312000000000     
   379.00000000000000        1.0014271000000001        1.0011345999999999        1.0019312000000000     
   380.00000000000000        1.0014271000000001        1.0011345999999999        1.0018615999999998     
   381.00000000000000        1.0013608000000001        1.0010704000000001        1.0018311999999998     
   382.00000000000000        1.0013608000000001        1.0010704000000001        1.0017616000000000     
   383.00000000000000        1.0013608000000001        1.0010704000000001        1.0017616000000000     
   384.00000000000000        1.0012945000000000        1.0010704000000001        1.0017616000000000     
   385.00000000000000        1.0012945000000000        1.0010062000000000        1.0016919999999998     
   386.00000000000000        1.0012945000000000        1.0010062000000000        1.0016919999999998     
   387.00000000000000        1.0012945000000000        1.0010062000000000        1.0016224000000000     
   388.00000000000000        1.0012282000000001        1.0009704000000001        1.0016224000000000     
   389.00000000000006        1.0012282000000001        1.0009704000000001        1.0016224000000000     
   390.00000000000000        1.0012282000000001        1.0009062000000000        1.0015527999999998     
   391.00000000000000        1.0011619000000000        1.0009062000000000        1.0015527999999998     
   392.00000000000000        1.0011619000000000        1.0009062000000000        1.0014832000000000     
   393.00000000000000        1.0011619000000000        1.0009062000000000        1.0014832000000000     
   394.00000000000006        1.0010956000000000        1.0008420000000000        1.0014832000000000     
   395.00000000000000        1.0010956000000000        1.0008420000000000        1.0014136000000000     
   396.00000000000000        1.0010956000000000        1.0008420000000000        1.0014136000000000     
   397.00000000000000        1.0010956000000000        1.0008420000000000        1.0014136000000000     
   398.00000000000000        1.0010293000000001        1.0008420000000000        1.0013440000000000     
   399.00000000000006        1.0010293000000001        1.0007778000000001        1.0013440000000000     
   400.00000000000000        1.0010293000000001        1.0007778000000001        1.0013440000000000     
   401.00000000000000        1.0010293000000001        1.0007778000000001        1.0012744000000000     
   402.00000000000000        1.0009630000000000        1.0007778000000001        1.0012744000000000     
   403.00000000000000        1.0009630000000000        1.0007778000000001        1.0012744000000000     
   404.00000000000000        1.0009630000000000        1.0007135999999999        1.0012048000000000     
   405.00000000000000        1.0009630000000000        1.0007135999999999        1.0012048000000000     
   406.00000000000000        1.0008967000000000        1.0007135999999999        1.0012048000000000     
   407.00000000000000        1.0008630000000001        1.0007135999999999        1.0011352000000000     
   408.00000000000000        1.0008630000000001        1.0007135999999999        1.0011352000000000     
   409.00000000000000        1.0008630000000001        1.0007135999999999        1.0011352000000000     
   410.00000000000006        1.0007967000000000        1.0006493999999999        1.0010656000000000     
   411.00000000000000        1.0007967000000000        1.0006493999999999        1.0010656000000000     
   412.00000000000000        1.0007967000000000        1.0006493999999999        1.0010656000000000     
   413.00000000000000        1.0007967000000000        1.0006493999999999        1.0010656000000000     
   414.00000000000000        1.0007967000000000        1.0006493999999999        1.0009960000000000     
   415.00000000000006        1.0007304000000001        1.0006493999999999        1.0009960000000000     
   416.00000000000000        1.0007304000000001        1.0005852000000000        1.0009960000000000     
   417.00000000000000        1.0007304000000001        1.0005852000000000        1.0008960000000000     
   418.00000000000000        1.0007304000000001        1.0005852000000000        1.0008960000000000     
   419.00000000000000        1.0007304000000001        1.0005852000000000        1.0008960000000000     
   420.00000000000006        1.0006640999999998        1.0005852000000000        1.0008960000000000     
   421.00000000000000        1.0006640999999998        1.0005852000000000        1.0008264000000000     
   422.00000000000000        1.0006640999999998        1.0005210000000000        1.0008264000000000     
   423.00000000000000        1.0006640999999998        1.0005210000000000        1.0008264000000000     
   424.00000000000000        1.0006640999999998        1.0005210000000000        1.0008264000000000     
   425.00000000000006        1.0005978000000000        1.0005210000000000        1.0007567999999998     
   426.00000000000000        1.0005978000000000        1.0005210000000000        1.0007567999999998     
   427.00000000000000        1.0005978000000000        1.0005210000000000        1.0007567999999998     
   428.00000000000000        1.0005978000000000        1.0005210000000000        1.0007567999999998     
   429.00000000000000        1.0005978000000000        1.0004568000000000        1.0007567999999998     
   430.00000000000000        1.0005978000000000        1.0004568000000000        1.0006871999999998     
   431.00000000000006        1.0005315000000001        1.0004568000000000        1.0006871999999998     
   432.00000000000000        1.0005315000000001        1.0004568000000000        1.0006871999999998     
   433.00000000000000        1.0005315000000001        1.0004568000000000        1.0006871999999998     
   434.00000000000000        1.0005315000000001        1.0004568000000000        1.0006175999999998     
   435.00000000000000        1.0005315000000001        1.0004568000000000        1.0006175999999998     
   436.00000000000006        1.0005315000000001        1.0004568000000000        1.0006175999999998     
   437.00000000000000        1.0004652000000001        1.0003926000000001        1.0006175999999998     
   438.00000000000000        1.0004652000000001        1.0003926000000001        1.0006175999999998     
   439.00000000000000        1.0004652000000001        1.0003926000000001        1.0005479999999998     
   440.00000000000000        1.0004652000000001        1.0003926000000001        1.0005479999999998     
   441.00000000000006        1.0004652000000001        1.0003926000000001        1.0005479999999998     
   442.00000000000000        1.0004652000000001        1.0003926000000001        1.0005479999999998     
   443.00000000000000        1.0004652000000001        1.0003926000000001        1.0005479999999998     
   444.00000000000000        1.0003989000000000        1.0003926000000001        1.0004783999999998     
   445.00000000000000        1.0003989000000000        1.0003926000000001        1.0004783999999998     
   446.00000000000006        1.0003989000000000        1.0003283999999999        1.0004783999999998     
   447.00000000000000        1.0003989000000000        1.0003283999999999        1.0004783999999998     
   448.00000000000000        1.0003989000000000        1.0003283999999999        1.0004783999999998     
   449.00000000000000        1.0003989000000000        1.0003283999999999        1.0004783999999998     
   450.00000000000000        1.0003989000000000        1.0003283999999999        1.0004088000000000     
   451.00000000000006        1.0003326000000001        1.0003283999999999        1.0004088000000000     
   452.00000000000000        1.0003326000000001        1.0003283999999999        1.0004088000000000     
   453.00000000000000        1.0003326000000001        1.0003283999999999        1.0004088000000000     
   454.00000000000000        1.0003326000000001        1.0003283999999999        1.0004088000000000     
   455.00000000000000        1.0003326000000001        1.0003283999999999        1.0004088000000000     
   456.00000000000000        1.0003326000000001        1.0002283999999999        1.0003392000000000     
   457.00000000000006        1.0003326000000001        1.0002283999999999        1.0003392000000000     
   458.00000000000000        1.0003326000000001        1.0002283999999999        1.0003392000000000     
   459.00000000000000        1.0002663000000001        1.0002283999999999        1.0003392000000000     
   460.00000000000000        1.0002663000000001        1.0002283999999999        1.0003392000000000     
   461.00000000000000        1.0002663000000001        1.0002283999999999        1.0003392000000000     
   462.00000000000006        1.0002663000000001        1.0002283999999999        1.0003392000000000     
   463.00000000000000        1.0002663000000001        1.0002283999999999        1.0002696000000000     
   464.00000000000000        1.0002663000000001        1.0002283999999999        1.0002696000000000     
   465.00000000000000        1.0002663000000001        1.0002283999999999        1.0002696000000000     
   466.00000000000000        1.0002663000000001        1.0002283999999999        1.0002696000000000     
   467.00000000000006        1.0002663000000001        1.0001641999999999        1.0002696000000000     
   468.00000000000000        1.0002663000000001        1.0001641999999999        1.0002696000000000     
   469.00000000000000        1.0002000000000000        1.0001641999999999        1.0002696000000000     
   470.00000000000000        1.0001663000000001        1.0001641999999999        1.0002000000000000     
   471.00000000000000        1.0001663000000001        1.0001641999999999        1.0002000000000000     
   472.00000000000006        1.0001663000000001        1.0001641999999999        1.0002000000000000     
   473.00000000000000        1.0001663000000001        1.0001641999999999        1.0002000000000000     
   474.00000000000000        1.0001663000000001        1.0001641999999999        1.0002000000000000     
   475.00000000000000        1.0001663000000001        1.0001641999999999        1.0002000000000000     
   476.00000000000000        1.0001663000000001        1.0001641999999999        1.0002000000000000     
   477.00000000000006        1.0001663000000001        1.0001641999999999        1.0001696000000000     
   478.00000000000006        1.0001663000000001        1.0001641999999999        1.0001696000000000     
   479.00000000000000        1.0001000000000000        1.0001000000000000        1.0001696000000000     
   480.00000000000000        1.0001000000000000        1.0001000000000000        1.0001696000000000     
   481.00000000000000        1.0001000000000000        1.0001000000000000        1.0001000000000000     
   482.00000000000000        1.0001000000000000        1.0001000000000000        1.0001000000000000     
   483.00000000000006        1.0001000000000000        1.0001000000000000        1.0001000000000000     
   484.00000000000000        1.0001000000000000        1.0001000000000000        1.0001000000000000     
   485.00000000000000        1.0001000000000000        1.0001000000000000        1.0001000000000000     
   486.00000000000000        1.0001000000000000        1.0001000000000000        1.0001000000000000     
   487.00000000000000        1.0001000000000000        1.0001000000000000        1.0001000000000000     
   488.00000000000006        1.0001000000000000        1.0000304000000000        1.0001000000000000     
   489.00000000000000        1.0001000000000000        1.0000304000000000        1.0001000000000000     
   490.00000000000000        1.0001000000000000        1.0000304000000000        1.0001000000000000     
   491.00000000000000        1.0001000000000000        1.0000304000000000        1.0001000000000000     
   492.00000000000000        1.0000336999999999        1.0000304000000000        1.0001000000000000     
   493.00000000000006        1.0000336999999999        1.0000304000000000        1.0001000000000000     
   494.00000000000000        1.0000336999999999        1.0000234399999999        1.0001000000000000     
   495.00000000000000        1.0000336999999999        1.0000164800000000        1.0001000000000000     
   496.00000000000000        1.0000336999999999        1.0000095199999999        1.0001000000000000     
   497.00000000000000        1.0000336999999999        1.0000025600000000        1.0000358000000000     
   498.00000000000006        1.0000336999999999       0.99999559999999987        1.0000358000000000     
   499.00000000000000        1.0000336999999999       0.99999559999999987        1.0000358000000000     
   500.00000000000000        1.0000270700000000       0.99998863999999998        1.0000358000000000     
   501.00000000000000        1.0000204400000001       0.99998167999999987        1.0000358000000000     
   502.00000000000000        1.0000204400000001       0.99997471999999998        1.0000358000000000     
   503.00000000000006        1.0000138100000000       0.99996775999999987        1.0000358000000000     
   504.00000000000006        1.0000071799999999       0.99996775999999987        1.0000358000000000     
   505.00000000000000        1.0000071799999999       0.99996079999999998        1.0000358000000000     
   506.00000000000000        1.0000005500000000       0.99995383999999987        1.0000358000000000     
   507.00000000000000        1.0000005500000000       0.99994687999999998        1.0000358000000000     
   508.00000000000000       0.99999392000000009       0.99993991999999987        1.0000293800000000     
   509.00000000000006       0.99999392000000009       0.99993991999999987        1.0000293800000000     
   510.00000000000000       0.99998728999999997       0.99993295999999998        1.0000293800000000     
   511.00000000000000       0.99998066000000008       0.99992599999999987        1.0000229599999999     
   512.00000000000000       0.99998066000000008       0.99992599999999987        1.0000229599999999     
   513.00000000000000       0.99997402999999996       0.99991903999999998        1.0000165400000001     
   514.00000000000000       0.99997402999999996       0.99991207999999987        1.0000165400000001     
   515.00000000000000       0.99996740000000006       0.99991207999999987        1.0000101200000000     
   516.00000000000000       0.99996740000000006       0.99990511999999998        1.0000101200000000     
   517.00000000000000       0.99996076999999994       0.99989815999999987        1.0000101200000000     
   518.00000000000000       0.99996076999999994       0.99989815999999987        1.0000036999999999     
   519.00000000000000       0.99995414000000005       0.99989119999999998        1.0000036999999999     
   520.00000000000000       0.99995414000000005       0.99988423999999987       0.99999728000000010     
   521.00000000000000       0.99994751000000004       0.99988423999999987       0.99999728000000010     
   522.00000000000000       0.99994751000000004       0.99987727999999998       0.99999728000000010     
   523.00000000000000       0.99994088000000003       0.99987727999999998       0.99999086000000004     
   524.00000000000000       0.99994088000000003       0.99987031999999987       0.99999086000000004     
   525.00000000000000       0.99993425000000002       0.99986335999999998       0.99999086000000004     
   526.00000000000000       0.99993425000000002       0.99986335999999998       0.99998443999999997     
   527.00000000000000       0.99993425000000002       0.99985639999999987       0.99998443999999997     
   528.00000000000000       0.99992762000000002       0.99985639999999987       0.99998443999999997     
   529.00000000000000       0.99992762000000002       0.99984943999999998       0.99997801999999991     
   530.00000000000000       0.99992099000000001       0.99984943999999998       0.99997801999999991     
   531.00000000000000       0.99992099000000001       0.99984247999999987       0.99997801999999991     
   532.00000000000000       0.99991436000000000       0.99984247999999987       0.99997160000000007     
   533.00000000000000       0.99991436000000000       0.99983551999999998       0.99997160000000007     
   534.00000000000000       0.99991436000000000       0.99983551999999998       0.99997160000000007     
   535.00000000000000       0.99990772999999999       0.99982855999999987       0.99996518000000001     
   536.00000000000000       0.99990772999999999       0.99982855999999987       0.99996518000000001     
   537.00000000000000       0.99990109999999999       0.99982159999999998       0.99996518000000001     
   538.00000000000000       0.99990109999999999       0.99982159999999998       0.99995875999999995     
   539.00000000000000       0.99990109999999999       0.99981463999999987       0.99995875999999995     
   540.00000000000000       0.99989446999999998       0.99981463999999987       0.99995875999999995     
   541.00000000000000       0.99989446999999998       0.99980767999999998       0.99995234000000011     
   542.00000000000000       0.99989446999999998       0.99980767999999998       0.99995234000000011     
   543.00000000000000       0.99988783999999997       0.99980071999999987       0.99995234000000011     
   544.00000000000000       0.99988783999999997       0.99980071999999987       0.99995234000000011     
   545.00000000000000       0.99988783999999997       0.99979375999999998       0.99994592000000004     
   546.00000000000000       0.99988121000000008       0.99979375999999998       0.99994592000000004     
   547.00000000000000       0.99988121000000008       0.99979375999999998       0.99994592000000004     
   548.00000000000000       0.99988121000000008       0.99978679999999986       0.99994592000000004     
   549.00000000000000       0.99987458000000007       0.99978679999999986       0.99993949999999998     
   550.00000000000000       0.99987458000000007       0.99977983999999998       0.99993949999999998     
