   1.0000000000000000        48.743701999999999        44.009889999999999        54.178944000000001     
   2.0000000000000000        24.221967000000003        21.886806000000000        26.897136000000000     
   3.0000000000000000        16.124605899999999        14.571001200000000        17.904100799999998     
   4.0000000000000000        12.140412000000001        10.970636799999999        13.481031999999997     
   5.0000000000000000        9.8174114000000010        8.8709650000000000        10.901543999999998     
   6.0000000000000000        8.3203723000000007        7.5176672000000000        9.2393648000000006     
   7.0000000000000000        7.2882761000000009        6.5849238000000003        8.0937967999999998     
   8.0000000000000000        6.5388038000000002        5.9073706000000001        7.2619335999999990     
   9.0000000000000000        5.9719168000000007        5.3947754000000003        6.6327895999999997     
   10.000000000000000        5.5288819000000000        4.9941867999999996        6.1412327999999992     
   11.000000000000000        5.1731816000000004        4.6724648000000002        5.7465975999999994     
   12.000000000000000        4.8811371999999995        4.4082276000000000        5.4226304000000001     
   13.000000000000000        4.6365850000000002        4.1870181999999998        5.1513879999999999     
   14.000000000000000        4.4285829000000003        3.9987562000000003        4.9207415999999995     
   15.000000000000000        4.2489833000000008        3.8361809999999998        4.7216240000000003     
   16.000000000000000        4.0919331000000003        3.6939739999999999        4.5475727999999993     
   17.000000000000000        3.9531074000000004        3.5683228000000002        4.3937391999999997     
   18.000000000000000        3.8291824000000001        3.4560434000000004        4.2564136000000001     
   19.000000000000000        3.7174962000000003        3.3549012000000000        4.1326735999999995     
   20.000000000000000        3.6160869000000009        3.2630616000000003        4.0203447999999993     
   21.000000000000000        3.5233915000000002        3.1790393999999997        3.9176615999999997     
   22.000000000000000        3.4379469999999999        3.1017568000000000        3.8230975999999997     
   23.000000000000000        3.3588882000000000        3.0300928000000003        3.7355263999999999     
   24.000000000000000        3.2852847000000001        2.9634621999999999        3.6539999999999999     
   25.000000000000000        3.2164376000000003        2.9010723999999999        3.5778008000000003     
   26.000000000000000        3.1517480000000000        2.8425308000000000        3.5061200000000001     
   27.000000000000000        3.0906844000000002        2.7872805999999999        3.4385400000000002     
   28.000000000000000        3.0329142000000000        2.7350218000000002        3.3744911999999996     
   29.000000000000000        2.9780047999999999        2.6854334000000000        3.3136255999999999     
   30.000000000000000        2.9257236000000004        2.6381153999999998        3.2556127999999998     
   31.000000000000000        2.8757380000000001        2.5930394000000003        3.2001743999999999     
   32.000000000000000        2.8278816999999998        2.5498412000000004        3.1471103999999999     
   33.000000000000000        2.7818884000000001        2.5084566000000001        3.0960728000000000     
   34.000000000000000        2.7377255000000003        2.4686214000000000        3.0470008000000002     
   35.000000000000000        2.6951266999999999        2.4302714000000001        2.9996551999999999     
   36.000000000000000        2.6540257000000000        2.3933423999999999        2.9539359999999997     
   37.000000000000000        2.6142887999999997        2.3576343999999998        2.9097040000000001     
   38.000000000000000        2.5757834000000002        2.3231473999999999        2.8668895999999999     
   39.000000000000000        2.5385095000000004        2.2897529999999997        2.8253231999999997     
   40.000000000000000        2.5023345000000004        2.2573512000000000        2.7849743999999994     
   41.000000000000000        2.4671910000000001        2.2259061999999998        2.7456735999999999     
   42.000000000000000        2.4330127000000004        2.1954538000000001        2.7075512000000002     
   43.000000000000000        2.3998333000000001        2.1658298000000000        2.6703071999999999     
   44.000000000000000        2.3674865000000000        2.1370342000000000        2.6341415999999995     
   45.000000000000000        2.3359386000000004        2.1089670000000003        2.5987848000000002     
   46.000000000000000        2.3052233000000002        2.0817282000000001        2.5642367999999998     
   47.000000000000000        2.2752732000000004        2.0551820000000003        2.5305975999999997     
   48.000000000000000        2.2460231000000004        2.0292357999999999        2.4976975999999995     
   49.000000000000000        2.2174719000000001        2.0040822000000000        2.4655063999999998     
   50.000000000000000        2.1895870000000000        1.9794570000000000        2.4340544000000000     
   51.000000000000000        2.1623673000000001        1.9554317999999999        2.4033111999999996     
   52.000000000000000        2.1357476000000002        1.9320349999999999        2.3732072000000000     
   53.000000000000000        2.1097605000000001        1.9091666000000000        2.3437728000000000     
   54.000000000000000        2.0843060000000002        1.8869266000000002        2.3149471999999998     
   55.000000000000000        2.0595178000000001        1.8651507999999999        2.2867607999999997     
   56.000000000000000        2.0351621999999998        1.8439033999999999        2.2591136000000001     
   57.000000000000000        2.0113729000000005        1.8231560000000000        2.2320359999999999     
   58.000000000000000        1.9881162000000001        1.8029012000000000        2.2054976000000002     
   59.000000000000007        1.9653583999999999        1.7830748000000001        2.1794983999999995     
   60.000000000000000        1.9431006000000002        1.7637484000000001        2.1540688000000001     
   61.000000000000007        1.9212753999999999        1.7448146000000000        2.1291479999999998     
   62.000000000000000        1.8999828000000003        1.7263450000000000        2.1046967999999997     
   63.000000000000007        1.8791565000000001        1.7083037999999999        2.0806847999999998     
   64.000000000000000        1.8586628000000001        1.6906909999999999        2.0572120000000003     
   65.000000000000000        1.8387017000000001        1.6734423999999999        2.0342088000000000     
   66.000000000000000        1.8191732000000003        1.6565863999999999        2.0116839999999998     
   67.000000000000000        1.8000110000000000        1.6401588000000000        1.9895592000000000     
   68.000000000000000        1.7812477000000000        1.6240954000000001        1.9678735999999999     
   69.000000000000000        1.7628844000000001        1.6084246000000000        1.9466272000000000     
   70.000000000000000        1.7449862999999999        1.5930180000000000        1.9258200000000001     
   71.000000000000000        1.7273545000000001        1.5780040000000000        1.9054215999999999     
   72.000000000000000        1.7101553000000000        1.5633826000000002        1.8853928000000000     
   73.000000000000000        1.6933224000000002        1.5490254000000001        1.8658032000000000     
   74.000000000000000        1.6768547000000000        1.5350324000000002        1.8465528000000000     
   75.000000000000000        1.6607533000000003        1.5213604000000001        1.8277112000000000     
   76.000000000000000        1.6449507999999999        1.5079883999999999        1.8092391999999999     
   77.000000000000000        1.6295146000000000        1.4949089999999998        1.7911063999999999     
   78.000000000000000        1.6143773000000001        1.4821579999999999        1.7733824000000000     
   79.000000000000000        1.5995726000000001        1.4696996000000000        1.7559975999999997     
   80.000000000000000        1.5851005000000002        1.4575338000000002        1.7389519999999998     
   81.000000000000000        1.5709610000000001        1.4456321999999999        1.7222455999999999     
   82.000000000000000        1.5571203999999998        1.4340231999999999        1.7059175999999998     
   83.000000000000000        1.5435124000000002        1.4226426000000001        1.6898591999999999     
   84.000000000000000        1.5302370000000001        1.4115546000000001        1.6741400000000000     
   85.000000000000000        1.5172942000000000        1.4006949999999998        1.6587600000000000     
   86.000000000000000        1.5045503000000002        1.3901280000000000        1.6436888000000001     
   87.000000000000000        1.4921389999999999        1.3797894000000002        1.6289263999999999     
   88.000000000000000        1.4800266000000002        1.3696792000000000        1.6144335999999999     
   89.000000000000000        1.4681468000000000        1.3598615999999999        1.6002495999999997     
   90.000000000000000        1.4564996000000001        1.3502082000000000        1.5863744000000000     
   91.000000000000000        1.4451513000000000        1.3408115999999999        1.5727384000000000     
   92.000000000000000        1.4340356000000001        1.3316433999999999        1.5593720000000000     
   93.000000000000000        1.4231525000000000        1.3227035999999999        1.5463535999999998     
   94.000000000000000        1.4124683000000000        1.3139563999999999        1.5335351999999998     
   95.000000000000000        1.4021167000000001        1.3054376000000001        1.5210256000000000     
   96.000000000000000        1.3918977000000001        1.2971471999999999        1.5087248000000000     
   97.000000000000000        1.3819776000000001        1.2889851999999999        1.4967632000000000     
   98.000000000000000        1.3722901000000003        1.2810800000000000        1.4850104000000000     
   99.000000000000000        1.3628015000000002        1.2733390000000000        1.4734271999999999     
   100.00000000000000        1.3534792000000000        1.2658263999999999        1.4622223999999999     
   101.00000000000000        1.3444558000000000        1.2584064000000001        1.4511567999999999     
   102.00000000000000        1.3355649999999999        1.2512506000000001        1.4403607999999999     
   103.00000000000000        1.3269067999999999        1.2442515999999999        1.4297735999999999     
   104.00000000000000        1.3184475000000000        1.2374168000000001        1.4193951999999999     
   105.00000000000001        1.3101544999999999        1.2307462000000000        1.4092560000000001     
   106.00000000000000        1.3020604000000000        1.2242324000000000        1.3993560000000000     
   107.00000000000000        1.2941652000000001        1.2179469999999999        1.3895951999999998     
   108.00000000000000        1.2864363000000001        1.2117258000000000        1.3801431999999998     
   109.00000000000001        1.2789063000000001        1.2057329999999999        1.3708304000000000     
   110.00000000000000        1.2715426000000001        1.1998686000000001        1.3616872000000000     
   111.00000000000000        1.2643115000000000        1.1941967999999998        1.3528224000000000     
   112.00000000000000        1.2572793000000000        1.1885892000000000        1.3441272000000000     
   113.00000000000000        1.2504134000000000        1.1831742000000001        1.3355711999999997     
   114.00000000000000        1.2437464000000000        1.1778591999999999        1.3272239999999997     
   115.00000000000000        1.2372120000000000        1.1727368000000000        1.3191160000000000     
   116.00000000000000        1.2308439000000000        1.1676786000000001        1.3111472000000000     
   117.00000000000000        1.2245747000000002        1.1628130000000001        1.3033176000000000     
   118.00000000000001        1.2184718000000001        1.1580473999999998        1.2956576000000000     
   119.00000000000000        1.2125352000000000        1.1534385999999999        1.2881759999999998     
   120.00000000000000        1.2067638000000001        1.1489297999999999        1.2808943999999998     
   121.00000000000000        1.2010924000000001        1.1445494000000001        1.2737911999999998     
   122.00000000000001        1.1956199000000001        1.1402331999999999        1.2667880000000000     
   123.00000000000000        1.1902137000000002        1.1361095999999999        1.2599936000000000     
   124.00000000000000        1.1849400999999999        1.1320501999999999        1.2532687999999998     
   125.00000000000000        1.1797990999999999        1.1280908000000001        1.2467831999999999     
   126.00000000000001        1.1748244000000001        1.1242239999999999        1.2404063999999999     
   127.00000000000000        1.1699160000000000        1.1205213999999999        1.2341991999999999     
   128.00000000000000        1.1651728000000001        1.1168830000000001        1.2280616000000000     
   129.00000000000000        1.1605296000000001        1.1133372000000001        1.2221328000000000     
   130.00000000000000        1.1559864000000000        1.1098914000000000        1.2163039999999998     
   131.00000000000000        1.1516084000000002        1.1065739999999999        1.2106536000000001     
   132.00000000000000        1.1472967000000001        1.1033566000000001        1.2051031999999999     
   133.00000000000000        1.1430850000000001        1.1001676000000000        1.1996920000000000     
   134.00000000000000        1.1389722000000000        1.0971070000000001        1.1943503999999998     
   135.00000000000000        1.1350256999999999        1.0941464000000001        1.1892176000000001     
   136.00000000000000        1.1311455000000001        1.0912142000000000        1.1841543999999999     
   137.00000000000000        1.1273316000000002        1.0883820000000000        1.1791608000000000     
   138.00000000000000        1.1236503000000000        1.0856424000000000        1.1743367999999998     
   139.00000000000000        1.1201016000000001        1.0830028000000000        1.1696519999999999     
   140.00000000000000        1.1165529000000001        1.0803631999999999        1.1650760000000000     
   141.00000000000000        1.1131705000000001        1.0778520000000000        1.1606000000000001     
   142.00000000000000        1.1098207000000000        1.0754334000000001        1.1561935999999999     
   143.00000000000000        1.1066035000000001        1.0730506000000002        1.1519264000000000     
   144.00000000000000        1.1034200000000001        1.0707320000000000        1.1477287999999999     
   145.00000000000000        1.1003691000000000        1.0684775999999998        1.1436704000000000     
   146.00000000000000        1.0973508000000001        1.0663232000000000        1.1397119999999998     
   147.00000000000000        1.0944988000000000        1.0641972000000000        1.1357927999999999     
   148.00000000000000        1.0916468000000001        1.0621354000000001        1.1320432000000000     
   149.00000000000000        1.0889274000000002        1.0601377999999999        1.1282631999999999     
   150.00000000000000        1.0862080000000001        1.0582402000000002        1.1247224000000000     
   151.00000000000000        1.0836212000000001        1.0563709999999999        1.1211511999999999     
   152.00000000000000        1.0810344000000001        1.0545018000000002        1.1177496000000000     
   153.00000000000000        1.0785802000000002        1.0527968000000001        1.1143479999999999     
   154.00000000000000        1.0761259999999999        1.0510560000000000        1.1110856000000000     
   155.00000000000000        1.0738044000000000        1.0494152000000001        1.1078927999999999     
   156.00000000000000        1.0715490999999999        1.0477386000000002        1.1048392000000000     
   157.00000000000000        1.0693275000000000        1.0462262000000000        1.1017855999999999     
   158.00000000000000        1.0671385000000000        1.0447138000000000        1.0988015999999998     
   159.00000000000000        1.0650495000000002        1.0432298000000000        1.0959568000000000     
   160.00000000000000        1.0629931000000001        1.0417816000000000        1.0931120000000001     
   161.00000000000000        1.0610030000000001        1.0403975999999999        1.0903368000000000     
   162.00000000000000        1.0591129000000001        1.0390777999999998        1.0877311999999999     
   163.00000000000000        1.0572228000000001        1.0377221999999999        1.0850952000000000     
   164.00000000000000        1.0553653000000001        1.0364666000000000        1.0825591999999999     
   165.00000000000000        1.0536078000000000        1.0352752000000001        1.0800623999999999     
   166.00000000000000        1.0518828999999998        1.0340837999999999        1.0776352000000000     
   167.00000000000000        1.0501917000000001        1.0328924000000002        1.0753079999999999     
   168.00000000000000        1.0485668000000001        1.0318293999999999        1.0730200000000001     
   169.00000000000000        1.0470082000000001        1.0307021999999999        1.0707624000000000     
   170.00000000000000        1.0454159000000001        1.0296392000000001        1.0686439999999999     
   171.00000000000000        1.0439236000000001        1.0286404000000000        1.0664951999999999     
   172.00000000000000        1.0424975999999999        1.0276415999999999        1.0644464000000000     
   173.00000000000000        1.0410716000000000        1.0267070000000000        1.0624671999999999     
   174.00000000000000        1.0397118999999999        1.0257724000000001        1.0604880000000001     
   175.00000000000000        1.0384185000000001        1.0249020000000000        1.0585479999999998     
   176.00000000000000        1.0371250999999999        1.0239673999999999        1.0567080000000000     
   177.00000000000000        1.0358317000000001        1.0231612000000001        1.0549376000000001     
   178.00000000000000        1.0346046000000002        1.0223907999999999        1.0531672000000001     
   179.00000000000000        1.0334438000000001        1.0215846000000000        1.0514663999999998     
   180.00000000000000        1.0322830000000001        1.0207784000000000        1.0497656000000000     
   181.00000000000000        1.0311222000000000        1.0200364000000000        1.0481343999999999     
   182.00000000000000        1.0300940000000001        1.0192944000000002        1.0465728000000001     
   183.00000000000000        1.0289995000000001        1.0186524000000001        1.0450112000000000     
   184.00000000000000        1.0279713000000001        1.0179746000000001        1.0435192000000000     
   185.00000000000000        1.0269431000000000        1.0172968000000000        1.0420967999999999     
   186.00000000000000        1.0260149000000001        1.0166832000000001        1.0406743999999999     
   187.00000000000000        1.0251193000000001        1.0160412000000001        1.0392519999999998     
   188.00000000000000        1.0241574000000000        1.0154917999999999        1.0378992000000000     
   189.00000000000000        1.0232618000000000        1.0149140000000001        1.0366160000000000     
   190.00000000000000        1.0224662000000000        1.0143645999999999        1.0353327999999999     
   191.00000000000000        1.0216369000000001        1.0138152000000000        1.0341495999999999     
   192.00000000000000        1.0208076000000001        1.0133015999999999        1.0329359999999999     
   193.00000000000000        1.0200446000000001        1.0127522000000000        1.0317224000000000     
   194.00000000000000        1.0192490000000001        1.0122670000000000        1.0305784000000000     
   195.00000000000000        1.0185523000000001        1.0118176000000001        1.0295040000000000     
   196.00000000000000        1.0177893000000000        1.0113324000000001        1.0284599999999999     
   197.00000000000003        1.0171263000000001        1.0109471999999999        1.0273855999999999     
   198.00000000000000        1.0164295999999999        1.0104620000000000        1.0263807999999999     
   199.00000000000000        1.0158328999999999        1.0100768000000000        1.0254063999999998     
   200.00000000000000        1.0152025000000000        1.0096558000000002        1.0244016000000000     
   201.00000000000000        1.0145721000000001        1.0092706000000000        1.0234664000000000     
   202.00000000000000        1.0139754000000001        1.0089138000000000        1.0226312000000000     
   203.00000000000000        1.0134113000000000        1.0085286000000000        1.0216959999999999     
   204.00000000000000        1.0128146000000000        1.0081718000000000        1.0208303999999999     
   205.00000000000003        1.0123168000000000        1.0078507999999999        1.0200648000000001     
   206.00000000000000        1.0117864000000001        1.0074939999999999        1.0191992000000001     
   207.00000000000000        1.0112886000000001        1.0071730000000001        1.0184335999999998     
   208.00000000000000        1.0107582000000002        1.0068804000000000        1.0176376000000000     
   209.00000000000000        1.0102604000000002        1.0065594000000000        1.0169416000000000     
   210.00000000000003        1.0098626000000002        1.0063025999999999        1.0162152000000000     
   211.00000000000000        1.0093648000000000        1.0060099999999998        1.0154888000000000     
   212.00000000000000        1.0089669999999999        1.0057532000000000        1.0148623999999999     
   213.00000000000000        1.0085355000000000        1.0054605999999999        1.0141359999999997     
   214.00000000000000        1.0081377000000000        1.0052037999999999        1.0135095999999999     
   215.00000000000000        1.0077061999999999        1.0050112000000000        1.0129223999999999     
   216.00000000000000        1.0073747000000002        1.0047185999999999        1.0122959999999999     
   217.00000000000000        1.0069769000000002        1.0045260000000000        1.0117392000000001     
   218.00000000000003        1.0066117000000001        1.0043333999999999        1.0111520000000001     
   219.00000000000000        1.0062802000000000        1.0041050000000000        1.0105952000000000     
   220.00000000000000        1.0059150000000001        1.0038482000000000        1.0100776000000000     
   221.00000000000000        1.0055835000000002        1.0036556000000001        1.0095903999999998     
   222.00000000000000        1.0053183000000001        1.0034913999999999        1.0090728000000000     
   223.00000000000003        1.0049531000000000        1.0032988000000000        1.0085856000000000     
   224.00000000000000        1.0046879000000000        1.0031061999999999        1.0080984000000000     
   225.00000000000000        1.0043890000000002        1.0029420000000000        1.0076503999999999     
   226.00000000000000        1.0041237999999999        1.0027493999999999        1.0071631999999999     
   227.00000000000000        1.0038586000000000        1.0026210000000000        1.0067151999999999     
   228.00000000000000        1.0035597000000001        1.0023925999999999        1.0063671999999999     
   229.00000000000000        1.0033608000000001        1.0022641999999999        1.0059495999999999     
   230.00000000000000        1.0030956000000000        1.0021304000000000        1.0055015999999999     
   231.00000000000003        1.0028630000000001        1.0019608000000000        1.0051535999999999     
   232.00000000000000        1.0025978000000000        1.0018216000000000        1.0048056000000001     
   233.00000000000000        1.0023989000000000        1.0016824000000000        1.0044271999999999     
   234.00000000000000        1.0022000000000000        1.0015432000000000        1.0040791999999998     
   235.00000000000000        1.0019674000000001        1.0013736000000000        1.0037311999999998     
   236.00000000000003        1.0017685000000001        1.0012344000000000        1.0034223999999998     
   237.00000000000000        1.0016359000000001        1.0011647999999997        1.0030744000000000     
   238.00000000000000        1.0014033000000002        1.0010255999999997        1.0027960000000000     
   239.00000000000003        1.0012044000000000        1.0008560000000000        1.0024872000000000     
   240.00000000000000        1.0010718000000001        1.0007864000000000        1.0022088000000000     
   241.00000000000000        1.0008729000000001        1.0006472000000000        1.0019358000000000     
   242.00000000000000        1.0007066000000000        1.0005636800000000        1.0016790000000000     
   243.00000000000000        1.0005607400000001        1.0004358400000000        1.0014506000000001     
   244.00000000000003        1.0004148800000001        1.0003105600000000        1.0011937999999998     
   245.00000000000000        1.0002756499999998        1.0001644000000001        1.0010012000000001     
   246.00000000000000        1.0001027200000001        1.0000182399999999        1.0007085999999998     
   247.00000000000000       0.99997675000000008       0.99988599999999994        1.0005352599999999     
   248.00000000000000       0.99984415000000015       0.99971639999999984        1.0003362400000000     
   249.00000000000003       0.99972481000000002       0.99959111999999983        1.0001436400000001     
   250.00000000000000       0.99957176999999997       0.99946583999999983       0.99995375999999991     
   251.00000000000000       0.99945905999999995       0.99934751999999993       0.99988314000000011     
   252.00000000000003       0.99935298000000006       0.99923615999999993       0.99981893999999993     
   253.00000000000000       0.99924689999999994       0.99909439999999994       0.99975473999999998     
   254.00000000000000       0.99914082000000004       0.99898303999999993       0.99969054000000002     
   255.00000000000000       0.99900767000000001       0.99883688000000004       0.99959696000000009     
   256.00000000000000       0.99891485000000013       0.99866984000000003       0.99953918000000008     
   257.00000000000000       0.99882203000000014       0.99851672000000002       0.99948139999999996     
   258.00000000000000       0.99873584000000015       0.99833320000000003       0.99943004000000002     
   259.00000000000000       0.99864965000000006       0.99818008000000003       0.99937868000000007     
   260.00000000000000       0.99853639000000005       0.99804088000000002       0.99929151999999999     
   261.00000000000000       0.99845683000000007       0.99790168000000001       0.99924016000000004     
   262.00000000000000       0.99837726999999998       0.99776943999999990       0.99919521999999994     
   263.00000000000000       0.99830434000000001       0.99764415999999989       0.99915027999999995     
   264.00000000000000       0.99823141000000004       0.99748847999999990       0.99910534000000006     
   265.00000000000000       0.99813141000000005       0.99737016000000001       0.99903102000000010     
   266.00000000000000       0.99806510999999998       0.99725880000000000       0.99898608000000011     
   267.00000000000000       0.99799881000000012       0.99714744000000000       0.99894755999999996     
   268.00000000000000       0.99793913999999995       0.99703607999999999       0.99890904000000003     
   269.00000000000000       0.99787946999999999       0.99693863999999999       0.99887693999999994     
   270.00000000000000       0.99782643000000015       0.99680383999999989       0.99883842000000000     
   271.00000000000000       0.99773306000000017       0.99671335999999999       0.99877052000000011     
   272.00000000000000       0.99768665000000012       0.99661591999999999       0.99873842000000002     
   273.00000000000000       0.99763361000000017       0.99653239999999998       0.99870631999999993     
   274.00000000000000       0.99758720000000012       0.99644887999999998       0.99867422000000006     
   275.00000000000000       0.99754079000000007       0.99636535999999998       0.99864854000000003     
   276.00000000000000       0.99749438000000012       0.99625143999999999       0.99861643999999994     
   277.00000000000000       0.99744797000000007       0.99618183999999999       0.99859075999999991     
   278.00000000000000       0.99737449000000011       0.99610528000000009       0.99852928000000007     
   279.00000000000000       0.99733471000000007       0.99603568000000009       0.99850360000000005     
   280.00000000000000       0.99729493000000013       0.99596608000000009       0.99847792000000002     
   281.00000000000000       0.99726178000000010       0.99590343999999997       0.99845224000000010     
   282.00000000000000       0.99722200000000005       0.99584080000000008       0.99843298000000003     
   283.00000000000000       0.99718885000000002       0.99575471999999998       0.99841372000000006     
   284.00000000000000       0.99715570000000009       0.99569903999999998       0.99838804000000003     
   285.00000000000000       0.99709548000000003       0.99564335999999998       0.99836877999999996     
   286.00000000000000       0.99706233000000011       0.99558767999999997       0.99834951999999999     
   287.00000000000000       0.99703581000000008       0.99553895999999997       0.99829446000000011     
   288.00000000000000       0.99700929000000005       0.99549023999999997       0.99828161999999998     
   289.00000000000000       0.99698277000000024       0.99544151999999997       0.99826236000000002     
   290.00000000000000       0.99695625000000021       0.99536935999999998       0.99824310000000005     
   291.00000000000000       0.99693636000000008       0.99532759999999998       0.99823026000000015     
   292.00000000000000       0.99690984000000005       0.99528583999999998       0.99821100000000018     
   293.00000000000000       0.99685625000000000       0.99525103999999986       0.99819816000000006     
   294.00000000000000       0.99683636000000009       0.99521623999999997       0.99818532000000015     
   295.00000000000000       0.99681646999999995       0.99518143999999986       0.99817248000000003     
   296.00000000000000       0.99679658000000004       0.99514663999999997       0.99812383999999998     
   297.00000000000000       0.99678332000000003       0.99511183999999986       0.99811099999999997     
   298.00000000000000       0.99676343000000001       0.99508399999999986       0.99809815999999996     
   299.00000000000000       0.99675016999999999       0.99502575999999987       0.99809173999999989     
   300.00000000000000       0.99673028000000008       0.99499791999999987       0.99807889999999988     
   301.00000000000000       0.99671702000000006       0.99497007999999987       0.99806605999999998     
   302.00000000000000       0.99670376000000005       0.99494919999999998       0.99805963999999991     
   303.00000000000000       0.99665680000000001       0.99492831999999987       0.99805321999999996     
   304.00000000000000       0.99665017000000000       0.99490743999999998       0.99804037999999995     
   305.00000000000000       0.99663690999999999       0.99488655999999986       0.99803396000000000     
   306.00000000000000       0.99662364999999997       0.99486567999999997       0.99802753999999994     
   307.00000000000000       0.99661701999999996       0.99484479999999986       0.99798531999999995     
   308.00000000000000       0.99660375999999995       0.99483087999999986       0.99797247999999994     
   309.00000000000000       0.99659713000000005       0.99478655999999988       0.99796605999999999     
   310.00000000000000       0.99659049999999993       0.99477263999999987       0.99796605999999999     
   311.00000000000000       0.99658387000000004       0.99475871999999987       0.99795963999999993     
   312.00000000000000       0.99657724000000003       0.99474479999999987       0.99795321999999997     
   313.00000000000000       0.99657061000000002       0.99473087999999987       0.99794679999999991     
   314.00000000000000       0.99653027999999999       0.99472391999999998       0.99794037999999996     
   315.00000000000000       0.99652365000000009       0.99470999999999998       0.99794037999999996     
   316.00000000000000       0.99652365000000009       0.99470303999999987       0.99793396000000001     
   317.00000000000000       0.99651701999999998       0.99469607999999998       0.99792753999999995     
   318.00000000000000       0.99651039000000008       0.99468911999999987       0.99792753999999995     
   319.00000000000000       0.99651039000000008       0.99468215999999998       0.99788531999999996     
   320.00000000000000       0.99651039000000008       0.99467519999999987       0.99788531999999996     
   321.00000000000000       0.99650375999999996       0.99464479999999988       0.99787889999999990     
   322.00000000000000       0.99650375999999996       0.99463783999999988       0.99787889999999990     
   323.00000000000000       0.99650375999999996       0.99463087999999988       0.99787889999999990     
   324.00000000000000       0.99649713000000006       0.99463087999999988       0.99787248000000006     
   325.00000000000000       0.99649713000000006       0.99463087999999988       0.99787248000000006     
   326.00000000000000       0.99649713000000006       0.99462391999999988       0.99787248000000006     
   327.00000000000000       0.99649713000000006       0.99462391999999988       0.99787248000000006     
   328.00000000000000       0.99646342999999993       0.99462391999999988       0.99787248000000006     
   329.00000000000000       0.99646342999999993       0.99462391999999988       0.99787248000000006     
   330.00000000000000       0.99647006000000005       0.99462391999999988       0.99786606000000000     
   331.00000000000000       0.99647006000000005       0.99463087999999988       0.99786606000000000     
   332.00000000000000       0.99647006000000005       0.99463087999999988       0.99786606000000000     
   333.00000000000000       0.99647006000000005       0.99463087999999988       0.99786606000000000     
   334.00000000000000       0.99647668999999994       0.99463783999999988       0.99783668000000003     
   335.00000000000000       0.99647668999999994       0.99460743999999990       0.99783668000000003     
   336.00000000000000       0.99647668999999994       0.99461439999999990       0.99783668000000003     
   337.00000000000000       0.99648332000000006       0.99461439999999990       0.99783668000000003     
   338.00000000000000       0.99648332000000006       0.99462135999999990       0.99783668000000003     
   339.00000000000000       0.99648994999999996       0.99462831999999990       0.99783668000000003     
   340.00000000000000       0.99648994999999996       0.99462831999999990       0.99783668000000003     
   341.00000000000000       0.99649658000000008       0.99463527999999990       0.99784309999999998     
   342.00000000000000       0.99650320999999997       0.99464223999999990       0.99784309999999998     
   343.00000000000000       0.99650320999999997       0.99464919999999990       0.99784309999999998     
   344.00000000000000       0.99647614000000007       0.99465615999999990       0.99784952000000005     
   345.00000000000000       0.99648277000000007       0.99466311999999990       0.99784952000000005     
   346.00000000000000       0.99648277000000007       0.99467007999999990       0.99784952000000005     
   347.00000000000000       0.99648939999999997       0.99467703999999990       0.99785594000000000     
   348.00000000000000       0.99649603000000009       0.99468399999999990       0.99785594000000000     
   349.00000000000000       0.99650265999999998       0.99469791999999990       0.99785594000000000     
   350.00000000000000       0.99650929000000010       0.99470487999999990       0.99786236000000006     
   351.00000000000000       0.99650929000000010       0.99471183999999990       0.99786236000000006     
   352.00000000000000       0.99651592000000000       0.99471879999999990       0.99786878000000001     
   353.00000000000000       0.99652255000000001       0.99470231999999992       0.99783297999999998     
   354.00000000000000       0.99652918000000001       0.99470927999999992       0.99783939999999993     
   355.00000000000000       0.99653581000000002       0.99472319999999992       0.99783939999999993     
   356.00000000000000       0.99654244000000003       0.99473015999999992       0.99784581999999999     
   357.00000000000000       0.99654907000000004       0.99474407999999992       0.99784581999999999     
   358.00000000000000       0.99655570000000004       0.99475103999999992       0.99785223999999995     
   359.00000000000000       0.99656233000000005       0.99476495999999992       0.99785223999999995     
   360.00000000000000       0.99656896000000006       0.99477191999999992       0.99785866000000001     
   361.00000000000000       0.99657559000000007       0.99478583999999992       0.99786507999999996     
   362.00000000000000       0.99658885000000008       0.99479279999999992       0.99786507999999996     
   363.00000000000000       0.99659548000000009       0.99480671999999992       0.99787149999999991     
   364.00000000000000       0.99656840999999996       0.99482063999999992       0.99787791999999997     
   365.00000000000000       0.99657504000000008       0.99482759999999992       0.99787791999999997     
   366.00000000000000       0.99658166999999998       0.99484151999999992       0.99788433999999993     
   367.00000000000000       0.99658830000000009       0.99485543999999992       0.99789075999999999     
   368.00000000000000       0.99659492999999999       0.99486935999999992       0.99789075999999999     
   369.00000000000000       0.99660819000000000       0.99487631999999993       0.99789717999999994     
   370.00000000000000       0.99661482000000001       0.99489023999999993       0.99790359999999989     
   371.00000000000000       0.99662145000000002       0.99490415999999993       0.99790359999999989     
   372.00000000000000       0.99662808000000003       0.99491807999999993       0.99791001999999995     
   373.00000000000000       0.99664134000000004       0.99493199999999993       0.99791643999999990     
   374.00000000000000       0.99664796999999994       0.99493895999999993       0.99792285999999997     
   375.00000000000000       0.99665460000000006       0.99495287999999993       0.99792285999999997     
   376.00000000000000       0.99666122999999995       0.99493639999999994       0.99789347999999989     
   377.00000000000000       0.99667448999999997       0.99495031999999994       0.99789989999999995     
   378.00000000000000       0.99668111999999998       0.99496423999999994       0.99790632000000001     
   379.00000000000000       0.99668774999999998       0.99497815999999994       0.99791273999999985     
   380.00000000000000       0.99670101000000000       0.99499207999999995       0.99791273999999985     
   381.00000000000000       0.99670764000000001       0.99500599999999995       0.99791915999999992     
   382.00000000000000       0.99671427000000001       0.99501991999999995       0.99792557999999998     
   383.00000000000000       0.99672753000000003       0.99503383999999995       0.99793200000000004     
   384.00000000000000       0.99673416000000004       0.99504775999999995       0.99793841999999988     
   385.00000000000000       0.99674079000000004       0.99506167999999995       0.99793841999999988     
   386.00000000000000       0.99675405000000006       0.99507559999999995       0.99794483999999994     
   387.00000000000000       0.99676067999999995       0.99508951999999995       0.99795126000000001     
   388.00000000000000       0.99677393999999997       0.99510343999999995       0.99795768000000007     
   389.00000000000006       0.99678057000000009       0.99511735999999995       0.99796409999999991     
   390.00000000000000       0.99678719999999998       0.99513127999999995       0.99797051999999997     
   391.00000000000000       0.99676676000000008       0.99514519999999995       0.99797694000000003     
   392.00000000000000       0.99677338999999998       0.99515911999999995       0.99797694000000003     
   393.00000000000000       0.99678665000000000       0.99517303999999995       0.99798336000000010     
   394.00000000000006       0.99679328000000011       0.99518695999999995       0.99798977999999994     
   395.00000000000000       0.99679991000000001       0.99520087999999995       0.99799620000000000     
   396.00000000000000       0.99681317000000003       0.99521479999999996       0.99800262000000006     
   397.00000000000000       0.99681980000000014       0.99522871999999996       0.99800903999999990     
   398.00000000000000       0.99683306000000016       0.99524263999999996       0.99801545999999997     
   399.00000000000006       0.99683969000000006       0.99525655999999996       0.99802188000000003     
   400.00000000000000       0.99684632000000017       0.99527743999999996       0.99802830000000009     
   401.00000000000000       0.99685957999999997       0.99529135999999996       0.99802830000000009     
   402.00000000000000       0.99686621000000009       0.99530527999999996       0.99803471999999993     
   403.00000000000000       0.99687947000000010       0.99531919999999996       0.99804113999999999     
   404.00000000000000       0.99688610000000000       0.99533311999999996       0.99804756000000006     
   405.00000000000000       0.99689936000000001       0.99534703999999996       0.99805397999999990     
   406.00000000000000       0.99690598999999991       0.99536095999999996       0.99806039999999996     
   407.00000000000000       0.99691924999999992       0.99537487999999996       0.99803101999999999     
   408.00000000000000       0.99692588000000004       0.99535839999999998       0.99803744000000005     
   409.00000000000000       0.99693250999999994       0.99537231999999998       0.99804386000000000     
   410.00000000000006       0.99694576999999995       0.99538623999999998       0.99805027999999996     
   411.00000000000000       0.99695240000000007       0.99540711999999998       0.99805670000000002     
   412.00000000000000       0.99696566000000009       0.99542103999999998       0.99806311999999997     
   413.00000000000000       0.99697228999999998       0.99543495999999998       0.99806954000000003     
   414.00000000000000       0.99698555000000000       0.99544887999999998       0.99807595999999998     
   415.00000000000006       0.99699218000000012       0.99546279999999998       0.99807595999999998     
   416.00000000000000       0.99700544000000013       0.99547671999999998       0.99808237999999994     
   417.00000000000000       0.99701207000000003       0.99549063999999998       0.99808880000000000     
   418.00000000000000       0.99702533000000004       0.99550455999999998       0.99809521999999995     
   419.00000000000000       0.99703195999999994       0.99551847999999998       0.99810164000000001     
   420.00000000000006       0.99703859000000006       0.99553935999999998       0.99810805999999996     
   421.00000000000000       0.99705185000000007       0.99555327999999998       0.99811448000000003     
   422.00000000000000       0.99705847999999997       0.99556719999999999       0.99812089999999998     
   423.00000000000000       0.99707173999999998       0.99558111999999988       0.99812732000000004     
   424.00000000000000       0.99707837000000010       0.99559503999999999       0.99813373999999999     
   425.00000000000006       0.99709163000000012       0.99560895999999999       0.99814016000000005     
   426.00000000000000       0.99709826000000001       0.99562287999999999       0.99814658000000001     
   427.00000000000000       0.99711152000000003       0.99563679999999999       0.99815300000000007     
   428.00000000000000       0.99711814999999993       0.99565071999999988       0.99815942000000002     
   429.00000000000000       0.99713140999999994       0.99566463999999999       0.99816584000000008     
   430.00000000000000       0.99710434000000014       0.99567855999999999       0.99817226000000003     
   431.00000000000006       0.99711097000000004       0.99569943999999988       0.99817868000000010     
   432.00000000000000       0.99712423000000006       0.99571335999999999       0.99818510000000005     
   433.00000000000000       0.99713085999999995       0.99572727999999999       0.99818510000000005     
   434.00000000000000       0.99714411999999997       0.99574119999999999       0.99819152000000000     
   435.00000000000000       0.99715075000000009       0.99575511999999999       0.99819794000000006     
   436.00000000000006       0.99716401000000010       0.99576903999999988       0.99820436000000001     
   437.00000000000000       0.99717064000000000       0.99578295999999988       0.99821078000000008     
   438.00000000000000       0.99718390000000001       0.99579688000000000       0.99821720000000003     
   439.00000000000000       0.99719052999999991       0.99581080000000000       0.99822361999999998     
   440.00000000000000       0.99719716000000003       0.99582472000000000       0.99823004000000004     
   441.00000000000006       0.99721042000000004       0.99583864000000000       0.99823645999999999     
   442.00000000000000       0.99721704999999994       0.99585255999999989       0.99824288000000005     
   443.00000000000000       0.99723030999999995       0.99586648000000000       0.99824930000000001     
   444.00000000000000       0.99723694000000007       0.99588040000000000       0.99825571999999996     
   445.00000000000000       0.99725020000000009       0.99589432000000000       0.99826214000000002     
   446.00000000000006       0.99725682999999998       0.99590824000000000       0.99826855999999997     
   447.00000000000000       0.99726346000000010       0.99592215999999989       0.99827498000000003     
   448.00000000000000       0.99727671999999989       0.99593607999999989       0.99828139999999999     
   449.00000000000000       0.99728335000000001       0.99595000000000000       0.99828782000000005     
   450.00000000000000       0.99729661000000003       0.99596392000000000       0.99828782000000005     
   451.00000000000006       0.99730323999999992       0.99597784000000000       0.99829424000000000     
   452.00000000000000       0.99731649999999994       0.99599176000000000       0.99826485999999992     
   453.00000000000000       0.99732313000000006       0.99600567999999989       0.99827127999999998     
   454.00000000000000       0.99732975999999995       0.99601959999999989       0.99827769999999993     
   455.00000000000000       0.99734301999999997       0.99603352000000001       0.99828412000000000     
   456.00000000000000       0.99734965000000009       0.99604744000000001       0.99829053999999995     
   457.00000000000006       0.99736291000000010       0.99606136000000001       0.99829695999999990     
   458.00000000000000       0.99736954000000000       0.99607527999999990       0.99830337999999996     
   459.00000000000000       0.99737617000000012       0.99608919999999990       0.99830979999999991     
   460.00000000000000       0.99738942999999991       0.99610311999999990       0.99831621999999998     
   461.00000000000000       0.99739606000000003       0.99608663999999991       0.99832263999999993     
   462.00000000000006       0.99740268999999993       0.99610055999999991       0.99832905999999999     
   463.00000000000000       0.99741594999999994       0.99611447999999991       0.99832905999999999     
   464.00000000000000       0.99742258000000006       0.99612839999999991       0.99833547999999994     
   465.00000000000000       0.99743584000000007       0.99614231999999991       0.99834190000000000     
   466.00000000000000       0.99744246999999997       0.99615623999999992       0.99834831999999996     
   467.00000000000006       0.99744910000000009       0.99617015999999992       0.99835474000000002     
   468.00000000000000       0.99746236000000010       0.99618407999999992       0.99836115999999997     
   469.00000000000000       0.99746899000000000       0.99619799999999992       0.99836758000000003     
   470.00000000000000       0.99747562000000012       0.99621191999999992       0.99837399999999998     
   471.00000000000000       0.99748887999999991       0.99622583999999992       0.99838042000000005     
   472.00000000000006       0.99749551000000003       0.99623975999999992       0.99838684000000000     
   473.00000000000000       0.99750213999999993       0.99624671999999981       0.99839326000000006     
   474.00000000000000       0.99751539999999994       0.99626063999999981       0.99839326000000006     
   475.00000000000000       0.99752203000000006       0.99627455999999981       0.99839968000000001     
   476.00000000000000       0.99752865999999996       0.99628848000000003       0.99840609999999996     
   477.00000000000006       0.99754191999999997       0.99630240000000003       0.99841252000000003     
   478.00000000000006       0.99754855000000009       0.99631631999999981       0.99841893999999998     
   479.00000000000000       0.99755517999999999       0.99633023999999981       0.99842536000000004     
   480.00000000000000       0.99756844000000000       0.99634415999999981       0.99843177999999999     
   481.00000000000000       0.99757507000000012       0.99635111999999992       0.99843819999999994     
   482.00000000000000       0.99758170000000002       0.99636503999999992       0.99844462000000000     
   483.00000000000006       0.99759496000000003       0.99637895999999992       0.99844462000000000     
   484.00000000000000       0.99760158999999993       0.99639287999999993       0.99845103999999996     
   485.00000000000000       0.99760822000000005       0.99640679999999993       0.99845746000000002     
   486.00000000000000       0.99762148000000006       0.99642071999999993       0.99846387999999997     
   487.00000000000000       0.99762810999999996       0.99642767999999982       0.99847029999999992     
   488.00000000000006       0.99763474000000008       0.99644160000000004       0.99847671999999998     
   489.00000000000000       0.99764136999999997       0.99645552000000004       0.99848313999999994     
   490.00000000000000       0.99765462999999999       0.99646943999999982       0.99848313999999994     
   491.00000000000000       0.99766126000000011       0.99648335999999982       0.99848956000000000     
   492.00000000000000       0.99766789000000000       0.99649031999999993       0.99849597999999995     
   493.00000000000006       0.99764082000000009       0.99650423999999993       0.99850240000000001     
   494.00000000000000       0.99765408000000011       0.99651815999999993       0.99850881999999996     
   495.00000000000000       0.99766071000000001       0.99653207999999993       0.99851523999999992     
   496.00000000000000       0.99766734000000012       0.99654599999999993       0.99852165999999998     
   497.00000000000000       0.99768060000000003       0.99655295999999982       0.99852165999999998     
   498.00000000000006       0.99768723000000004       0.99656687999999982       0.99852807999999993     
   499.00000000000000       0.99769386000000004       0.99658079999999982       0.99853449999999999     
   500.00000000000000       0.99770049000000005       0.99659471999999982       0.99854091999999994     
   501.00000000000000       0.99770712000000006       0.99660167999999993       0.99854734000000001     
   502.00000000000000       0.99772038000000007       0.99661559999999993       0.99855375999999996     
   503.00000000000006       0.99772701000000008       0.99662951999999994       0.99855375999999996     
   504.00000000000006       0.99773364000000009       0.99664343999999994       0.99856018000000002     
   505.00000000000000       0.99774027000000010       0.99665039999999983       0.99856659999999997     
   506.00000000000000       0.99775353000000011       0.99666431999999983       0.99857301999999992     
   507.00000000000000       0.99776016000000001       0.99667823999999983       0.99857943999999998     
   508.00000000000000       0.99776679000000001       0.99668519999999994       0.99858585999999994     
   509.00000000000006       0.99777342000000002       0.99669911999999994       0.99858585999999994     
   510.00000000000000       0.99778005000000003       0.99671303999999994       0.99859228000000000     
   511.00000000000000       0.99779331000000004       0.99672695999999994       0.99859869999999995     
   512.00000000000000       0.99779994000000005       0.99673391999999983       0.99860512000000001     
   513.00000000000000       0.99780657000000006       0.99674783999999983       0.99861153999999996     
   514.00000000000000       0.99781320000000007       0.99676175999999983       0.99861153999999996     
   515.00000000000000       0.99781983000000007       0.99676871999999994       0.99861796000000003     
   516.00000000000000       0.99783309000000009       0.99678263999999994       0.99862437999999998     
   517.00000000000000       0.99783971999999999       0.99679655999999994       0.99863080000000004     
   518.00000000000000       0.99784635000000010       0.99680351999999983       0.99863721999999999     
   519.00000000000000       0.99785298000000000       0.99681743999999983       0.99863721999999999     
   520.00000000000000       0.99785961000000001       0.99682439999999994       0.99864364000000005     
   521.00000000000000       0.99786624000000002       0.99683831999999994       0.99865006000000001     
   522.00000000000000       0.99787950000000003       0.99685223999999995       0.99865647999999996     
   523.00000000000000       0.99788613000000004       0.99685919999999983       0.99866290000000002     
   524.00000000000000       0.99789276000000005       0.99687311999999983       0.99866290000000002     
   525.00000000000000       0.99789939000000005       0.99688703999999984       0.99866931999999997     
   526.00000000000000       0.99790602000000006       0.99689399999999995       0.99867574000000003     
   527.00000000000000       0.99791265000000007       0.99690791999999995       0.99864635999999996     
   528.00000000000000       0.99791928000000008       0.99691487999999984       0.99865278000000002     
   529.00000000000000       0.99793254000000009       0.99692880000000006       0.99865278000000002     
   530.00000000000000       0.99793916999999999       0.99693575999999995       0.99865920000000008     
   531.00000000000000       0.99794580000000011       0.99694967999999995       0.99866561999999992     
   532.00000000000000       0.99795243000000000       0.99696359999999995       0.99867203999999998     
   533.00000000000000       0.99795906000000012       0.99697055999999984       0.99867203999999998     
   534.00000000000000       0.99796569000000002       0.99698447999999984       0.99867846000000005     
   535.00000000000000       0.99797232000000002       0.99699143999999995       0.99868487999999989     
   536.00000000000000       0.99797895000000003       0.99700535999999995       0.99869129999999995     
   537.00000000000000       0.99799221000000005       0.99701231999999984       0.99869129999999995     
   538.00000000000000       0.99799884000000005       0.99702623999999984       0.99869772000000001     
   539.00000000000000       0.99800547000000006       0.99703319999999995       0.99870414000000007     
   540.00000000000000       0.99801210000000007       0.99704711999999995       0.99871055999999991     
   541.00000000000000       0.99801873000000008       0.99706103999999995       0.99871055999999991     
   542.00000000000000       0.99802536000000008       0.99706799999999984       0.99871697999999998     
   543.00000000000000       0.99803199000000009       0.99708191999999984       0.99872340000000004     
   544.00000000000000       0.99803862000000010       0.99708887999999996       0.99872981999999988     
   545.00000000000000       0.99804525000000011       0.99710279999999996       0.99872981999999988     
   546.00000000000000       0.99805188000000000       0.99710975999999985       0.99873623999999994     
   547.00000000000000       0.99805851000000012       0.99712367999999985       0.99874266000000000     
   548.00000000000000       0.99806514000000002       0.99713063999999996       0.99874266000000000     
   549.00000000000000       0.99807177000000002       0.99713759999999985       0.99874908000000007     
   550.00000000000000       0.99808503000000004       0.99715151999999985       0.99875549999999991     
