   1.0000000000000000        1.4864265000000002E-002 -0.98513505000000001        0.0000000000000000        0.0000000000000000        0.0000000000000000     
   2.0000000000000000       0.15190786000000001      -0.84809213999999999        0.0000000000000000        0.0000000000000000        0.0000000000000000     
   3.0000000000000000       0.30017920000000003      -0.69982080000000002        0.0000000000000000        0.0000000000000000        0.0000000000000000     
   4.0000000000000000       0.41177232000000008      -0.58822768000000003        0.0000000000000000        0.0000000000000000        0.0000000000000000     
   5.0000000000000000       0.49339389000000011      -0.50660611000000011        0.0000000000000000        0.0000000000000000        0.0000000000000000     
   6.0000000000000000       0.55437146000000004      -0.44562854000000007        0.0000000000000000        0.0000000000000000        0.0000000000000000     
   7.0000000000000000       0.60141646000000004      -0.39858354000000001        0.0000000000000000        0.0000000000000000        0.0000000000000000     
   8.0000000000000000       0.63863098000000007      -0.36136902000000004        0.0000000000000000        0.0000000000000000        0.0000000000000000     
   9.0000000000000000       0.66874612000000000      -0.33125388000000006        0.0000000000000000        0.0000000000000000        0.0000000000000000     
   10.000000000000000       0.69359590999999998      -0.30640409000000002        0.0000000000000000        0.0000000000000000        0.0000000000000000     
   11.000000000000000       0.71443753000000010      -0.28556247000000001        0.0000000000000000        0.0000000000000000        0.0000000000000000     
   12.000000000000000       0.73217794000000003      -0.26782206000000003        0.0000000000000000        0.0000000000000000        0.0000000000000000     
   13.000000000000000       0.74743746999999994      -0.25256253000000001        0.0000000000000000        0.0000000000000000        0.0000000000000000     
   14.000000000000000       0.76073286000000007      -0.23926714000000002        0.0000000000000000        0.0000000000000000        0.0000000000000000     
   15.000000000000000       0.77242759000000016      -0.22757241000000003        0.0000000000000000        0.0000000000000000        0.0000000000000000     
   16.000000000000000       0.78278851000000005      -0.21721149000000003        0.0000000000000000        0.0000000000000000        0.0000000000000000     
   17.000000000000000       0.79204236000000006      -0.20795764000000000        0.0000000000000000        0.0000000000000000        0.0000000000000000     
   18.000000000000000       0.80035914000000008      -0.19964086000000000        0.0000000000000000        0.0000000000000000        0.0000000000000000     
   19.000000000000000       0.80787896000000003      -0.19212104000000002        0.0000000000000000        0.0000000000000000        0.0000000000000000     
   20.000000000000000       0.81472519000000010      -0.18527481000000001        0.0000000000000000        0.0000000000000000        0.0000000000000000     
   21.000000000000000       0.82098446000000003      -0.17901554000000000        0.0000000000000000        0.0000000000000000        0.0000000000000000     
   22.000000000000000       0.82672687999999994      -0.17327312000000000        0.0000000000000000        0.0000000000000000        0.0000000000000000     
   23.000000000000000       0.83202908000000009      -0.16797092000000002        0.0000000000000000        0.0000000000000000        0.0000000000000000     
   24.000000000000000       0.83693780000000007      -0.16306220000000002        0.0000000000000000        0.0000000000000000        0.0000000000000000     
   25.000000000000000       0.84150304000000009      -0.15849695999999999        0.0000000000000000        0.0000000000000000        0.0000000000000000     
   26.000000000000000       0.84575479999999992      -0.15424486300000001        0.0000000000000000        0.0000000000000000        0.0000000000000000     
   27.000000000000000       0.84973971000000015      -0.15025927900000002        0.0000000000000000        0.0000000000000000        0.0000000000000000     
   28.000000000000000       0.85347788000000002      -0.14652380500000001        0.0000000000000000        0.0000000000000000        0.0000000000000000     
   29.000000000000000       0.85699583000000001      -0.14300248500000001        0.0000000000000000        0.0000000000000000        0.0000000000000000     
   30.000000000000000       0.86031703999999998      -0.13968161200000001        0.0000000000000000        0.0000000000000000        0.0000000000000000     
   31.000000000000000       0.86345151000000009      -0.13654781600000002        0.0000000000000000        0.0000000000000000        0.0000000000000000     
   32.000000000000000       0.86643249999999994      -0.13356884800000002        0.0000000000000000        0.0000000000000000        0.0000000000000000     
   33.000000000000000       0.86926001000000008      -0.13073965300000001        0.0000000000000000        0.0000000000000000        0.0000000000000000     
   34.000000000000000       0.87195078000000004      -0.12804888300000000        0.0000000000000000        0.0000000000000000        0.0000000000000000     
   35.000000000000000       0.87451481000000009      -0.12548620100000002        0.0000000000000000        0.0000000000000000        0.0000000000000000     
   36.000000000000000       0.87697199000000003      -0.12302834700000000        0.0000000000000000        0.0000000000000000        0.0000000000000000     
   37.000000000000000       0.87931580000000009      -0.12068487400000000        0.0000000000000000        0.0000000000000000        0.0000000000000000     
   38.000000000000000       0.88156613000000006      -0.11843387000000000        0.0000000000000000        0.0000000000000000        0.0000000000000000     
   39.000000000000000       0.88372634999999999      -0.11627230199999999        0.0000000000000000        0.0000000000000000        0.0000000000000000     
   40.000000000000000       0.88580320000000012      -0.11419781100000001        0.0000000000000000        0.0000000000000000        0.0000000000000000     
   41.000000000000000       0.88780320000000001      -0.11219545200000001        0.0000000000000000        0.0000000000000000        0.0000000000000000     
   42.000000000000000       0.88972983000000005      -0.11027017000000000        0.0000000000000000        0.0000000000000000        0.0000000000000000     
   43.000000000000000       0.89158635000000008      -0.10841297600000001        0.0000000000000000        0.0000000000000000        0.0000000000000000     
   44.000000000000000       0.89338275999999994      -0.10661589200000000        0.0000000000000000        0.0000000000000000        0.0000000000000000     
   45.000000000000000       0.89512243000000002      -0.10487790700000001        0.0000000000000000        0.0000000000000000        0.0000000000000000     
   46.000000000000000       0.89680199000000005      -0.10319733600000000        0.0000000000000000        0.0000000000000000        0.0000000000000000     
   47.000000000000000       0.89843481000000014      -0.10156653800000001        0.0000000000000000        0.0000000000000000        0.0000000000000000     
   48.000000000000000       0.90000752000000017       -9.9990795000000007E-002   0.0000000000000000        0.0000000000000000        0.0000000000000000     
   49.000000000000000       0.90154349000000011       -9.8456173000000008E-002   0.0000000000000000        0.0000000000000000        0.0000000000000000     
   50.000000000000000       0.90303935000000013       -9.6961324000000002E-002   0.0000000000000000        0.0000000000000000        0.0000000000000000     
   51.000000000000000       0.90448846999999999       -9.5512204000000003E-002   0.0000000000000000        0.0000000000000000        0.0000000000000000     
   52.000000000000000       0.90589748000000003       -9.4101172000000011E-002   0.0000000000000000        0.0000000000000000        0.0000000000000000     
   53.000000000000000       0.90727312000000004       -9.2727553999999990E-002   0.0000000000000000        0.0000000000000000        0.0000000000000000     
   54.000000000000000       0.90860865000000002       -9.1390339000000001E-002   0.0000000000000000        0.0000000000000000        0.0000000000000000     
   55.000000000000000       0.90991744000000008       -9.0082560000000006E-002   0.0000000000000000        0.0000000000000000        0.0000000000000000     
   56.000000000000000       0.91118949000000016       -8.8809836000000003E-002   0.0000000000000000        0.0000000000000000        0.0000000000000000     
   57.000000000000000       0.91243480000000010       -8.7565200000000010E-002   0.0000000000000000        0.0000000000000000        0.0000000000000000     
   58.000000000000000       0.91365337000000002       -8.6347978000000020E-002   0.0000000000000000        0.0000000000000000        0.0000000000000000     
   59.000000000000007       0.91483519999999996       -8.5163789000000018E-002   0.0000000000000000        0.0000000000000000        0.0000000000000000     
   60.000000000000000       0.91600029000000016       -8.3999035999999999E-002   0.0000000000000000        0.0000000000000000        0.0000000000000000     
   61.000000000000007       0.91713864000000012       -8.2860011999999997E-002   0.0000000000000000        0.0000000000000000        0.0000000000000000     
   62.000000000000000       0.91825362000000010       -8.1746380000000007E-002   0.0000000000000000        0.0000000000000000        0.0000000000000000     
   63.000000000000007       0.91934848999999996       -8.0650161999999997E-002   0.0000000000000000        0.0000000000000000        0.0000000000000000     
   64.000000000000000       0.92041999000000008       -7.9578325000000005E-002   0.0000000000000000        0.0000000000000000        0.0000000000000000     
   65.000000000000000       0.92146812000000000       -7.8530195000000011E-002   0.0000000000000000        0.0000000000000000        0.0000000000000000     
   66.000000000000000       0.92250288000000003       -7.7498805000000004E-002   0.0000000000000000        0.0000000000000000        0.0000000000000000     
   67.000000000000000       0.92351090000000013       -7.6489774000000010E-002   0.0000000000000000        0.0000000000000000        0.0000000000000000     
   68.000000000000000       0.92450217999999995       -7.5496808999999998E-002   0.0000000000000000        0.0000000000000000        0.0000000000000000     
   69.000000000000000       0.92548008999999998       -7.4518899000000000E-002   0.0000000000000000        0.0000000000000000        0.0000000000000000     
   70.000000000000000       0.92643800000000009       -7.3563011000000011E-002   0.0000000000000000        0.0000000000000000        0.0000000000000000     
   71.000000000000000       0.92737917000000003       -7.2621504000000003E-002   0.0000000000000000        0.0000000000000000        0.0000000000000000     
   72.000000000000000       0.92830696999999995       -7.1691726000000011E-002   0.0000000000000000        0.0000000000000000        0.0000000000000000     
   73.000000000000000       0.92921803000000003       -7.0778969999999997E-002   0.0000000000000000        0.0000000000000000        0.0000000000000000     
   74.000000000000000       0.93011909000000004       -6.9880584000000009E-002   0.0000000000000000        0.0000000000000000        0.0000000000000000     
   75.000000000000000       0.93100340999999998       -6.8996231000000005E-002   0.0000000000000000        0.0000000000000000        0.0000000000000000     
   76.000000000000000       0.93187110000000006       -6.8125574000000008E-002   0.0000000000000000        0.0000000000000000        0.0000000000000000     
   77.000000000000000       0.93273205000000003       -6.7266950000000006E-002   0.0000000000000000        0.0000000000000000        0.0000000000000000     
   78.000000000000000       0.93357962999999999       -6.6421348000000005E-002   0.0000000000000000        0.0000000000000000        0.0000000000000000     
   79.000000000000000       0.93441057999999999       -6.5588104999999994E-002   0.0000000000000000        0.0000000000000000        0.0000000000000000     
   80.000000000000000       0.93523478999999998       -6.4765883999999996E-002   0.0000000000000000        0.0000000000000000        0.0000000000000000     
   81.000000000000000       0.93604562999999996       -6.3955684999999998E-002   0.0000000000000000        0.0000000000000000        0.0000000000000000     
   82.000000000000000       0.93684646999999999       -6.3155833999999994E-002   0.0000000000000000        0.0000000000000000        0.0000000000000000     
   83.000000000000000       0.93763068000000005       -6.2367005000000010E-002   0.0000000000000000        0.0000000000000000        0.0000000000000000     
   84.000000000000000       0.93840815000000011       -6.1588524000000013E-002   0.0000000000000000        0.0000000000000000        0.0000000000000000     
   85.000000000000000       0.93918225000000000       -6.0820054000000012E-002   0.0000000000000000        0.0000000000000000        0.0000000000000000     
   86.000000000000000       0.93993971999999992       -6.0060931999999997E-002   0.0000000000000000        0.0000000000000000        0.0000000000000000     
   87.000000000000000       0.94068719000000001       -5.9311484000000005E-002   0.0000000000000000        0.0000000000000000        0.0000000000000000     
   88.000000000000000       0.94143129000000003       -5.8571709999999999E-002   0.0000000000000000        0.0000000000000000        0.0000000000000000     
   89.000000000000000       0.94215539000000015       -5.7840947000000004E-002   0.0000000000000000        0.0000000000000000        0.0000000000000000     
   90.000000000000000       0.94287949000000004       -5.7119184000000003E-002   0.0000000000000000        0.0000000000000000        0.0000000000000000     
   91.000000000000000       0.94359359000000009       -5.6406027600000005E-002   0.0000000000000000        0.0000000000000000        0.0000000000000000     
   92.000000000000000       0.94429768999999997       -5.5701208199999998E-002   0.0000000000000000        0.0000000000000000        0.0000000000000000     
   93.000000000000000       0.94499842000000001       -5.5004591000000005E-002   0.0000000000000000        0.0000000000000000        0.0000000000000000     
   94.000000000000000       0.94568252000000008       -5.4316007500000006E-002   0.0000000000000000        0.0000000000000000        0.0000000000000000     
   95.000000000000000       0.94636325000000010       -5.3636053300000007E-002   0.0000000000000000        0.0000000000000000        0.0000000000000000     
   96.000000000000000       0.94703735000000011       -5.2963896900000001E-002   0.0000000000000000        0.0000000000000000        0.0000000000000000     
   97.000000000000000       0.94770145000000006       -5.2298807900000001E-002   0.0000000000000000        0.0000000000000000        0.0000000000000000     
   98.000000000000000       0.94836217999999994       -5.1641977499999998E-002   0.0000000000000000        0.0000000000000000        0.0000000000000000     
   99.000000000000000       0.94900627999999998       -5.0991978600000001E-002   0.0000000000000000        0.0000000000000000        0.0000000000000000     
   100.00000000000000       0.94965038000000002       -5.0350036099999995E-002   0.0000000000000000        0.0000000000000000        0.0000000000000000     
   101.00000000000000       0.95028785000000005       -4.9714722899999994E-002   0.0000000000000000        0.0000000000000000        0.0000000000000000     
   102.00000000000000       0.95091195000000006       -4.9086668299999997E-002   0.0000000000000000        0.0000000000000000        0.0000000000000000     
   103.00000000000000       0.95153278999999991       -4.8465737500000002E-002   0.0000000000000000        0.0000000000000000        0.0000000000000000     
   104.00000000000000       0.95214689000000008       -4.7851863100000003E-002   0.0000000000000000        0.0000000000000000        0.0000000000000000     
   105.00000000000001       0.95275773000000008       -4.7244943999999997E-002   0.0000000000000000        0.0000000000000000        0.0000000000000000     
   106.00000000000000       0.95335520000000007       -4.6644980200000005E-002   0.0000000000000000        0.0000000000000000        0.0000000000000000     
   107.00000000000000       0.95394941000000011       -4.6051173900000006E-002   0.0000000000000000        0.0000000000000000        0.0000000000000000     
   108.00000000000000       0.95453688000000003       -4.5464817400000003E-002   0.0000000000000000        0.0000000000000000        0.0000000000000000     
   109.00000000000001       0.95511446000000011       -4.4884517300000003E-002   0.0000000000000000        0.0000000000000000        0.0000000000000000     
   110.00000000000000       0.95568867000000002       -4.4310902900000004E-002   0.0000000000000000        0.0000000000000000        0.0000000000000000     
   111.00000000000000       0.95625625000000014       -4.3743210100000006E-002   0.0000000000000000        0.0000000000000000        0.0000000000000000     
   112.00000000000000       0.95682046000000009       -4.3182731199999998E-002   0.0000000000000000        0.0000000000000000        0.0000000000000000     
   113.00000000000000       0.95737141000000003       -4.2628072800000000E-002   0.0000000000000000        0.0000000000000000        0.0000000000000000     
   114.00000000000000       0.95791899000000003       -4.2079897900000003E-002   0.0000000000000000        0.0000000000000000        0.0000000000000000     
   115.00000000000000       0.95846330999999996       -4.1538139100000003E-002   0.0000000000000000        0.0000000000000000        0.0000000000000000     
   116.00000000000000       0.95899426000000010       -4.1002066000000004E-002   0.0000000000000000        0.0000000000000000        0.0000000000000000     
   117.00000000000000       0.95952858000000008       -4.0473004600000001E-002   0.0000000000000000        0.0000000000000000        0.0000000000000000     
   118.00000000000001       0.96004627000000009       -3.9949561500000008E-002   0.0000000000000000        0.0000000000000000        0.0000000000000000     
   119.00000000000000       0.96056733000000005       -3.9431702999999999E-002   0.0000000000000000        0.0000000000000000        0.0000000000000000     
   120.00000000000000       0.96108165000000012       -3.8920721400000004E-002   0.0000000000000000        0.0000000000000000        0.0000000000000000     
   121.00000000000000       0.96158608000000001       -3.8415257000000008E-002   0.0000000000000000        0.0000000000000000        0.0000000000000000     
   122.00000000000001       0.96208713999999995       -3.7915276099999999E-002   0.0000000000000000        0.0000000000000000        0.0000000000000000     
   123.00000000000000       0.96257494000000010       -3.7422104700000000E-002   0.0000000000000000        0.0000000000000000        0.0000000000000000     
   124.00000000000000       0.96306937000000004       -3.6934349400000004E-002   0.0000000000000000        0.0000000000000000        0.0000000000000000     
   125.00000000000000       0.96354717000000012       -3.6451976499999997E-002   0.0000000000000000        0.0000000000000000        0.0000000000000000     
   126.00000000000001       0.96402171000000014       -3.5975649000000005E-002   0.0000000000000000        0.0000000000000000        0.0000000000000000     
   127.00000000000000       0.96449288000000011       -3.5505366900000002E-002   0.0000000000000000        0.0000000000000000        0.0000000000000000     
   128.00000000000000       0.96495741999999995       -3.5040366100000005E-002   0.0000000000000000        0.0000000000000000        0.0000000000000000     
   129.00000000000000       0.96542196000000013       -3.4581343300000005E-002   0.0000000000000000        0.0000000000000000        0.0000000000000000     
   130.00000000000000       0.96586987000000002       -3.4128264800000002E-002   0.0000000000000000        0.0000000000000000        0.0000000000000000     
   131.00000000000000       0.96632115000000007       -3.3679770899999996E-002   0.0000000000000000        0.0000000000000000        0.0000000000000000     
   132.00000000000000       0.96676243000000017       -3.3237850600000000E-002   0.0000000000000000        0.0000000000000000        0.0000000000000000     
   133.00000000000000       0.96719708000000004       -3.2800481200000002E-002   0.0000000000000000        0.0000000000000000        0.0000000000000000     
   134.00000000000000       0.96763173000000002       -3.2369618000000003E-002   0.0000000000000000        0.0000000000000000        0.0000000000000000     
   135.00000000000000       0.96805638000000005       -3.1943305700000001E-002   0.0000000000000000        0.0000000000000000        0.0000000000000000     
   136.00000000000000       0.96847777000000013       -3.1522802900000001E-002   0.0000000000000000        0.0000000000000000        0.0000000000000000     
   137.00000000000000       0.96888916000000003       -3.1107446600000001E-002   0.0000000000000000        0.0000000000000000        0.0000000000000000     
   138.00000000000000       0.96930055000000004       -3.0697899800000001E-002   0.0000000000000000        0.0000000000000000        0.0000000000000000     
   139.00000000000000       0.96970868000000010       -3.0292802800000004E-002   0.0000000000000000        0.0000000000000000        0.0000000000000000     
   140.00000000000000       0.97010681000000010       -2.9893447900000002E-002   0.0000000000000000        0.0000000000000000        0.0000000000000000     
   141.00000000000000       0.97050156999999992       -2.9499205800000004E-002   0.0000000000000000        0.0000000000000000        0.0000000000000000     
   142.00000000000000       0.97088644000000013       -2.9110042799999999E-002   0.0000000000000000        0.0000000000000000        0.0000000000000000     
   143.00000000000000       0.97127794000000001       -2.8725925200000006E-002   0.0000000000000000        0.0000000000000000        0.0000000000000000     
   144.00000000000000       0.97165281000000014       -2.8347516000000003E-002   0.0000000000000000        0.0000000000000000        0.0000000000000000     
   145.00000000000000       0.97202768000000006       -2.7973489200000000E-002   0.0000000000000000        0.0000000000000000        0.0000000000000000     
   146.00000000000000       0.97239929000000014       -2.7604474100000005E-002   0.0000000000000000        0.0000000000000000        0.0000000000000000     
   147.00000000000000       0.97276090000000015       -2.7240504400000004E-002   0.0000000000000000        0.0000000000000000        0.0000000000000000     
   148.00000000000000       0.97311587999999993       -2.6881512699999999E-002   0.0000000000000000        0.0000000000000000        0.0000000000000000     
   149.00000000000000       0.97347086000000005       -2.6527532700000002E-002   0.0000000000000000        0.0000000000000000        0.0000000000000000     
   150.00000000000000       0.97382247000000000       -2.6178530700000001E-002   0.0000000000000000        0.0000000000000000        0.0000000000000000     
   151.00000000000000       0.97416418999999999       -2.5833810000000006E-002   0.0000000000000000        0.0000000000000000        0.0000000000000000     
   152.00000000000000       0.97450590999999998       -2.5494101000000002E-002   0.0000000000000000        0.0000000000000000        0.0000000000000000     
   153.00000000000000       0.97483763000000012       -2.5158639600000001E-002   0.0000000000000000        0.0000000000000000        0.0000000000000000     
   154.00000000000000       0.97517271999999999       -2.4828156200000000E-002   0.0000000000000000        0.0000000000000000        0.0000000000000000     
   155.00000000000000       0.97549781000000013       -2.4502617100000002E-002   0.0000000000000000        0.0000000000000000        0.0000000000000000     
   156.00000000000000       0.97581627000000015       -2.4181325600000005E-002   0.0000000000000000        0.0000000000000000        0.0000000000000000     
   157.00000000000000       0.97613473000000006       -2.3864315399999999E-002   0.0000000000000000        0.0000000000000000        0.0000000000000000     
   158.00000000000000       0.97644993000000002       -2.3552215799999998E-002   0.0000000000000000        0.0000000000000000        0.0000000000000000     
   159.00000000000000       0.97675513000000003       -2.3244330100000002E-002   0.0000000000000000        0.0000000000000000        0.0000000000000000     
   160.00000000000000       0.97705696000000009       -2.2940725699999998E-002   0.0000000000000000        0.0000000000000000        0.0000000000000000     
   161.00000000000000       0.97735553000000008       -2.2641998200000003E-002   0.0000000000000000        0.0000000000000000        0.0000000000000000     
   162.00000000000000       0.97765409999999997       -2.2346821600000004E-002   0.0000000000000000        0.0000000000000000        0.0000000000000000     
   163.00000000000000       0.97794603999999996       -2.2056555600000000E-002   0.0000000000000000        0.0000000000000000        0.0000000000000000     
   164.00000000000000       0.97822798000000000       -2.1769806799999999E-002   0.0000000000000000        0.0000000000000000        0.0000000000000000     
   165.00000000000000       0.97851328999999998       -2.1487934900000002E-002   0.0000000000000000        0.0000000000000000        0.0000000000000000     
   166.00000000000000       0.97879196999999996       -2.1209613900000000E-002   0.0000000000000000        0.0000000000000000        0.0000000000000000     
   167.00000000000000       0.97906728000000010       -2.0935506800000000E-002   0.0000000000000000        0.0000000000000000        0.0000000000000000     
   168.00000000000000       0.97933596000000001       -2.0665546200000003E-002   0.0000000000000000        0.0000000000000000        0.0000000000000000     
   169.00000000000000       0.97960138000000008       -2.0399799500000003E-002   0.0000000000000000        0.0000000000000000        0.0000000000000000     
   170.00000000000000       0.97986342999999998       -2.0137570000000000E-002   0.0000000000000000        0.0000000000000000        0.0000000000000000     
   171.00000000000000       0.98011885000000010       -1.9879520700000000E-002   0.0000000000000000        0.0000000000000000        0.0000000000000000     
   172.00000000000000       0.98037426999999999       -1.9624954900000002E-002   0.0000000000000000        0.0000000000000000        0.0000000000000000     
   173.00000000000000       0.98062306000000010       -1.9374569300000002E-002   0.0000000000000000        0.0000000000000000        0.0000000000000000     
   174.00000000000000       0.98087184999999999       -1.9127667200000000E-002   0.0000000000000000        0.0000000000000000        0.0000000000000000     
   175.00000000000000       0.98111400999999998       -1.8884282299999999E-002   0.0000000000000000        0.0000000000000000        0.0000000000000000     
   176.00000000000000       0.98135617000000008       -1.8645043900000002E-002   0.0000000000000000        0.0000000000000000        0.0000000000000000     
   177.00000000000000       0.98159170000000007       -1.8408626000000001E-002   0.0000000000000000        0.0000000000000000        0.0000000000000000     
   178.00000000000000       0.98182060000000004       -1.8176354600000000E-002   0.0000000000000000        0.0000000000000000        0.0000000000000000     
   179.00000000000000       0.98205613000000014       -1.7947533000000002E-002   0.0000000000000000        0.0000000000000000        0.0000000000000000     
   180.00000000000000       0.98227503000000005       -1.7722228600000001E-002   0.0000000000000000        0.0000000000000000        0.0000000000000000     
   181.00000000000000       0.98249730000000002       -1.7500373999999999E-002   0.0000000000000000        0.0000000000000000        0.0000000000000000     
   182.00000000000000       0.98271956999999999       -1.7281969200000000E-002   0.0000000000000000        0.0000000000000000        0.0000000000000000     
   183.00000000000000       0.98293184000000000       -1.7066384900000002E-002   0.0000000000000000        0.0000000000000000        0.0000000000000000     
   184.00000000000000       0.98314747999999996       -1.6854284100000002E-002   0.0000000000000000        0.0000000000000000        0.0000000000000000     
   185.00000000000000       0.98335312000000008       -1.6645599400000002E-002   0.0000000000000000        0.0000000000000000        0.0000000000000000     
   186.00000000000000       0.98356213000000003       -1.6440398200000001E-002   0.0000000000000000        0.0000000000000000        0.0000000000000000     
   187.00000000000000       0.98376114000000003       -1.6237983800000001E-002   0.0000000000000000        0.0000000000000000        0.0000000000000000     
   188.00000000000000       0.98396352000000009       -1.6038322500000000E-002   0.0000000000000000        0.0000000000000000        0.0000000000000000     
   189.00000000000000       0.98415590000000019       -1.5842144700000001E-002   0.0000000000000000        0.0000000000000000        0.0000000000000000     
   190.00000000000000       0.98434828000000008       -1.5649382999999999E-002   0.0000000000000000        0.0000000000000000        0.0000000000000000     
   191.00000000000000       0.98454403000000013       -1.5458745100000001E-002   0.0000000000000000        0.0000000000000000        0.0000000000000000     
   192.00000000000000       0.98472978000000011       -1.5271557000000002E-002   0.0000000000000000        0.0000000000000000        0.0000000000000000     
   193.00000000000000       0.98491553000000009       -1.5087122000000001E-002   0.0000000000000000        0.0000000000000000        0.0000000000000000     
   194.00000000000000       0.98509464999999996       -1.4905440100000000E-002   0.0000000000000000        0.0000000000000000        0.0000000000000000     
   195.00000000000000       0.98527377000000005       -1.4726544999999999E-002   0.0000000000000000        0.0000000000000000        0.0000000000000000     
   196.00000000000000       0.98544626000000002       -1.4550403000000002E-002   0.0000000000000000        0.0000000000000000        0.0000000000000000     
   197.00000000000003       0.98561874999999999       -1.4377047800000001E-002   0.0000000000000000        0.0000000000000000        0.0000000000000000     
   198.00000000000000       0.98579124000000018       -1.4206445699999999E-002   0.0000000000000000        0.0000000000000000        0.0000000000000000     
   199.00000000000000       0.98595710000000003       -1.4038562999999999E-002   0.0000000000000000        0.0000000000000000        0.0000000000000000     
   200.00000000000000       0.98612296000000010       -1.3873467100000000E-002   0.0000000000000000        0.0000000000000000        0.0000000000000000     
   201.00000000000000       0.98628881999999996       -1.3710461300000001E-002   0.0000000000000000        0.0000000000000000        0.0000000000000000     
   202.00000000000000       0.98644805000000002       -1.3550208599999999E-002   0.0000000000000000        0.0000000000000000        0.0000000000000000     
   203.00000000000000       0.98660727999999998       -1.3392045999999999E-002   0.0000000000000000        0.0000000000000000        0.0000000000000000     
   204.00000000000000       0.98676651000000004       -1.3236602800000000E-002   0.0000000000000000        0.0000000000000000        0.0000000000000000     
   205.00000000000003       0.98691911000000010       -1.3083249700000001E-002   0.0000000000000000        0.0000000000000000        0.0000000000000000     
   206.00000000000000       0.98706508000000004       -1.2932649700000000E-002   0.0000000000000000        0.0000000000000000        0.0000000000000000     
   207.00000000000000       0.98721431000000015       -1.2784802800000002E-002   0.0000000000000000        0.0000000000000000        0.0000000000000000     
   208.00000000000000       0.98736028000000009       -1.2638349300000001E-002   0.0000000000000000        0.0000000000000000        0.0000000000000000     
   209.00000000000000       0.98750625000000003       -1.2494648900000002E-002   0.0000000000000000        0.0000000000000000        0.0000000000000000     
   210.00000000000003       0.98764559000000007       -1.2353004900000002E-002   0.0000000000000000        0.0000000000000000        0.0000000000000000     
   211.00000000000000       0.98778819000000007       -1.2213451000000000E-002   0.0000000000000000        0.0000000000000000        0.0000000000000000     
   212.00000000000000       0.98792090000000010       -1.2075953500000000E-002   0.0000000000000000        0.0000000000000000        0.0000000000000000     
   213.00000000000000       0.98806024000000003       -1.1941209100000003E-002   0.0000000000000000        0.0000000000000000        0.0000000000000000     
   214.00000000000000       0.98818958000000001       -1.1807824400000000E-002   0.0000000000000000        0.0000000000000000        0.0000000000000000     
   215.00000000000000       0.98832229000000016       -1.1676529800000000E-002   0.0000000000000000        0.0000000000000000        0.0000000000000000     
   216.00000000000000       0.98845163000000014       -1.1547325300000001E-002   0.0000000000000000        0.0000000000000000        0.0000000000000000     
   217.00000000000000       0.98857770999999994       -1.1420143500000000E-002   0.0000000000000000        0.0000000000000000        0.0000000000000000     
   218.00000000000003       0.98870042000000002       -1.1295051799999999E-002   0.0000000000000000        0.0000000000000000        0.0000000000000000     
   219.00000000000000       0.98882650000000005       -1.1171982800000001E-002   0.0000000000000000        0.0000000000000000        0.0000000000000000     
   220.00000000000000       0.98894921000000013       -1.1050340900000000E-002   0.0000000000000000        0.0000000000000000        0.0000000000000000     
   221.00000000000000       0.98906866000000004       -1.0930755400000000E-002   0.0000000000000000        0.0000000000000000        0.0000000000000000     
   222.00000000000000       0.98918474000000001       -1.0812563300000001E-002   0.0000000000000000        0.0000000000000000        0.0000000000000000     
   223.00000000000003       0.98930419000000003       -1.0697056900000002E-002   0.0000000000000000        0.0000000000000000        0.0000000000000000     
   224.00000000000000       0.98942027000000010       -1.0582314600000002E-002   0.0000000000000000        0.0000000000000000        0.0000000000000000     
   225.00000000000000       0.98952972000000006       -1.0469628700000001E-002   0.0000000000000000        0.0000000000000000        0.0000000000000000     
   226.00000000000000       0.98964254000000007       -1.0358965500000001E-002   0.0000000000000000        0.0000000000000000        0.0000000000000000     
   227.00000000000000       0.98975199000000003       -1.0249695700000000E-002   0.0000000000000000        0.0000000000000000        0.0000000000000000     
   228.00000000000000       0.98985481000000008       -1.0141819300000000E-002   0.0000000000000000        0.0000000000000000        0.0000000000000000     
   229.00000000000000       0.98996763000000010       -1.0035999299999999E-002   0.0000000000000000        0.0000000000000000        0.0000000000000000     
   230.00000000000000       0.99007045000000005       -9.9315390000000014E-003   0.0000000000000000        0.0000000000000000        0.0000000000000000     
   231.00000000000003       0.99017327000000011       -9.8284720999999992E-003   0.0000000000000000        0.0000000000000000        0.0000000000000000     
   232.00000000000000       0.99027283000000010       -9.7274615999999991E-003   0.0000000000000000        0.0000000000000000        0.0000000000000000     
   233.00000000000000       0.99037565000000005       -9.6271815000000000E-003   0.0000000000000000        0.0000000000000000        0.0000000000000000     
   234.00000000000000       0.99047184000000010       -9.5289241000000007E-003   0.0000000000000000        0.0000000000000000        0.0000000000000000     
   235.00000000000000       0.99056803000000004       -9.4320263999999997E-003   0.0000000000000000        0.0000000000000000        0.0000000000000000     
   236.00000000000003       0.99066421999999998       -9.3365558000000001E-003   0.0000000000000000        0.0000000000000000        0.0000000000000000     
   237.00000000000000       0.99075715000000009       -9.2424111999999999E-003   0.0000000000000000        0.0000000000000000        0.0000000000000000     
   238.00000000000000       0.99085334000000003       -9.1489970000000007E-003   0.0000000000000000        0.0000000000000000        0.0000000000000000     
   239.00000000000003       0.99094290000000007       -9.0576392000000002E-003   0.0000000000000000        0.0000000000000000        0.0000000000000000     
   240.00000000000000       0.99103246000000000       -8.9676410999999998E-003   0.0000000000000000        0.0000000000000000        0.0000000000000000     
   241.00000000000000       0.99112202000000016       -8.8790364000000000E-003   0.0000000000000000        0.0000000000000000        0.0000000000000000     
   242.00000000000000       0.99121158000000009       -8.7911284000000006E-003   0.0000000000000000        0.0000000000000000        0.0000000000000000     
   243.00000000000000       0.99129451000000013       -8.7045800999999996E-003   0.0000000000000000        0.0000000000000000        0.0000000000000000     
   244.00000000000003       0.99137744000000005       -8.6193915000000003E-003   0.0000000000000000        0.0000000000000000        0.0000000000000000     
   245.00000000000000       0.99146036999999998       -8.5355963000000000E-003   0.0000000000000000        0.0000000000000000        0.0000000000000000     
   246.00000000000000       0.99154330000000013       -8.4525315000000007E-003   0.0000000000000000        0.0000000000000000        0.0000000000000000     
   247.00000000000000       0.99162623000000005       -8.3714557000000005E-003   0.0000000000000000        0.0000000000000000        0.0000000000000000     
   248.00000000000000       0.99171253000000004       -8.2904472999999999E-003   0.0000000000000000        0.0000000000000000        0.0000000000000000     
   249.00000000000003       0.99178882999999995       -8.2114616000000008E-003   0.0000000000000000        0.0000000000000000        0.0000000000000000     
   250.00000000000000       0.99186513000000009       -8.1331726000000003E-003   0.0000000000000000        0.0000000000000000        0.0000000000000000     
   251.00000000000000       0.99194806000000013       -8.0562770000000006E-003   0.0000000000000000        0.0000000000000000        0.0000000000000000     
   252.00000000000003       0.99202099000000010       -7.9800780999999994E-003   0.0000000000000000        0.0000000000000000        0.0000000000000000     
   253.00000000000000       0.99209066000000001       -7.9052052000000012E-003   0.0000000000000000        0.0000000000000000        0.0000000000000000     
   254.00000000000000       0.99216696000000004       -7.8310627000000004E-003   0.0000000000000000        0.0000000000000000        0.0000000000000000     
   255.00000000000000       0.99224326000000007       -7.7576506000000007E-003   0.0000000000000000        0.0000000000000000        0.0000000000000000     
   256.00000000000000       0.99231292999999998       -7.6855644999999995E-003   0.0000000000000000        0.0000000000000000        0.0000000000000000     
   257.00000000000000       0.99238260000000000       -7.6148381000000001E-003   0.0000000000000000        0.0000000000000000        0.0000000000000000     
   258.00000000000000       0.99245227000000003       -7.5448420999999991E-003   0.0000000000000000        0.0000000000000000        0.0000000000000000     
   259.00000000000000       0.99252194000000005       -7.4755091000000004E-003   0.0000000000000000        0.0000000000000000        0.0000000000000000     
   260.00000000000000       0.99259161000000007       -7.4075695000000007E-003   0.0000000000000000        0.0000000000000000        0.0000000000000000     
   261.00000000000000       0.99266128000000009       -7.3402929000000007E-003   0.0000000000000000        0.0000000000000000        0.0000000000000000     
   262.00000000000000       0.99273095000000011       -7.2737467000000000E-003   0.0000000000000000        0.0000000000000000        0.0000000000000000     
   263.00000000000000       0.99279062000000007       -7.2078635000000007E-003   0.0000000000000000        0.0000000000000000        0.0000000000000000     
   264.00000000000000       0.99285366000000008       -7.1433737000000004E-003   0.0000000000000000        0.0000000000000000        0.0000000000000000     
   265.00000000000000       0.99292332999999999       -7.0795469000000007E-003   0.0000000000000000        0.0000000000000000        0.0000000000000000     
   266.00000000000000       0.99298637000000012       -7.0164505000000011E-003   0.0000000000000000        0.0000000000000000        0.0000000000000000     
   267.00000000000000       0.99304941000000002       -6.9542822999999997E-003   0.0000000000000000        0.0000000000000000        0.0000000000000000     
   268.00000000000000       0.99310582000000003       -6.8928771000000000E-003   0.0000000000000000        0.0000000000000000        0.0000000000000000     
   269.00000000000000       0.99316549000000010       -6.8322349000000003E-003   0.0000000000000000        0.0000000000000000        0.0000000000000000     
   270.00000000000000       0.99322853000000011       -6.7724557000000008E-003   0.0000000000000000        0.0000000000000000        0.0000000000000000     
   271.00000000000000       0.99328494000000012       -6.7133395000000002E-003   0.0000000000000000        0.0000000000000000        0.0000000000000000     
   272.00000000000000       0.99334798000000002       -6.6550323800000002E-003   0.0000000000000000        0.0000000000000000        0.0000000000000000     
   273.00000000000000       0.99340102000000008       -6.5974320700000000E-003   0.0000000000000000        0.0000000000000000        0.0000000000000000     
   274.00000000000000       0.99345743000000009       -6.5405880199999999E-003   0.0000000000000000        0.0000000000000000        0.0000000000000000     
   275.00000000000000       0.99351383999999998       -6.4844373000000005E-003   0.0000000000000000        0.0000000000000000        0.0000000000000000     
   276.00000000000000       0.99357025000000010       -6.4289765399999999E-003   0.0000000000000000        0.0000000000000000        0.0000000000000000     
   277.00000000000000       0.99362329000000016       -6.3742720400000010E-003   0.0000000000000000        0.0000000000000000        0.0000000000000000     
   278.00000000000000       0.99367970000000005       -6.3201912000000002E-003   0.0000000000000000        0.0000000000000000        0.0000000000000000     
   279.00000000000000       0.99373610999999995       -6.2667340200000003E-003   0.0000000000000000        0.0000000000000000        0.0000000000000000     
   280.00000000000000       0.99378589000000006       -6.2139634300000003E-003   0.0000000000000000        0.0000000000000000        0.0000000000000000     
   281.00000000000000       0.99383893000000001       -6.1618827999999999E-003   0.0000000000000000        0.0000000000000000        0.0000000000000000     
   282.00000000000000       0.99388871000000001       -6.1104258300000011E-003   0.0000000000000000        0.0000000000000000        0.0000000000000000     
   283.00000000000000       0.99393849000000001       -6.0595228500000004E-003   0.0000000000000000        0.0000000000000000        0.0000000000000000     
   284.00000000000000       0.99399152999999996       -6.0093064599999997E-003   0.0000000000000000        0.0000000000000000        0.0000000000000000     
   285.00000000000000       0.99404131000000007       -5.9596474300000002E-003   0.0000000000000000        0.0000000000000000        0.0000000000000000     
   286.00000000000000       0.99409109000000007       -5.9106053200000007E-003   0.0000000000000000        0.0000000000000000        0.0000000000000000     
   287.00000000000000       0.99413750000000001       -5.8621205700000005E-003   0.0000000000000000        0.0000000000000000        0.0000000000000000     
   288.00000000000000       0.99418728000000001       -5.8142527400000003E-003   0.0000000000000000        0.0000000000000000        0.0000000000000000     
   289.00000000000000       0.99423706000000012       -5.7668759699999999E-003   0.0000000000000000        0.0000000000000000        0.0000000000000000     
   290.00000000000000       0.99427684000000005       -5.7201127500000008E-003   0.0000000000000000        0.0000000000000000        0.0000000000000000     
   291.00000000000000       0.99432662000000005       -5.6739068900000002E-003   0.0000000000000000        0.0000000000000000        0.0000000000000000     
   292.00000000000000       0.99437640000000005       -5.6281853500000003E-003   0.0000000000000000        0.0000000000000000        0.0000000000000000     
   293.00000000000000       0.99441617999999998       -5.5830144300000007E-003   0.0000000000000000        0.0000000000000000        0.0000000000000000     
   294.00000000000000       0.99445932999999997       -5.5383975000000002E-003   0.0000000000000000        0.0000000000000000        0.0000000000000000     
   295.00000000000000       0.99450574000000014       -5.4942648899999995E-003   0.0000000000000000        0.0000000000000000        0.0000000000000000     
   296.00000000000000       0.99454889000000002       -5.4506166000000003E-003   0.0000000000000000        0.0000000000000000        0.0000000000000000     
   297.00000000000000       0.99459204000000001       -5.4075223000000002E-003   0.0000000000000000        0.0000000000000000        0.0000000000000000     
   298.00000000000000       0.99463182000000006       -5.3648426500000007E-003   0.0000000000000000        0.0000000000000000        0.0000000000000000     
   299.00000000000000       0.99468160000000005       -5.3227136199999999E-003   0.0000000000000000        0.0000000000000000        0.0000000000000000     
   300.00000000000000       0.99472138000000010       -5.2810026100000001E-003   0.0000000000000000        0.0000000000000000        0.0000000000000000     
   301.00000000000000       0.99475790000000019       -5.2397759200000001E-003   0.0000000000000000        0.0000000000000000        0.0000000000000000     
   302.00000000000000       0.99479768000000002       -5.1990301800000005E-003   0.0000000000000000        0.0000000000000000        0.0000000000000000     
   303.00000000000000       0.99484083000000001       -5.1587024600000001E-003   0.0000000000000000        0.0000000000000000        0.0000000000000000     
   304.00000000000000       0.99488061000000005       -5.1188590600000005E-003   0.0000000000000000        0.0000000000000000        0.0000000000000000     
   305.00000000000000       0.99491713000000015       -5.0794303099999999E-003   0.0000000000000000        0.0000000000000000        0.0000000000000000     
   306.00000000000000       0.99496027999999992       -5.0404162100000007E-003   0.0000000000000000        0.0000000000000000        0.0000000000000000     
   307.00000000000000       0.99500005999999996       -5.0018864299999997E-003   0.0000000000000000        0.0000000000000000        0.0000000000000000     
   308.00000000000000       0.99503658000000006       -4.9637050000000005E-003   0.0000000000000000        0.0000000000000000        0.0000000000000000     
   309.00000000000000       0.99507636000000010       -4.9259382200000004E-003   0.0000000000000000        0.0000000000000000        0.0000000000000000     
   310.00000000000000       0.99511287999999998       -4.8886523900000005E-003   0.0000000000000000        0.0000000000000000        0.0000000000000000     
   311.00000000000000       0.99514603000000013       -4.8517182800000011E-003   0.0000000000000000        0.0000000000000000        0.0000000000000000     
   312.00000000000000       0.99518255000000022       -4.8151291499999999E-003   0.0000000000000000        0.0000000000000000        0.0000000000000000     
   313.00000000000000       0.99522233000000004       -4.7790209700000006E-003   0.0000000000000000        0.0000000000000000        0.0000000000000000     
   314.00000000000000       0.99525885000000014       -4.7432611400000007E-003   0.0000000000000000        0.0000000000000000        0.0000000000000000     
   315.00000000000000       0.99529200000000007       -4.7078496600000000E-003   0.0000000000000000        0.0000000000000000        0.0000000000000000     
   316.00000000000000       0.99532852000000005       -4.6728528300000001E-003   0.0000000000000000        0.0000000000000000        0.0000000000000000     
   317.00000000000000       0.99536166999999998       -4.6382009799999999E-003   0.0000000000000000        0.0000000000000000        0.0000000000000000     
   318.00000000000000       0.99539818999999996       -4.6038974800000007E-003   0.0000000000000000        0.0000000000000000        0.0000000000000000     
   319.00000000000000       0.99543134000000011       -4.5699389600000005E-003   0.0000000000000000        0.0000000000000000        0.0000000000000000     
   320.00000000000000       0.99546785999999998       -4.5363287900000004E-003   0.0000000000000000        0.0000000000000000        0.0000000000000000     
   321.00000000000000       0.99549438000000001       -4.5031298999999997E-003   0.0000000000000000        0.0000000000000000        0.0000000000000000     
   322.00000000000000       0.99553090000000011       -4.4702130600000004E-003   0.0000000000000000        0.0000000000000000        0.0000000000000000     
   323.00000000000000       0.99556405000000003       -4.4376412000000000E-003   0.0000000000000000        0.0000000000000000        0.0000000000000000     
   324.00000000000000       0.99559057000000006       -4.4054143200000003E-003   0.0000000000000000        0.0000000000000000        0.0000000000000000     
   325.00000000000000       0.99562709000000005       -4.3735357899999999E-003   0.0000000000000000        0.0000000000000000        0.0000000000000000     
   326.00000000000000       0.99566024000000009       -4.3419325700000001E-003   0.0000000000000000        0.0000000000000000        0.0000000000000000     
   327.00000000000000       0.99569013000000006       -4.3106776999999995E-003   0.0000000000000000        0.0000000000000000        0.0000000000000000     
   328.00000000000000       0.99571665000000009       -4.2797015100000000E-003   0.0000000000000000        0.0000000000000000        0.0000000000000000     
   329.00000000000000       0.99575317000000008       -4.2490703000000003E-003   0.0000000000000000        0.0000000000000000        0.0000000000000000     
   330.00000000000000       0.99577969000000011       -4.2187177699999998E-003   0.0000000000000000        0.0000000000000000        0.0000000000000000     
   331.00000000000000       0.99581621000000009       -4.1887068500000004E-003   0.0000000000000000        0.0000000000000000        0.0000000000000000     
   332.00000000000000       0.99584273000000012       -4.1589116800000003E-003   0.0000000000000000        0.0000000000000000        0.0000000000000000     
   333.00000000000000       0.99586925000000015       -4.1294581200000003E-003   0.0000000000000000        0.0000000000000000        0.0000000000000000     
   334.00000000000000       0.99589914000000013       -4.1002866100000000E-003   0.0000000000000000        0.0000000000000000        0.0000000000000000     
   335.00000000000000       0.99592566000000005       -4.0714567100000000E-003   0.0000000000000000        0.0000000000000000        0.0000000000000000     
   336.00000000000000       0.99595555000000013       -4.0428358200000000E-003   0.0000000000000000        0.0000000000000000        0.0000000000000000     
   337.00000000000000       0.99598870000000006       -4.0144969799999998E-003   0.0000000000000000        0.0000000000000000        0.0000000000000000     
   338.00000000000000       0.99601522000000009       -3.9864300799999997E-003   0.0000000000000000        0.0000000000000000        0.0000000000000000     
   339.00000000000000       0.99604511000000007       -3.9587115299999998E-003   0.0000000000000000        0.0000000000000000        0.0000000000000000     
   340.00000000000000       0.99606500000000009       -3.9312019900000000E-003   0.0000000000000000        0.0000000000000000        0.0000000000000000     
   341.00000000000000       0.99609488999999996       -3.9039014600000003E-003   0.0000000000000000        0.0000000000000000        0.0000000000000000     
   342.00000000000000       0.99612140999999998       -3.8769459100000000E-003   0.0000000000000000        0.0000000000000000        0.0000000000000000     
   343.00000000000000       0.99614793000000001       -3.8501993700000002E-003   0.0000000000000000        0.0000000000000000        0.0000000000000000     
   344.00000000000000       0.99617781999999999       -3.8237315100000000E-003   0.0000000000000000        0.0000000000000000        0.0000000000000000     
   345.00000000000000       0.99620434000000002       -3.7974726600000001E-003   0.0000000000000000        0.0000000000000000        0.0000000000000000     
   346.00000000000000       0.99622422999999993       -3.7714891200000002E-003   0.0000000000000000        0.0000000000000000        0.0000000000000000     
   347.00000000000000       0.99625412000000013       -3.7457179600000000E-003   0.0000000000000000        0.0000000000000000        0.0000000000000000     
   348.00000000000000       0.99628063999999994       -3.7202187400000005E-003   0.0000000000000000        0.0000000000000000        0.0000000000000000     
   349.00000000000000       0.99630390000000002       -3.6949319000000001E-003   0.0000000000000000        0.0000000000000000        0.0000000000000000     
   350.00000000000000       0.99633042000000005       -3.6699203700000004E-003   0.0000000000000000        0.0000000000000000        0.0000000000000000     
   351.00000000000000       0.99635694000000008       -3.6451178499999999E-003   0.0000000000000000        0.0000000000000000        0.0000000000000000     
   352.00000000000000       0.99638020000000016       -3.6205243400000003E-003   0.0000000000000000        0.0000000000000000        0.0000000000000000     
   353.00000000000000       0.99640672000000019       -3.5962061400000005E-003   0.0000000000000000        0.0000000000000000        0.0000000000000000     
   354.00000000000000       0.99642661000000010       -3.5720306499999999E-003   0.0000000000000000        0.0000000000000000        0.0000000000000000     
   355.00000000000000       0.99644987000000007       -3.5481304699999999E-003   0.0000000000000000        0.0000000000000000        0.0000000000000000     
   356.00000000000000       0.99647639000000010       -3.5244393000000004E-003   0.0000000000000000        0.0000000000000000        0.0000000000000000     
   357.00000000000000       0.99649628000000012       -3.5009571400000002E-003   0.0000000000000000        0.0000000000000000        0.0000000000000000     
   358.00000000000000       0.99652617000000010       -3.4776839900000000E-003   0.0000000000000000        0.0000000000000000        0.0000000000000000     
   359.00000000000000       0.99654606000000001       -3.4546198499999996E-003   0.0000000000000000        0.0000000000000000        0.0000000000000000     
   360.00000000000000       0.99656595000000003       -3.4317613500000001E-003   0.0000000000000000        0.0000000000000000        0.0000000000000000     
   361.00000000000000       0.99658921000000000       -3.4091118600000003E-003   0.0000000000000000        0.0000000000000000        0.0000000000000000     
   362.00000000000000       0.99661573000000003       -3.3866713800000002E-003   0.0000000000000000        0.0000000000000000        0.0000000000000000     
   363.00000000000000       0.99663562000000006       -3.3644365399999997E-003   0.0000000000000000        0.0000000000000000        0.0000000000000000     
   364.00000000000000       0.99665888000000002       -3.3423444099999998E-003   0.0000000000000000        0.0000000000000000        0.0000000000000000     
   365.00000000000000       0.99667877000000005       -3.3204612900000000E-003   0.0000000000000000        0.0000000000000000        0.0000000000000000     
   366.00000000000000       0.99669866000000007       -3.2988534799999998E-003   0.0000000000000000        0.0000000000000000        0.0000000000000000     
   367.00000000000000       0.99672192000000004       -3.2773187100000006E-003   0.0000000000000000        0.0000000000000000        0.0000000000000000     
   368.00000000000000       0.99674181000000006       -3.2560558800000007E-003   0.0000000000000000        0.0000000000000000        0.0000000000000000     
   369.00000000000000       0.99676170000000008       -3.2349357600000000E-003   0.0000000000000000        0.0000000000000000        0.0000000000000000     
   370.00000000000000       0.99678159000000011       -3.2140246500000002E-003   0.0000000000000000        0.0000000000000000        0.0000000000000000     
   371.00000000000000       0.99680485000000008       -3.1932528800000005E-003   0.0000000000000000        0.0000000000000000        0.0000000000000000     
   372.00000000000000       0.99682473999999999       -3.1726901200000001E-003   0.0000000000000000        0.0000000000000000        0.0000000000000000     
   373.00000000000000       0.99684463000000012       -3.1523330000000002E-003   0.0000000000000000        0.0000000000000000        0.0000000000000000     
   374.00000000000000       0.99686789000000009       -3.1321152200000000E-003   0.0000000000000000        0.0000000000000000        0.0000000000000000     
   375.00000000000000       0.99688778000000011       -3.1120401500000002E-003   0.0000000000000000        0.0000000000000000        0.0000000000000000     
   376.00000000000000       0.99690767000000002       -3.0921707200000001E-003   0.0000000000000000        0.0000000000000000        0.0000000000000000     
   377.00000000000000       0.99693092999999999       -3.0724406300000002E-003   0.0000000000000000        0.0000000000000000        0.0000000000000000     
   378.00000000000000       0.99695082000000002       -3.0529195500000007E-003   0.0000000000000000        0.0000000000000000        0.0000000000000000     
   379.00000000000000       0.99696408000000003       -3.0335378100000000E-003   0.0000000000000000        0.0000000000000000        0.0000000000000000     
   380.00000000000000       0.99698397000000005       -3.0143617099999999E-003   0.0000000000000000        0.0000000000000000        0.0000000000000000     
   381.00000000000000       0.99700723000000013       -2.9952586499999998E-003   0.0000000000000000        0.0000000000000000        0.0000000000000000     
   382.00000000000000       0.99702712000000004       -2.9763646000000006E-003   0.0000000000000000        0.0000000000000000        0.0000000000000000     
   383.00000000000000       0.99704038000000006       -2.9576761899999999E-003   0.0000000000000000        0.0000000000000000        0.0000000000000000     
   384.00000000000000       0.99706026999999997       -2.9390574499999996E-003   0.0000000000000000        0.0000000000000000        0.0000000000000000     
   385.00000000000000       0.99707690000000004       -2.9206477200000003E-003   0.0000000000000000        0.0000000000000000        0.0000000000000000     
   386.00000000000000       0.99709679000000007       -2.9023807000000002E-003   0.0000000000000000        0.0000000000000000        0.0000000000000000     
   387.00000000000000       0.99711668000000009       -2.8842496499999998E-003   0.0000000000000000        0.0000000000000000        0.0000000000000000     
   388.00000000000000       0.99713330999999994       -2.8662579400000002E-003   0.0000000000000000        0.0000000000000000        0.0000000000000000     
   389.00000000000006       0.99715320000000007       -2.8484752400000000E-003   0.0000000000000000        0.0000000000000000        0.0000000000000000     
   390.00000000000000       0.99716646000000009       -2.8307622100000002E-003   0.0000000000000000        0.0000000000000000        0.0000000000000000     
   391.00000000000000       0.99718635000000000       -2.8132548200000000E-003   0.0000000000000000        0.0000000000000000        0.0000000000000000     
   392.00000000000000       0.99720298000000007       -2.7958238399999999E-003   0.0000000000000000        0.0000000000000000        0.0000000000000000     
   393.00000000000000       0.99722287000000009       -2.7785951300000004E-003   0.0000000000000000        0.0000000000000000        0.0000000000000000     
   394.00000000000006       0.99723613000000000       -2.7614394600000000E-003   0.0000000000000000        0.0000000000000000        0.0000000000000000     
   395.00000000000000       0.99725602000000002       -2.7444894300000001E-003   0.0000000000000000        0.0000000000000000        0.0000000000000000     
   396.00000000000000       0.99727264999999998       -2.7276124399999999E-003   0.0000000000000000        0.0000000000000000        0.0000000000000000     
   397.00000000000000       0.99729254000000012       -2.7109410900000002E-003   0.0000000000000000        0.0000000000000000        0.0000000000000000     
   398.00000000000000       0.99730580000000013       -2.6943427800000005E-003   0.0000000000000000        0.0000000000000000        0.0000000000000000     
   399.00000000000006       0.99731905999999992       -2.6779501100000005E-003   0.0000000000000000        0.0000000000000000        0.0000000000000000     
   400.00000000000000       0.99734232000000012       -2.6616271100000002E-003   0.0000000000000000        0.0000000000000000        0.0000000000000000     
   401.00000000000000       0.99735558000000002       -2.6454468200000003E-003   0.0000000000000000        0.0000000000000000        0.0000000000000000     
   402.00000000000000       0.99736884000000003       -2.6293362000000000E-003   0.0000000000000000        0.0000000000000000        0.0000000000000000     
   403.00000000000000       0.99738873000000006       -2.6134278499999998E-003   0.0000000000000000        0.0000000000000000        0.0000000000000000     
   404.00000000000000       0.99740199000000007       -2.5976622100000006E-003   0.0000000000000000        0.0000000000000000        0.0000000000000000     
   405.00000000000000       0.99741862000000014       -2.5819662400000001E-003   0.0000000000000000        0.0000000000000000        0.0000000000000000     
   406.00000000000000       0.99743188000000016       -2.5664096099999997E-003   0.0000000000000000        0.0000000000000000        0.0000000000000000     
   407.00000000000000       0.99745177000000007       -2.5509260200000002E-003   0.0000000000000000        0.0000000000000000        0.0000000000000000     
   408.00000000000000       0.99746503000000009       -2.5356480700000003E-003   0.0000000000000000        0.0000000000000000        0.0000000000000000     
   409.00000000000000       0.99748166000000005       -2.5204397900000005E-003   0.0000000000000000        0.0000000000000000        0.0000000000000000     
   410.00000000000006       0.99749492000000006       -2.5053708499999999E-003   0.0000000000000000        0.0000000000000000        0.0000000000000000     
   411.00000000000000       0.99750818000000008       -2.4903715800000002E-003   0.0000000000000000        0.0000000000000000        0.0000000000000000     
   412.00000000000000       0.99752144000000009       -2.4755116500000001E-003   0.0000000000000000        0.0000000000000000        0.0000000000000000     
   413.00000000000000       0.99753470000000011       -2.4607910600000001E-003   0.0000000000000000        0.0000000000000000        0.0000000000000000     
   414.00000000000000       0.99755795999999997       -2.4462064400000002E-003   0.0000000000000000        0.0000000000000000        0.0000000000000000     
   415.00000000000006       0.99757121999999998       -2.4316948600000003E-003   0.0000000000000000        0.0000000000000000        0.0000000000000000     
   416.00000000000000       0.99758448000000000       -2.4172529500000000E-003   0.0000000000000000        0.0000000000000000        0.0000000000000000     
   417.00000000000000       0.99759774000000001       -2.4029503800000003E-003   0.0000000000000000        0.0000000000000000        0.0000000000000000     
   418.00000000000000       0.99761437000000008       -2.3887837800000001E-003   0.0000000000000000        0.0000000000000000        0.0000000000000000     
   419.00000000000000       0.99762762999999999       -2.3746902200000005E-003   0.0000000000000000        0.0000000000000000        0.0000000000000000     
   420.00000000000006       0.99764089000000000       -2.3607360000000000E-003   0.0000000000000000        0.0000000000000000        0.0000000000000000     
   421.00000000000000       0.99765415000000002       -2.3468514500000000E-003   0.0000000000000000        0.0000000000000000        0.0000000000000000     
   422.00000000000000       0.99766741000000003       -2.3331028700000001E-003   0.0000000000000000        0.0000000000000000        0.0000000000000000     
   423.00000000000000       0.99768403999999999       -2.3194273300000002E-003   0.0000000000000000        0.0000000000000000        0.0000000000000000     
   424.00000000000000       0.99769730000000001       -2.3058877600000004E-003   0.0000000000000000        0.0000000000000000        0.0000000000000000     
   425.00000000000006       0.99771056000000002       -2.2924212300000006E-003   0.0000000000000000        0.0000000000000000        0.0000000000000000     
   426.00000000000000       0.99771719000000003       -2.2790906700000005E-003   0.0000000000000000        0.0000000000000000        0.0000000000000000     
   427.00000000000000       0.99773045000000005       -2.2658331500000004E-003   0.0000000000000000        0.0000000000000000        0.0000000000000000     
   428.00000000000000       0.99774708000000001       -2.2526453000000003E-003   0.0000000000000000        0.0000000000000000        0.0000000000000000     
   429.00000000000000       0.99776034000000002       -2.2395934199999998E-003   0.0000000000000000        0.0000000000000000        0.0000000000000000     
   430.00000000000000       0.99777360000000004       -2.2266145800000003E-003   0.0000000000000000        0.0000000000000000        0.0000000000000000     
   431.00000000000006       0.99778686000000005       -2.2137054099999999E-003   0.0000000000000000        0.0000000000000000        0.0000000000000000     
   432.00000000000000       0.99780012000000007       -2.2009322100000001E-003   0.0000000000000000        0.0000000000000000        0.0000000000000000     
   433.00000000000000       0.99781012000000002       -2.1882983499999999E-003   0.0000000000000000        0.0000000000000000        0.0000000000000000     
   434.00000000000000       0.99782338000000004       -2.1756678600000005E-003   0.0000000000000000        0.0000000000000000        0.0000000000000000     
   435.00000000000000       0.99783664000000005       -2.1631733399999999E-003   0.0000000000000000        0.0000000000000000        0.0000000000000000     
   436.00000000000006       0.99784990000000007       -2.1507518600000003E-003   0.0000000000000000        0.0000000000000000        0.0000000000000000     
   437.00000000000000       0.99786315999999997       -2.1384629800000002E-003   0.0000000000000000        0.0000000000000000        0.0000000000000000     
   438.00000000000000       0.99786979000000009       -2.1261842100000002E-003   0.0000000000000000        0.0000000000000000        0.0000000000000000     
   439.00000000000000       0.99788642000000005       -2.1140380400000002E-003   0.0000000000000000        0.0000000000000000        0.0000000000000000     
   440.00000000000000       0.99789968000000007       -2.1019649099999998E-003   0.0000000000000000        0.0000000000000000        0.0000000000000000     
   441.00000000000006       0.99791294000000008       -2.0900277500000000E-003   0.0000000000000000        0.0000000000000000        0.0000000000000000     
   442.00000000000000       0.99791957000000009       -2.0781602599999997E-003   0.0000000000000000        0.0000000000000000        0.0000000000000000     
   443.00000000000000       0.99793282999999999       -2.0663624399999999E-003   0.0000000000000000        0.0000000000000000        0.0000000000000000     
   444.00000000000000       0.99794946000000007       -2.0546376600000002E-003   0.0000000000000000        0.0000000000000000        0.0000000000000000     
   445.00000000000000       0.99795609000000018       -2.0429791800000000E-003   0.0000000000000000        0.0000000000000000        0.0000000000000000     
   446.00000000000006       0.99796935000000020       -2.0313937400000003E-003   0.0000000000000000        0.0000000000000000        0.0000000000000000     
   447.00000000000000       0.99798260999999999       -2.0199442699999999E-003   0.0000000000000000        0.0000000000000000        0.0000000000000000     
   448.00000000000000       0.99798924000000011       -2.0085644700000003E-003   0.0000000000000000        0.0000000000000000        0.0000000000000000     
   449.00000000000000       0.99800250000000013       -1.9972577099999999E-003   0.0000000000000000        0.0000000000000000        0.0000000000000000     
   450.00000000000000       0.99801249999999997       -1.9860172499999999E-003   0.0000000000000000        0.0000000000000000        0.0000000000000000     
   451.00000000000006       0.99802575999999998       -1.9748498300000000E-003   0.0000000000000000        0.0000000000000000        0.0000000000000000     
   452.00000000000000       0.99803902000000000       -1.9637520800000001E-003   0.0000000000000000        0.0000000000000000        0.0000000000000000     
   453.00000000000000       0.99804565000000012       -1.9527903000000001E-003   0.0000000000000000        0.0000000000000000        0.0000000000000000     
   454.00000000000000       0.99805891000000013       -1.9418318900000001E-003   0.0000000000000000        0.0000000000000000        0.0000000000000000     
   455.00000000000000       0.99806554000000003       -1.9310094500000002E-003   0.0000000000000000        0.0000000000000000        0.0000000000000000     
   456.00000000000000       0.99808216999999999       -1.9202566800000001E-003   0.0000000000000000        0.0000000000000000        0.0000000000000000     
   457.00000000000006       0.99808880000000011       -1.9095072800000001E-003   0.0000000000000000        0.0000000000000000        0.0000000000000000     
   458.00000000000000       0.99810206000000012       -1.8988938500000001E-003   0.0000000000000000        0.0000000000000000        0.0000000000000000     
   459.00000000000000       0.99810869000000002       -1.8883500900000001E-003   0.0000000000000000        0.0000000000000000        0.0000000000000000     
   460.00000000000000       0.99812195000000004       -1.8778793700000003E-003   0.0000000000000000        0.0000000000000000        0.0000000000000000     
   461.00000000000000       0.99812858000000015       -1.8674749500000002E-003   0.0000000000000000        0.0000000000000000        0.0000000000000000     
   462.00000000000006       0.99814184000000017       -1.8571402000000000E-003   0.0000000000000000        0.0000000000000000        0.0000000000000000     
   463.00000000000000       0.99815184000000001       -1.8468784900000001E-003   0.0000000000000000        0.0000000000000000        0.0000000000000000     
   464.00000000000000       0.99816510000000003       -1.8366830800000003E-003   0.0000000000000000        0.0000000000000000        0.0000000000000000     
   465.00000000000000       0.99817172999999992       -1.8265607100000001E-003   0.0000000000000000        0.0000000000000000        0.0000000000000000     
   466.00000000000000       0.99818498999999994       -1.8165046400000001E-003   0.0000000000000000        0.0000000000000000        0.0000000000000000     
   467.00000000000006       0.99819162000000006       -1.8065182399999999E-003   0.0000000000000000        0.0000000000000000        0.0000000000000000     
   468.00000000000000       0.99820488000000007       -1.7966048800000002E-003   0.0000000000000000        0.0000000000000000        0.0000000000000000     
   469.00000000000000       0.99821488000000014       -1.7866915200000001E-003   0.0000000000000000        0.0000000000000000        0.0000000000000000     
   470.00000000000000       0.99822151000000003       -1.7769141300000002E-003   0.0000000000000000        0.0000000000000000        0.0000000000000000     
   471.00000000000000       0.99823477000000005       -1.7672097800000000E-003   0.0000000000000000        0.0000000000000000        0.0000000000000000     
   472.00000000000006       0.99824140000000017       -1.7575054300000002E-003   0.0000000000000000        0.0000000000000000        0.0000000000000000     
   473.00000000000000       0.99825465999999996       -1.7479370500000000E-003   0.0000000000000000        0.0000000000000000        0.0000000000000000     
   474.00000000000000       0.99826129000000008       -1.7384383400000001E-003   0.0000000000000000        0.0000000000000000        0.0000000000000000     
   475.00000000000000       0.99826791999999998       -1.7289430000000001E-003   0.0000000000000000        0.0000000000000000        0.0000000000000000     
   476.00000000000000       0.99828454999999994       -1.7195173300000002E-003   0.0000000000000000        0.0000000000000000        0.0000000000000000     
   477.00000000000006       0.99829118000000006       -1.7101579600000000E-003   0.0000000000000000        0.0000000000000000        0.0000000000000000     
   478.00000000000006       0.99829780999999995       -1.7008716300000002E-003   0.0000000000000000        0.0000000000000000        0.0000000000000000     
   479.00000000000000       0.99831106999999997       -1.6916516000000004E-003   0.0000000000000000        0.0000000000000000        0.0000000000000000     
   480.00000000000000       0.99831770000000009       -1.6825046100000000E-003   0.0000000000000000        0.0000000000000000        0.0000000000000000     
   481.00000000000000       0.99832432999999998       -1.6734239200000001E-003   0.0000000000000000        0.0000000000000000        0.0000000000000000     
   482.00000000000000       0.99833759000000000       -1.6643466000000001E-003   0.0000000000000000        0.0000000000000000        0.0000000000000000     
   483.00000000000006       0.99834422000000012       -1.6554052500000001E-003   0.0000000000000000        0.0000000000000000        0.0000000000000000     
   484.00000000000000       0.99835422000000018       -1.6464672700000004E-003   0.0000000000000000        0.0000000000000000        0.0000000000000000     
   485.00000000000000       0.99836085000000008       -1.6375989600000002E-003   0.0000000000000000        0.0000000000000000        0.0000000000000000     
   486.00000000000000       0.99837411000000009       -1.6287969500000002E-003   0.0000000000000000        0.0000000000000000        0.0000000000000000     
   487.00000000000000       0.99838074000000021       -1.6200646100000002E-003   0.0000000000000000        0.0000000000000000        0.0000000000000000     
   488.00000000000006       0.99838737000000011       -1.6113356400000002E-003   0.0000000000000000        0.0000000000000000        0.0000000000000000     
   489.00000000000000       0.99839400000000023       -1.6026763400000003E-003   0.0000000000000000        0.0000000000000000        0.0000000000000000     
   490.00000000000000       0.99840726000000002       -1.5941530100000002E-003   0.0000000000000000        0.0000000000000000        0.0000000000000000     
   491.00000000000000       0.99841726000000008       -1.5855667500000001E-003   0.0000000000000000        0.0000000000000000        0.0000000000000000     
   492.00000000000000       0.99842388999999998       -1.5771130900000003E-003   0.0000000000000000        0.0000000000000000        0.0000000000000000     
   493.00000000000006       0.99843052000000010       -1.5687290999999999E-003   0.0000000000000000        0.0000000000000000        0.0000000000000000     
   494.00000000000000       0.99843715000000000       -1.5603484800000003E-003   0.0000000000000000        0.0000000000000000        0.0000000000000000     
   495.00000000000000       0.99845041000000001       -1.5520375300000001E-003   0.0000000000000000        0.0000000000000000        0.0000000000000000     
   496.00000000000000       0.99845704000000013       -1.5437265799999999E-003   0.0000000000000000        0.0000000000000000        0.0000000000000000     
   497.00000000000000       0.99846367000000003       -1.5355549700000000E-003   0.0000000000000000        0.0000000000000000        0.0000000000000000     
   498.00000000000006       0.99847030000000014       -1.5273833600000003E-003   0.0000000000000000        0.0000000000000000        0.0000000000000000     
   499.00000000000000       0.99848029999999999       -1.5192780500000000E-003   0.0000000000000000        0.0000000000000000        0.0000000000000000     
   500.00000000000000       0.99848693000000011       -1.5112457800000000E-003   0.0000000000000000        0.0000000000000000        0.0000000000000000     
   501.00000000000000       0.99850019000000012       -1.5032135100000001E-003   0.0000000000000000        0.0000000000000000        0.0000000000000000     
   502.00000000000000       0.99850682000000002       -1.4953172099999999E-003   0.0000000000000000        0.0000000000000000        0.0000000000000000     
   503.00000000000006       0.99851345000000014       -1.4873579800000001E-003   0.0000000000000000        0.0000000000000000        0.0000000000000000     
   504.00000000000006       0.99852008000000003       -1.4795313500000002E-003   0.0000000000000000        0.0000000000000000        0.0000000000000000     
   505.00000000000000       0.99852671000000004       -1.4717080899999998E-003   0.0000000000000000        0.0000000000000000        0.0000000000000000     
   506.00000000000000       0.99853334000000005       -1.4639545000000001E-003   0.0000000000000000        0.0000000000000000        0.0000000000000000     
   507.00000000000000       0.99853997000000005       -1.4562705800000002E-003   0.0000000000000000        0.0000000000000000        0.0000000000000000     
   508.00000000000000       0.99854997000000001       -1.4485866599999999E-003   0.0000000000000000        0.0000000000000000        0.0000000000000000     
   509.00000000000006       0.99856323000000002       -1.4409724100000001E-003   0.0000000000000000        0.0000000000000000        0.0000000000000000     
   510.00000000000000       0.99856986000000014       -1.4334278300000001E-003   0.0000000000000000        0.0000000000000000        0.0000000000000000     
   511.00000000000000       0.99857649000000004       -1.4259495499999999E-003   0.0000000000000000        0.0000000000000000        0.0000000000000000     
   512.00000000000000       0.99858312000000016       -1.4184746400000001E-003   0.0000000000000000        0.0000000000000000        0.0000000000000000     
   513.00000000000000       0.99858975000000005       -1.4109997299999999E-003   0.0000000000000000        0.0000000000000000        0.0000000000000000     
   514.00000000000000       0.99859637999999995       -1.4036641600000002E-003   0.0000000000000000        0.0000000000000000        0.0000000000000000     
   515.00000000000000       0.99860301000000007       -1.3963285900000001E-003   0.0000000000000000        0.0000000000000000        0.0000000000000000     
   516.00000000000000       0.99861301000000002       -1.3889930200000002E-003   0.0000000000000000        0.0000000000000000        0.0000000000000000     
   517.00000000000000       0.99861964000000003       -1.3817967900000001E-003   0.0000000000000000        0.0000000000000000        0.0000000000000000     
   518.00000000000000       0.99862627000000004       -1.3746005600000001E-003   0.0000000000000000        0.0000000000000000        0.0000000000000000     
   519.00000000000000       0.99863290000000005       -1.3674043300000002E-003   0.0000000000000000        0.0000000000000000        0.0000000000000000     
   520.00000000000000       0.99863953000000005       -1.3602777700000000E-003   0.0000000000000000        0.0000000000000000        0.0000000000000000     
   521.00000000000000       0.99864616000000006       -1.3532208800000002E-003   0.0000000000000000        0.0000000000000000        0.0000000000000000     
   522.00000000000000       0.99865279000000007       -1.3462336600000000E-003   0.0000000000000000        0.0000000000000000        0.0000000000000000     
   523.00000000000000       0.99865942000000008       -1.3392464400000001E-003   0.0000000000000000        0.0000000000000000        0.0000000000000000     
   524.00000000000000       0.99866605000000008       -1.3322625900000001E-003   0.0000000000000000        0.0000000000000000        0.0000000000000000     
   525.00000000000000       0.99867268000000009       -1.3254113400000000E-003   0.0000000000000000        0.0000000000000000        0.0000000000000000     
   526.00000000000000       0.99868267999999993       -1.3184971600000001E-003   0.0000000000000000        0.0000000000000000        0.0000000000000000     
   527.00000000000000       0.99868931000000005       -1.3117155800000000E-003   0.0000000000000000        0.0000000000000000        0.0000000000000000     
   528.00000000000000       0.99869593999999995       -1.3049407400000000E-003   0.0000000000000000        0.0000000000000000        0.0000000000000000     
   529.00000000000000       0.99870257000000007       -1.2981625300000001E-003   0.0000000000000000        0.0000000000000000        0.0000000000000000     
   530.00000000000000       0.99870919999999996       -1.2915236600000001E-003   0.0000000000000000        0.0000000000000000        0.0000000000000000     
   531.00000000000000       0.99871583000000008       -1.2848184900000001E-003   0.0000000000000000        0.0000000000000000        0.0000000000000000     
   532.00000000000000       0.99872245999999998       -1.2782459199999999E-003   0.0000000000000000        0.0000000000000000        0.0000000000000000     
   533.00000000000000       0.99872909000000010       -1.2716767200000000E-003   0.0000000000000000        0.0000000000000000        0.0000000000000000     
   534.00000000000000       0.99873571999999999       -1.2651108900000000E-003   0.0000000000000000        0.0000000000000000        0.0000000000000000     
   535.00000000000000       0.99874235000000011       -1.2586113600000001E-003   0.0000000000000000        0.0000000000000000        0.0000000000000000     
   536.00000000000000       0.99875235000000007       -1.2521152000000001E-003   0.0000000000000000        0.0000000000000000        0.0000000000000000     
   537.00000000000000       0.99875235000000007       -1.2457516400000001E-003   0.0000000000000000        0.0000000000000000        0.0000000000000000     
   538.00000000000000       0.99875898000000007       -1.2393251499999999E-003   0.0000000000000000        0.0000000000000000        0.0000000000000000     
   539.00000000000000       0.99876561000000008       -1.2329649599999999E-003   0.0000000000000000        0.0000000000000000        0.0000000000000000     
   540.00000000000000       0.99877224000000009       -1.2266744400000001E-003   0.0000000000000000        0.0000000000000000        0.0000000000000000     
   541.00000000000000       0.99877887000000010       -1.2203872900000000E-003   0.0000000000000000        0.0000000000000000        0.0000000000000000     
   542.00000000000000       0.99878549999999999       -1.2141664400000000E-003   0.0000000000000000        0.0000000000000000        0.0000000000000000     
   543.00000000000000       0.99879213000000011       -1.2079489600000000E-003   0.0000000000000000        0.0000000000000000        0.0000000000000000     
   544.00000000000000       0.99879876000000001       -1.2017977800000002E-003   0.0000000000000000        0.0000000000000000        0.0000000000000000     
   545.00000000000000       0.99880539000000013       -1.1956499700000003E-003   0.0000000000000000        0.0000000000000000        0.0000000000000000     
   546.00000000000000       0.99880876000000018       -1.1895684599999999E-003   0.0000000000000000        0.0000000000000000        0.0000000000000000     
   547.00000000000000       0.99881539000000008       -1.1835532500000000E-003   0.0000000000000000        0.0000000000000000        0.0000000000000000     
   548.00000000000000       0.99882202000000020       -1.1774784800000003E-003   0.0000000000000000        0.0000000000000000        0.0000000000000000     
   549.00000000000000       0.99882865000000010       -1.1715329400000000E-003   0.0000000000000000        0.0000000000000000        0.0000000000000000     
   550.00000000000000       0.99883527999999999       -1.1655941400000001E-003   0.0000000000000000        0.0000000000000000        0.0000000000000000     
