   1.0000000000000000        1.5003206000000002E-002 -0.98499549000000008        0.0000000000000000        0.0000000000000000        0.0000000000000000     
   2.0000000000000000       0.15334716000000001      -0.84665284000000007        0.0000000000000000        0.0000000000000000        0.0000000000000000     
   3.0000000000000000       0.30304780000000003      -0.69695220000000002        0.0000000000000000        0.0000000000000000        0.0000000000000000     
   4.0000000000000000       0.41572795000000007      -0.58427205000000004        0.0000000000000000        0.0000000000000000        0.0000000000000000     
   5.0000000000000000       0.49814732000000000      -0.50185268000000005        0.0000000000000000        0.0000000000000000        0.0000000000000000     
   6.0000000000000000       0.55972324000000007      -0.44027676000000004        0.0000000000000000        0.0000000000000000        0.0000000000000000     
   7.0000000000000000       0.60722692000000000      -0.39277308000000005        0.0000000000000000        0.0000000000000000        0.0000000000000000     
   8.0000000000000000       0.64480708000000009      -0.35519292000000002        0.0000000000000000        0.0000000000000000        0.0000000000000000     
   9.0000000000000000       0.67521471000000011      -0.32478529000000000        0.0000000000000000        0.0000000000000000        0.0000000000000000     
   10.000000000000000       0.70030710000000007      -0.29969290000000004        0.0000000000000000        0.0000000000000000        0.0000000000000000     
   11.000000000000000       0.72134805999999996      -0.27865194000000004        0.0000000000000000        0.0000000000000000        0.0000000000000000     
   12.000000000000000       0.73924791999999995      -0.26075208000000000        0.0000000000000000        0.0000000000000000        0.0000000000000000     
   13.000000000000000       0.75464364000000006      -0.24535636000000000        0.0000000000000000        0.0000000000000000        0.0000000000000000     
   14.000000000000000       0.76805858999999999      -0.23194141000000001        0.0000000000000000        0.0000000000000000        0.0000000000000000     
   15.000000000000000       0.77984625000000007      -0.22015375000000004        0.0000000000000000        0.0000000000000000        0.0000000000000000     
   16.000000000000000       0.79028347000000010      -0.20971653000000001        0.0000000000000000        0.0000000000000000        0.0000000000000000     
   17.000000000000000       0.79960025000000001      -0.20039975000000004        0.0000000000000000        0.0000000000000000        0.0000000000000000     
   18.000000000000000       0.80797669999999999      -0.19202330000000001        0.0000000000000000        0.0000000000000000        0.0000000000000000     
   19.000000000000000       0.81554282000000011      -0.18445718000000000        0.0000000000000000        0.0000000000000000        0.0000000000000000     
   20.000000000000000       0.82242208999999999      -0.17757791000000001        0.0000000000000000        0.0000000000000000        0.0000000000000000     
   21.000000000000000       0.82870440000000012      -0.17129560000000002        0.0000000000000000        0.0000000000000000        0.0000000000000000     
   22.000000000000000       0.83446986000000001      -0.16553013999999999        0.0000000000000000        0.0000000000000000        0.0000000000000000     
   23.000000000000000       0.83978847000000012      -0.16021153000000002        0.0000000000000000        0.0000000000000000        0.0000000000000000     
   24.000000000000000       0.84470360000000000      -0.15529640000000000        0.0000000000000000        0.0000000000000000        0.0000000000000000     
   25.000000000000000       0.84927187999999998      -0.15072812000000002        0.0000000000000000        0.0000000000000000        0.0000000000000000     
   26.000000000000000       0.85352668000000009      -0.14647230900000002        0.0000000000000000        0.0000000000000000        0.0000000000000000     
   27.000000000000000       0.85750137000000004      -0.14249728200000000        0.0000000000000000        0.0000000000000000        0.0000000000000000     
   28.000000000000000       0.86123258000000003      -0.13876640900000001        0.0000000000000000        0.0000000000000000        0.0000000000000000     
   29.000000000000000       0.86473705000000001      -0.13526396100000002        0.0000000000000000        0.0000000000000000        0.0000000000000000     
   30.000000000000000       0.86803804000000007      -0.13196263400000002        0.0000000000000000        0.0000000000000000        0.0000000000000000     
   31.000000000000000       0.87115892000000006      -0.12884209100000002        0.0000000000000000        0.0000000000000000        0.0000000000000000     
   32.000000000000000       0.87410969000000005      -0.12589031000000001        0.0000000000000000        0.0000000000000000        0.0000000000000000     
   33.000000000000000       0.87691034999999995      -0.12308863900000000        0.0000000000000000        0.0000000000000000        0.0000000000000000     
   34.000000000000000       0.87957426999999999      -0.12042573000000001        0.0000000000000000        0.0000000000000000        0.0000000000000000     
   35.000000000000000       0.88211471000000008      -0.11788461600000000        0.0000000000000000        0.0000000000000000        0.0000000000000000     
   36.000000000000000       0.88453178000000010      -0.11546822000000001        0.0000000000000000        0.0000000000000000        0.0000000000000000     
   37.000000000000000       0.88684536999999997      -0.11315328200000001        0.0000000000000000        0.0000000000000000        0.0000000000000000     
   38.000000000000000       0.88906222000000001      -0.11093744300000001        0.0000000000000000        0.0000000000000000        0.0000000000000000     
   39.000000000000000       0.89118232999999991      -0.10881767000000001        0.0000000000000000        0.0000000000000000        0.0000000000000000     
   40.000000000000000       0.89322233000000006      -0.10677834400000000        0.0000000000000000        0.0000000000000000        0.0000000000000000     
   41.000000000000000       0.89518221999999992      -0.10481778000000000        0.0000000000000000        0.0000000000000000        0.0000000000000000     
   42.000000000000000       0.89706537000000008      -0.10293361900000000        0.0000000000000000        0.0000000000000000        0.0000000000000000     
   43.000000000000000       0.89888178000000019      -0.10111788300000001        0.0000000000000000        0.0000000000000000        0.0000000000000000     
   44.000000000000000       0.90063145000000011       -9.9368550000000000E-002   0.0000000000000000        0.0000000000000000        0.0000000000000000     
   45.000000000000000       0.90232764000000010       -9.7671349000000005E-002   0.0000000000000000        0.0000000000000000        0.0000000000000000     
   46.000000000000000       0.90396045999999997       -9.6038192000000008E-002   0.0000000000000000        0.0000000000000000        0.0000000000000000     
   47.000000000000000       0.90554654000000001       -9.4454134000000009E-002   0.0000000000000000        0.0000000000000000        0.0000000000000000     
   48.000000000000000       0.90708251000000006       -9.2918501000000014E-002   0.0000000000000000        0.0000000000000000        0.0000000000000000     
   49.000000000000000       0.90857173999999996       -9.1429945000000012E-002   0.0000000000000000        0.0000000000000000        0.0000000000000000     
   50.000000000000000       0.91001423000000004       -8.9987454999999994E-002   0.0000000000000000        0.0000000000000000        0.0000000000000000     
   51.000000000000000       0.91140998000000006       -8.8590020000000005E-002   0.0000000000000000        0.0000000000000000        0.0000000000000000     
   52.000000000000000       0.91277562000000012       -8.7224043000000001E-002   0.0000000000000000        0.0000000000000000        0.0000000000000000     
   53.000000000000000       0.91409789000000008       -8.5901436000000012E-002   0.0000000000000000        0.0000000000000000        0.0000000000000000     
   54.000000000000000       0.91538342000000017       -8.4615231999999999E-002   0.0000000000000000        0.0000000000000000        0.0000000000000000     
   55.000000000000000       0.91664221000000001       -8.3357790000000001E-002   0.0000000000000000        0.0000000000000000        0.0000000000000000     
   56.000000000000000       0.91786425999999999       -8.2134729000000004E-002   0.0000000000000000        0.0000000000000000        0.0000000000000000     
   57.000000000000000       0.91905956999999994       -8.0939418999999999E-002   0.0000000000000000        0.0000000000000000        0.0000000000000000     
   58.000000000000000       0.92022814000000008       -7.9770849000000005E-002   0.0000000000000000        0.0000000000000000        0.0000000000000000     
   59.000000000000007       0.92136334000000009       -7.8635311999999999E-002   0.0000000000000000        0.0000000000000000        0.0000000000000000     
   60.000000000000000       0.92247517000000001       -7.7525167000000006E-002   0.0000000000000000        0.0000000000000000        0.0000000000000000     
   61.000000000000007       0.92356689000000003       -7.6433784000000018E-002   0.0000000000000000        0.0000000000000000        0.0000000000000000     
   62.000000000000000       0.92462524000000013       -7.5373412000000015E-002   0.0000000000000000        0.0000000000000000        0.0000000000000000     
   63.000000000000007       0.92567021999999999       -7.4330791000000007E-002   0.0000000000000000        0.0000000000000000        0.0000000000000000     
   64.000000000000000       0.92668846000000005       -7.3311539999999994E-002   0.0000000000000000        0.0000000000000000        0.0000000000000000     
   65.000000000000000       0.92768333000000003       -7.2314333000000008E-002   0.0000000000000000        0.0000000000000000        0.0000000000000000     
   66.000000000000000       0.92866483000000000       -7.1335844000000009E-002   0.0000000000000000        0.0000000000000000        0.0000000000000000     
   67.000000000000000       0.92962296000000011       -7.0376736000000009E-002   0.0000000000000000        0.0000000000000000        0.0000000000000000     
   68.000000000000000       0.93056435000000004       -6.9435335000000001E-002   0.0000000000000000        0.0000000000000000        0.0000000000000000     
   69.000000000000000       0.93148900000000001       -6.8511641000000012E-002   0.0000000000000000        0.0000000000000000        0.0000000000000000     
   70.000000000000000       0.93239702000000002       -6.7604316999999997E-002   0.0000000000000000        0.0000000000000000        0.0000000000000000     
   71.000000000000000       0.93328830000000007       -6.6712700000000000E-002   0.0000000000000000        0.0000000000000000        0.0000000000000000     
   72.000000000000000       0.93416621000000011       -6.5836778999999998E-002   0.0000000000000000        0.0000000000000000        0.0000000000000000     
   73.000000000000000       0.93502412000000001       -6.4975891000000008E-002   0.0000000000000000        0.0000000000000000        0.0000000000000000     
   74.000000000000000       0.93586866000000002       -6.4129698999999998E-002   0.0000000000000000        0.0000000000000000        0.0000000000000000     
   75.000000000000000       0.93670646000000002       -6.3297203000000010E-002   0.0000000000000000        0.0000000000000000        0.0000000000000000     
   76.000000000000000       0.93752426000000000       -6.2477729000000003E-002   0.0000000000000000        0.0000000000000000        0.0000000000000000     
   77.000000000000000       0.93833206000000002       -6.1670951000000002E-002   0.0000000000000000        0.0000000000000000        0.0000000000000000     
   78.000000000000000       0.93912312000000009       -6.0876857999999999E-002   0.0000000000000000        0.0000000000000000        0.0000000000000000     
   79.000000000000000       0.93990755000000004       -6.0094450000000001E-002   0.0000000000000000        0.0000000000000000        0.0000000000000000     
   80.000000000000000       0.94067861000000008       -5.9324064000000003E-002   0.0000000000000000        0.0000000000000000        0.0000000000000000     
   81.000000000000000       0.94143630000000011       -5.8564363000000001E-002   0.0000000000000000        0.0000000000000000        0.0000000000000000     
   82.000000000000000       0.94218398999999997       -5.7815673000000005E-002   0.0000000000000000        0.0000000000000000        0.0000000000000000     
   83.000000000000000       0.94292167999999998       -5.7077994000000000E-002   0.0000000000000000        0.0000000000000000        0.0000000000000000     
   84.000000000000000       0.94364600000000010       -5.6350000000000004E-002   0.0000000000000000        0.0000000000000000        0.0000000000000000     
   85.000000000000000       0.94437031999999999       -5.5632343000000001E-002   0.0000000000000000        0.0000000000000000        0.0000000000000000     
   86.000000000000000       0.94507464000000008       -5.4924034000000004E-002   0.0000000000000000        0.0000000000000000        0.0000000000000000     
   87.000000000000000       0.94577559000000000       -5.4225062000000004E-002   0.0000000000000000        0.0000000000000000        0.0000000000000000     
   88.000000000000000       0.94646654000000008       -5.3535427000000003E-002   0.0000000000000000        0.0000000000000000        0.0000000000000000     
   89.000000000000000       0.94714423000000003       -5.2854668200000003E-002   0.0000000000000000        0.0000000000000000        0.0000000000000000     
   90.000000000000000       0.94781518000000009       -5.2182909400000005E-002   0.0000000000000000        0.0000000000000000        0.0000000000000000     
   91.000000000000000       0.94848276000000009       -5.1519420200000006E-002   0.0000000000000000        0.0000000000000000        0.0000000000000000     
   92.000000000000000       0.94913708000000008       -5.0864133200000008E-002   0.0000000000000000        0.0000000000000000        0.0000000000000000     
   93.000000000000000       0.94978466000000017       -5.0216846200000005E-002   0.0000000000000000        0.0000000000000000        0.0000000000000000     
   94.000000000000000       0.95041898000000002       -4.9578121100000004E-002   0.0000000000000000        0.0000000000000000        0.0000000000000000     
   95.000000000000000       0.95104993000000004       -4.8946530800000006E-002   0.0000000000000000        0.0000000000000000        0.0000000000000000     
   96.000000000000000       0.95167425000000017       -4.8322637200000004E-002   0.0000000000000000        0.0000000000000000        0.0000000000000000     
   97.000000000000000       0.95229520000000001       -4.7706934800000003E-002   0.0000000000000000        0.0000000000000000        0.0000000000000000     
   98.000000000000000       0.95289952000000011       -4.7098063900000001E-002   0.0000000000000000        0.0000000000000000        0.0000000000000000     
   99.000000000000000       0.95350047000000004       -4.6496552700000006E-002   0.0000000000000000        0.0000000000000000        0.0000000000000000     
   100.00000000000000       0.95409479000000008       -4.5902333799999993E-002   0.0000000000000000        0.0000000000000000        0.0000000000000000     
   101.00000000000000       0.95468248000000011       -4.5314643100000003E-002   0.0000000000000000        0.0000000000000000        0.0000000000000000     
   102.00000000000000       0.95526679999999997       -4.4734076200000007E-002   0.0000000000000000        0.0000000000000000        0.0000000000000000     
   103.00000000000000       0.95584112000000010       -4.4160532000000002E-002   0.0000000000000000        0.0000000000000000        0.0000000000000000     
   104.00000000000000       0.95640881000000011       -4.3593943100000004E-002   0.0000000000000000        0.0000000000000000        0.0000000000000000     
   105.00000000000001       0.95696650000000005       -4.3033579100000004E-002   0.0000000000000000        0.0000000000000000        0.0000000000000000     
   106.00000000000000       0.95751755999999999       -4.2479372600000002E-002   0.0000000000000000        0.0000000000000000        0.0000000000000000     
   107.00000000000000       0.95806862000000004       -4.1932582199999999E-002   0.0000000000000000        0.0000000000000000        0.0000000000000000     
   108.00000000000000       0.95860968000000002       -4.1391151500000001E-002   0.0000000000000000        0.0000000000000000        0.0000000000000000     
   109.00000000000001       0.95914410999999999       -4.0857069500000003E-002   0.0000000000000000        0.0000000000000000        0.0000000000000000     
   110.00000000000000       0.95966854000000001       -4.0328212400000001E-002   0.0000000000000000        0.0000000000000000        0.0000000000000000     
   111.00000000000000       0.96019297000000003       -3.9805872499999999E-002   0.0000000000000000        0.0000000000000000        0.0000000000000000     
   112.00000000000000       0.96071077000000005       -3.9290049800000004E-002   0.0000000000000000        0.0000000000000000        0.0000000000000000     
   113.00000000000000       0.96121856999999999       -3.8779980200000001E-002   0.0000000000000000        0.0000000000000000        0.0000000000000000     
   114.00000000000000       0.96172637000000005       -3.8275663700000004E-002   0.0000000000000000        0.0000000000000000        0.0000000000000000     
   115.00000000000000       0.96221753999999993       -3.7777662199999999E-002   0.0000000000000000        0.0000000000000000        0.0000000000000000     
   116.00000000000000       0.96271208000000008       -3.7285312700000003E-002   0.0000000000000000        0.0000000000000000        0.0000000000000000     
   117.00000000000000       0.96320325000000007       -3.6799244500000002E-002   0.0000000000000000        0.0000000000000000        0.0000000000000000     
   118.00000000000001       0.96368116000000015       -3.6318097899999999E-002   0.0000000000000000        0.0000000000000000        0.0000000000000000     
   119.00000000000000       0.96415570000000006       -3.5843131500000007E-002   0.0000000000000000        0.0000000000000000        0.0000000000000000     
   120.00000000000000       0.96462361000000008       -3.5374345300000005E-002   0.0000000000000000        0.0000000000000000        0.0000000000000000     
   121.00000000000000       0.96508489000000008       -3.4910345900000000E-002   0.0000000000000000        0.0000000000000000        0.0000000000000000     
   122.00000000000001       0.96554617000000009       -3.4452493000000001E-002   0.0000000000000000        0.0000000000000000        0.0000000000000000     
   123.00000000000000       0.96600082000000009       -3.4000022499999998E-002   0.0000000000000000        0.0000000000000000        0.0000000000000000     
   124.00000000000000       0.96644547000000003       -3.3552934400000005E-002   0.0000000000000000        0.0000000000000000        0.0000000000000000     
   125.00000000000000       0.96689011999999996       -3.3111195000000003E-002   0.0000000000000000        0.0000000000000000        0.0000000000000000     
   126.00000000000001       0.96732151000000000       -3.2675467300000004E-002   0.0000000000000000        0.0000000000000000        0.0000000000000000     
   127.00000000000000       0.96775290000000003       -3.2244391600000005E-002   0.0000000000000000        0.0000000000000000        0.0000000000000000     
   128.00000000000000       0.96818092000000000       -3.1819260200000005E-002   0.0000000000000000        0.0000000000000000        0.0000000000000000     
   129.00000000000000       0.96859905000000013       -3.1398713400000000E-002   0.0000000000000000        0.0000000000000000        0.0000000000000000     
   130.00000000000000       0.96901381000000009       -3.0984110900000000E-002   0.0000000000000000        0.0000000000000000        0.0000000000000000     
   131.00000000000000       0.96942857000000004       -3.0574059300000001E-002   0.0000000000000000        0.0000000000000000        0.0000000000000000     
   132.00000000000000       0.96983006999999999       -3.0169850900000003E-002   0.0000000000000000        0.0000000000000000        0.0000000000000000     
   133.00000000000000       0.97022819999999999       -2.9770193399999999E-002   0.0000000000000000        0.0000000000000000        0.0000000000000000     
   134.00000000000000       0.97062307000000003       -2.9376345400000000E-002   0.0000000000000000        0.0000000000000000        0.0000000000000000     
   135.00000000000000       0.97101457000000013       -2.8986980900000001E-002   0.0000000000000000        0.0000000000000000        0.0000000000000000     
   136.00000000000000       0.97139944000000000       -2.8602762900000002E-002   0.0000000000000000        0.0000000000000000        0.0000000000000000     
   137.00000000000000       0.97177768000000009       -2.8223691400000001E-002   0.0000000000000000        0.0000000000000000        0.0000000000000000     
   138.00000000000000       0.97214928999999994       -2.7849036000000001E-002   0.0000000000000000        0.0000000000000000        0.0000000000000000     
   139.00000000000000       0.97252090000000002       -2.7479459700000000E-002   0.0000000000000000        0.0000000000000000        0.0000000000000000     
   140.00000000000000       0.97288587999999998       -2.7114996199999998E-002   0.0000000000000000        0.0000000000000000        0.0000000000000000     
   141.00000000000000       0.97324086000000010       -2.6755578100000003E-002   0.0000000000000000        0.0000000000000000        0.0000000000000000     
   142.00000000000000       0.97359921000000016       -2.6400542400000004E-002   0.0000000000000000        0.0000000000000000        0.0000000000000000     
   143.00000000000000       0.97394756000000005       -2.6049889100000001E-002   0.0000000000000000        0.0000000000000000        0.0000000000000000     
   144.00000000000000       0.97429591000000015       -2.5704944200000000E-002   0.0000000000000000        0.0000000000000000        0.0000000000000000     
   145.00000000000000       0.97463763000000003       -2.5363651300000001E-002   0.0000000000000000        0.0000000000000000        0.0000000000000000     
   146.00000000000000       0.97497272000000001       -2.5027403800000000E-002   0.0000000000000000        0.0000000000000000        0.0000000000000000     
   147.00000000000000       0.97530117999999999       -2.4696134300000002E-002   0.0000000000000000        0.0000000000000000        0.0000000000000000     
   148.00000000000000       0.97562964000000008       -2.4368516800000000E-002   0.0000000000000000        0.0000000000000000        0.0000000000000000     
   149.00000000000000       0.97595472999999999       -2.4045877300000001E-002   0.0000000000000000        0.0000000000000000        0.0000000000000000     
   150.00000000000000       0.97626993000000017       -2.3728182100000002E-002   0.0000000000000000        0.0000000000000000        0.0000000000000000     
   151.00000000000000       0.97658175999999997       -2.3414138900000003E-002   0.0000000000000000        0.0000000000000000        0.0000000000000000     
   152.00000000000000       0.97689695999999993       -2.3104410700000001E-002   0.0000000000000000        0.0000000000000000        0.0000000000000000     
   153.00000000000000       0.97720216000000004       -2.2799593100000001E-002   0.0000000000000000        0.0000000000000000        0.0000000000000000     
   154.00000000000000       0.97750073000000004       -2.2499023099999998E-002   0.0000000000000000        0.0000000000000000        0.0000000000000000     
   155.00000000000000       0.97779930000000004       -2.2202071400000002E-002   0.0000000000000000        0.0000000000000000        0.0000000000000000     
   156.00000000000000       0.97809124000000014       -2.1910030300000004E-002   0.0000000000000000        0.0000000000000000        0.0000000000000000     
   157.00000000000000       0.97837655000000012       -2.1621573800000002E-002   0.0000000000000000        0.0000000000000000        0.0000000000000000     
   158.00000000000000       0.97866186000000011       -2.1337364900000003E-002   0.0000000000000000        0.0000000000000000        0.0000000000000000     
   159.00000000000000       0.97894054000000008       -2.1057403600000003E-002   0.0000000000000000        0.0000000000000000        0.0000000000000000     
   160.00000000000000       0.97921922000000006       -2.0781622499999999E-002   0.0000000000000000        0.0000000000000000        0.0000000000000000     
   161.00000000000000       0.97948790000000008       -2.0509426000000001E-002   0.0000000000000000        0.0000000000000000        0.0000000000000000     
   162.00000000000000       0.97975995000000005       -2.0241443400000000E-002   0.0000000000000000        0.0000000000000000        0.0000000000000000     
   163.00000000000000       0.98002200000000006       -1.9976977999999999E-002   0.0000000000000000        0.0000000000000000        0.0000000000000000     
   164.00000000000000       0.98028079000000012       -1.9716726500000000E-002   0.0000000000000000        0.0000000000000000        0.0000000000000000     
   165.00000000000000       0.98053621000000013       -1.9460025900000000E-002   0.0000000000000000        0.0000000000000000        0.0000000000000000     
   166.00000000000000       0.98079499999999997       -1.9207505500000003E-002   0.0000000000000000        0.0000000000000000        0.0000000000000000     
   167.00000000000000       0.98104378999999997       -1.8958502300000003E-002   0.0000000000000000        0.0000000000000000        0.0000000000000000     
   168.00000000000000       0.98128595000000007       -1.8713016300000003E-002   0.0000000000000000        0.0000000000000000        0.0000000000000000     
   169.00000000000000       0.98152811000000018       -1.8471710499999999E-002   0.0000000000000000        0.0000000000000000        0.0000000000000000     
   170.00000000000000       0.98176364000000005       -1.8233225200000001E-002   0.0000000000000000        0.0000000000000000        0.0000000000000000     
   171.00000000000000       0.98199917000000003       -1.7998920099999999E-002   0.0000000000000000        0.0000000000000000        0.0000000000000000     
   172.00000000000000       0.98222807000000012       -1.7767469200000000E-002   0.0000000000000000        0.0000000000000000        0.0000000000000000     
   173.00000000000000       0.98245697000000010       -1.7540131100000002E-002   0.0000000000000000        0.0000000000000000        0.0000000000000000     
   174.00000000000000       0.98268587000000007       -1.7315647200000003E-002   0.0000000000000000        0.0000000000000000        0.0000000000000000     
   175.00000000000000       0.98290814000000004       -1.7095309800000003E-002   0.0000000000000000        0.0000000000000000        0.0000000000000000     
   176.00000000000000       0.98312378000000000       -1.6877792900000001E-002   0.0000000000000000        0.0000000000000000        0.0000000000000000     
   177.00000000000000       0.98333605000000002       -1.6663759500000000E-002   0.0000000000000000        0.0000000000000000        0.0000000000000000     
   178.00000000000000       0.98354506000000008       -1.6452512900000001E-002   0.0000000000000000        0.0000000000000000        0.0000000000000000     
   179.00000000000000       0.98375407000000004       -1.6244749800000000E-002   0.0000000000000000        0.0000000000000000        0.0000000000000000     
   180.00000000000000       0.98395971000000004       -1.6040436499999998E-002   0.0000000000000000        0.0000000000000000        0.0000000000000000     
   181.00000000000000       0.98416209000000010       -1.5838943700000000E-002   0.0000000000000000        0.0000000000000000        0.0000000000000000     
   182.00000000000000       0.98436110000000010       -1.5640237700000000E-002   0.0000000000000000        0.0000000000000000        0.0000000000000000     
   183.00000000000000       0.98455685000000004       -1.5444981500000001E-002   0.0000000000000000        0.0000000000000000        0.0000000000000000     
   184.00000000000000       0.98474923000000003       -1.5253208800000001E-002   0.0000000000000000        0.0000000000000000        0.0000000000000000     
   185.00000000000000       0.98493835000000018       -1.5063526200000000E-002   0.0000000000000000        0.0000000000000000        0.0000000000000000     
   186.00000000000000       0.98512410000000017       -1.4877293400000002E-002   0.0000000000000000        0.0000000000000000        0.0000000000000000     
   187.00000000000000       0.98530322000000004       -1.4693184400000000E-002   0.0000000000000000        0.0000000000000000        0.0000000000000000     
   188.00000000000000       0.98548571000000007       -1.4512525199999999E-002   0.0000000000000000        0.0000000000000000        0.0000000000000000     
   189.00000000000000       0.98566483000000016       -1.4334652800000002E-002   0.0000000000000000        0.0000000000000000        0.0000000000000000     
   190.00000000000000       0.98584395000000002       -1.4159533500000000E-002   0.0000000000000000        0.0000000000000000        0.0000000000000000     
   191.00000000000000       0.98600981000000010       -1.3986504299999999E-002   0.0000000000000000        0.0000000000000000        0.0000000000000000     
   192.00000000000000       0.98618230000000007       -1.3816924899999999E-002   0.0000000000000000        0.0000000000000000        0.0000000000000000     
   193.00000000000000       0.98634816000000014       -1.3649435600000001E-002   0.0000000000000000        0.0000000000000000        0.0000000000000000     
   194.00000000000000       0.98651401999999999       -1.3484733100000000E-002   0.0000000000000000        0.0000000000000000        0.0000000000000000     
   195.00000000000000       0.98667324999999995       -1.3322783700000000E-002   0.0000000000000000        0.0000000000000000        0.0000000000000000     
   196.00000000000000       0.98683248000000001       -1.3163587400000001E-002   0.0000000000000000        0.0000000000000000        0.0000000000000000     
   197.00000000000003       0.98699170999999997       -1.3006481200000001E-002   0.0000000000000000        0.0000000000000000        0.0000000000000000     
   198.00000000000000       0.98714431000000002       -1.2851465099999999E-002   0.0000000000000000        0.0000000000000000        0.0000000000000000     
   199.00000000000000       0.98730354000000009       -1.2699202100000003E-002   0.0000000000000000        0.0000000000000000        0.0000000000000000     
   200.00000000000000       0.98744951000000003       -1.2549029200000001E-002   0.0000000000000000        0.0000000000000000        0.0000000000000000     
   201.00000000000000       0.98760210999999998       -1.2401609400000003E-002   0.0000000000000000        0.0000000000000000        0.0000000000000000     
   202.00000000000000       0.98774808000000003       -1.2256246000000000E-002   0.0000000000000000        0.0000000000000000        0.0000000000000000     
   203.00000000000000       0.98788405000000012       -1.2113006400000001E-002   0.0000000000000000        0.0000000000000000        0.0000000000000000     
   204.00000000000000       0.98803002000000006       -1.1972486199999998E-002   0.0000000000000000        0.0000000000000000        0.0000000000000000     
   205.00000000000003       0.98816936000000011       -1.1833359400000000E-002   0.0000000000000000        0.0000000000000000        0.0000000000000000     
   206.00000000000000       0.98830207000000003       -1.1696985700000001E-002   0.0000000000000000        0.0000000000000000        0.0000000000000000     
   207.00000000000000       0.98843804000000013       -1.1562702100000001E-002   0.0000000000000000        0.0000000000000000        0.0000000000000000     
   208.00000000000000       0.98857075000000005       -1.1430474900000001E-002   0.0000000000000000        0.0000000000000000        0.0000000000000000     
   209.00000000000000       0.98870345999999998       -1.1299674800000001E-002   0.0000000000000000        0.0000000000000000        0.0000000000000000     
   210.00000000000003       0.98882617000000006       -1.1171560400000002E-002   0.0000000000000000        0.0000000000000000        0.0000000000000000     
   211.00000000000000       0.98895224999999998       -1.1044906800000002E-002   0.0000000000000000        0.0000000000000000        0.0000000000000000     
   212.00000000000000       0.98907496000000017       -1.0920938900000001E-002   0.0000000000000000        0.0000000000000000        0.0000000000000000     
   213.00000000000000       0.98920103999999998       -1.0798398100000000E-002   0.0000000000000000        0.0000000000000000        0.0000000000000000     
   214.00000000000000       0.98932375000000006       -1.0677250700000000E-002   0.0000000000000000        0.0000000000000000        0.0000000000000000     
   215.00000000000000       0.98944320000000008       -1.0558822700000000E-002   0.0000000000000000        0.0000000000000000        0.0000000000000000     
   216.00000000000000       0.98955927999999993       -1.0441788100000000E-002   0.0000000000000000        0.0000000000000000        0.0000000000000000     
   217.00000000000000       0.98967210000000017       -1.0326809900000001E-002   0.0000000000000000        0.0000000000000000        0.0000000000000000     
   218.00000000000003       0.98978818000000002       -1.0213258800000001E-002   0.0000000000000000        0.0000000000000000        0.0000000000000000     
   219.00000000000000       0.98990100000000003       -1.0101067400000000E-002   0.0000000000000000        0.0000000000000000        0.0000000000000000     
   220.00000000000000       0.99001044999999999       -9.9915954000000008E-003   0.0000000000000000        0.0000000000000000        0.0000000000000000     
   221.00000000000000       0.99011664000000010       -9.8828538000000007E-003   0.0000000000000000        0.0000000000000000        0.0000000000000000     
   222.00000000000000       0.99022609000000006       -9.7761685999999993E-003   0.0000000000000000        0.0000000000000000        0.0000000000000000     
   223.00000000000003       0.99032891000000001       -9.6708768000000021E-003   0.0000000000000000        0.0000000000000000        0.0000000000000000     
   224.00000000000000       0.99043510000000001       -9.5676414000000001E-003   0.0000000000000000        0.0000000000000000        0.0000000000000000     
   225.00000000000000       0.99053792000000007       -9.4657994000000006E-003   0.0000000000000000        0.0000000000000000        0.0000000000000000     
   226.00000000000000       0.99063411000000001       -9.3653170999999993E-003   0.0000000000000000        0.0000000000000000        0.0000000000000000     
   227.00000000000000       0.99073030000000006       -9.2662282000000023E-003   0.0000000000000000        0.0000000000000000        0.0000000000000000     
   228.00000000000000       0.99082986000000006       -9.1685326999999990E-003   0.0000000000000000        0.0000000000000000        0.0000000000000000     
   229.00000000000000       0.99092605000000000       -9.0728599000000007E-003   0.0000000000000000        0.0000000000000000        0.0000000000000000     
   230.00000000000000       0.99102224000000017       -8.9779174999999999E-003   0.0000000000000000        0.0000000000000000        0.0000000000000000     
   231.00000000000003       0.99111179999999999       -8.8849978000000007E-003   0.0000000000000000        0.0000000000000000        0.0000000000000000     
   232.00000000000000       0.99121136000000010       -8.7928421999999996E-003   0.0000000000000000        0.0000000000000000        0.0000000000000000     
   233.00000000000000       0.99130092000000003       -8.7026755999999993E-003   0.0000000000000000        0.0000000000000000        0.0000000000000000     
   234.00000000000000       0.99138385000000007       -8.6132731000000008E-003   0.0000000000000000        0.0000000000000000        0.0000000000000000     
   235.00000000000000       0.99147341000000000       -8.5251966000000016E-003   0.0000000000000000        0.0000000000000000        0.0000000000000000     
   236.00000000000003       0.99156297000000004       -8.4391764999999994E-003   0.0000000000000000        0.0000000000000000        0.0000000000000000     
   237.00000000000000       0.99164590000000019       -8.3538867999999999E-003   0.0000000000000000        0.0000000000000000        0.0000000000000000     
   238.00000000000000       0.99172883000000012       -8.2692938000000007E-003   0.0000000000000000        0.0000000000000000        0.0000000000000000     
   239.00000000000003       0.99181176000000004       -8.1867572000000003E-003   0.0000000000000000        0.0000000000000000        0.0000000000000000     
   240.00000000000000       0.99189806000000003       -8.1048835999999996E-003   0.0000000000000000        0.0000000000000000        0.0000000000000000     
   241.00000000000000       0.99197435999999994       -8.0244371000000002E-003   0.0000000000000000        0.0000000000000000        0.0000000000000000     
   242.00000000000000       0.99205728999999998       -7.9453166000000002E-003   0.0000000000000000        0.0000000000000000        0.0000000000000000     
   243.00000000000000       0.99213358999999990       -7.8669264999999995E-003   0.0000000000000000        0.0000000000000000        0.0000000000000000     
   244.00000000000003       0.99220989000000004       -7.7898961000000006E-003   0.0000000000000000        0.0000000000000000        0.0000000000000000     
   245.00000000000000       0.99228618999999996       -7.7135624000000003E-003   0.0000000000000000        0.0000000000000000        0.0000000000000000     
   246.00000000000000       0.99236248999999999       -7.6386221000000008E-003   0.0000000000000000        0.0000000000000000        0.0000000000000000     
   247.00000000000000       0.99243879000000002       -7.5650415000000004E-003   0.0000000000000000        0.0000000000000000        0.0000000000000000     
   248.00000000000000       0.99250846000000004       -7.4921576000000004E-003   0.0000000000000000        0.0000000000000000        0.0000000000000000     
   249.00000000000003       0.99257813000000006       -7.4199703999999998E-003   0.0000000000000000        0.0000000000000000        0.0000000000000000     
   250.00000000000000       0.99265443000000009       -7.3491429000000002E-003   0.0000000000000000        0.0000000000000000        0.0000000000000000     
   251.00000000000000       0.99272073000000005       -7.2790457999999999E-003   0.0000000000000000        0.0000000000000000        0.0000000000000000     
   252.00000000000003       0.99279040000000007       -7.2102746999999998E-003   0.0000000000000000        0.0000000000000000        0.0000000000000000     
   253.00000000000000       0.99285344000000009       -7.1422340000000008E-003   0.0000000000000000        0.0000000000000000        0.0000000000000000     
   254.00000000000000       0.99292311000000000       -7.0755530000000001E-003   0.0000000000000000        0.0000000000000000        0.0000000000000000     
   255.00000000000000       0.99299278000000002       -7.0095687000000005E-003   0.0000000000000000        0.0000000000000000        0.0000000000000000     
   256.00000000000000       0.99305582000000014       -6.9440159000000012E-003   0.0000000000000000        0.0000000000000000        0.0000000000000000     
   257.00000000000000       0.99311886000000005       -6.8796902000000009E-003   0.0000000000000000        0.0000000000000000        0.0000000000000000     
   258.00000000000000       0.99318189999999995       -6.8161938000000002E-003   0.0000000000000000        0.0000000000000000        0.0000000000000000     
   259.00000000000000       0.99324494000000008       -6.7535267000000000E-003   0.0000000000000000        0.0000000000000000        0.0000000000000000     
   260.00000000000000       0.99330461000000014       -6.6917552000000007E-003   0.0000000000000000        0.0000000000000000        0.0000000000000000     
   261.00000000000000       0.99336764999999994       -6.6308130000000010E-003   0.0000000000000000        0.0000000000000000        0.0000000000000000     
   262.00000000000000       0.99343069000000006       -6.5706338000000005E-003   0.0000000000000000        0.0000000000000000        0.0000000000000000     
   263.00000000000000       0.99348710000000007       -6.5112175999999999E-003   0.0000000000000000        0.0000000000000000        0.0000000000000000     
   264.00000000000000       0.99355014000000008       -6.4525970000000009E-003   0.0000000000000000        0.0000000000000000        0.0000000000000000     
   265.00000000000000       0.99360318000000003       -6.3947764700000003E-003   0.0000000000000000        0.0000000000000000        0.0000000000000000     
   266.00000000000000       0.99365959000000004       -6.3377020900000003E-003   0.0000000000000000        0.0000000000000000        0.0000000000000000     
   267.00000000000000       0.99371600000000004       -6.2813873400000006E-003   0.0000000000000000        0.0000000000000000        0.0000000000000000     
   268.00000000000000       0.99377241000000005       -6.2257659200000010E-003   0.0000000000000000        0.0000000000000000        0.0000000000000000     
   269.00000000000000       0.99382882000000006       -6.1709041300000008E-003   0.0000000000000000        0.0000000000000000        0.0000000000000000     
   270.00000000000000       0.99388186000000012       -6.1166660000000006E-003   0.0000000000000000        0.0000000000000000        0.0000000000000000     
   271.00000000000000       0.99393827000000001       -6.0631841299999996E-003   0.0000000000000000        0.0000000000000000        0.0000000000000000     
   272.00000000000000       0.99398805000000001       -6.0103292900000006E-003   0.0000000000000000        0.0000000000000000        0.0000000000000000     
   273.00000000000000       0.99404109000000007       -5.9582273400000003E-003   0.0000000000000000        0.0000000000000000        0.0000000000000000     
   274.00000000000000       0.99409087000000007       -5.9066861199999999E-003   0.0000000000000000        0.0000000000000000        0.0000000000000000     
   275.00000000000000       0.99414727999999997       -5.8558348599999999E-003   0.0000000000000000        0.0000000000000000        0.0000000000000000     
   276.00000000000000       0.99419706000000008       -5.8056038900000002E-003   0.0000000000000000        0.0000000000000000        0.0000000000000000     
   277.00000000000000       0.99424347000000002       -5.7559965799999996E-003   0.0000000000000000        0.0000000000000000        0.0000000000000000     
   278.00000000000000       0.99429325000000013       -5.7070129299999998E-003   0.0000000000000000        0.0000000000000000        0.0000000000000000     
   279.00000000000000       0.99434303000000002       -5.6586495700000012E-003   0.0000000000000000        0.0000000000000000        0.0000000000000000     
   280.00000000000000       0.99438944000000007       -5.6108401999999998E-003   0.0000000000000000        0.0000000000000000        0.0000000000000000     
   281.00000000000000       0.99443922000000007       -5.5636544900000001E-003   0.0000000000000000        0.0000000000000000        0.0000000000000000     
   282.00000000000000       0.99448237000000006       -5.5170193999999999E-003   0.0000000000000000        0.0000000000000000        0.0000000000000000     
   283.00000000000000       0.99452878000000011       -5.4709416699999999E-003   0.0000000000000000        0.0000000000000000        0.0000000000000000     
   284.00000000000000       0.99457192999999999       -5.4254179299999998E-003   0.0000000000000000        0.0000000000000000        0.0000000000000000     
   285.00000000000000       0.99462171000000010       -5.3804448100000001E-003   0.0000000000000000        0.0000000000000000        0.0000000000000000     
   286.00000000000000       0.99466149000000004       -5.3360256800000002E-003   0.0000000000000000        0.0000000000000000        0.0000000000000000     
   287.00000000000000       0.99471127000000004       -5.2920942400000006E-003   0.0000000000000000        0.0000000000000000        0.0000000000000000     
   288.00000000000000       0.99475105000000008       -5.2487134200000004E-003   0.0000000000000000        0.0000000000000000        0.0000000000000000     
   289.00000000000000       0.99479420000000007       -5.2058202899999996E-003   0.0000000000000000        0.0000000000000000        0.0000000000000000     
   290.00000000000000       0.99483735000000006       -5.1634777800000009E-003   0.0000000000000000        0.0000000000000000        0.0000000000000000     
   291.00000000000000       0.99487713000000000       -5.1215566600000010E-003   0.0000000000000000        0.0000000000000000        0.0000000000000000     
   292.00000000000000       0.99492028000000010       -5.0801827900000002E-003   0.0000000000000000        0.0000000000000000        0.0000000000000000     
   293.00000000000000       0.99496006000000003       -5.0392966100000006E-003   0.0000000000000000        0.0000000000000000        0.0000000000000000     
   294.00000000000000       0.99500321000000014       -4.9988284500000002E-003   0.0000000000000000        0.0000000000000000        0.0000000000000000     
   295.00000000000000       0.99503973000000012       -4.9588412399999993E-003   0.0000000000000000        0.0000000000000000        0.0000000000000000     
   296.00000000000000       0.99507951000000006       -4.9193417200000004E-003   0.0000000000000000        0.0000000000000000        0.0000000000000000     
   297.00000000000000       0.99512266000000005       -4.8802568500000004E-003   0.0000000000000000        0.0000000000000000        0.0000000000000000     
   298.00000000000000       0.99515581000000020       -4.8415899999999998E-003   0.0000000000000000        0.0000000000000000        0.0000000000000000     
   299.00000000000000       0.99519895999999997       -4.8034041000000003E-003   0.0000000000000000        0.0000000000000000        0.0000000000000000     
   300.00000000000000       0.99523211000000011       -4.7656362200000002E-003   0.0000000000000000        0.0000000000000000        0.0000000000000000     
   301.00000000000000       0.99527526000000011       -4.7282863599999994E-003   0.0000000000000000        0.0000000000000000        0.0000000000000000     
   302.00000000000000       0.99530841000000003       -4.6913511500000001E-003   0.0000000000000000        0.0000000000000000        0.0000000000000000     
   303.00000000000000       0.99534493000000013       -4.6548305899999998E-003   0.0000000000000000        0.0000000000000000        0.0000000000000000     
   304.00000000000000       0.99537808000000005       -4.6187280499999997E-003   0.0000000000000000        0.0000000000000000        0.0000000000000000     
   305.00000000000000       0.99541460000000015       -4.5830367900000007E-003   0.0000000000000000        0.0000000000000000        0.0000000000000000     
   306.00000000000000       0.99545112000000002       -4.5476972499999997E-003   0.0000000000000000        0.0000000000000000        0.0000000000000000     
   307.00000000000000       0.99548426999999995       -4.5127060600000006E-003   0.0000000000000000        0.0000000000000000        0.0000000000000000     
   308.00000000000000       0.99552079000000004       -4.4781958200000010E-003   0.0000000000000000        0.0000000000000000        0.0000000000000000     
   309.00000000000000       0.99555394000000008       -4.4439642600000006E-003   0.0000000000000000        0.0000000000000000        0.0000000000000000     
   310.00000000000000       0.99559046000000007       -4.4101507200000004E-003   0.0000000000000000        0.0000000000000000        0.0000000000000000     
   311.00000000000000       0.99562360999999999       -4.3766821600000009E-003   0.0000000000000000        0.0000000000000000        0.0000000000000000     
   312.00000000000000       0.99565675999999992       -4.3435619500000007E-003   0.0000000000000000        0.0000000000000000        0.0000000000000000     
   313.00000000000000       0.99568665000000001       -4.3107900900000006E-003   0.0000000000000000        0.0000000000000000        0.0000000000000000     
   314.00000000000000       0.99571980000000004       -4.2784295100000000E-003   0.0000000000000000        0.0000000000000000        0.0000000000000000     
   315.00000000000000       0.99575632000000014       -4.2463509800000007E-003   0.0000000000000000        0.0000000000000000        0.0000000000000000     
   316.00000000000000       0.99578284000000017       -4.2146207999999999E-003   0.0000000000000000        0.0000000000000000        0.0000000000000000     
   317.00000000000000       0.99581936000000004       -4.1832356000000006E-003   0.0000000000000000        0.0000000000000000        0.0000000000000000     
   318.00000000000000       0.99584588000000007       -4.1521290799999997E-003   0.0000000000000000        0.0000000000000000        0.0000000000000000     
   319.00000000000000       0.99588239999999995       -4.1213675400000004E-003   0.0000000000000000        0.0000000000000000        0.0000000000000000     
   320.00000000000000       0.99590891999999998       -4.0909543500000003E-003   0.0000000000000000        0.0000000000000000        0.0000000000000000     
   321.00000000000000       0.99593881000000006       -4.0608198400000003E-003   0.0000000000000000        0.0000000000000000        0.0000000000000000     
   322.00000000000000       0.99597196000000010       -4.0310303100000010E-003   0.0000000000000000        0.0000000000000000        0.0000000000000000     
   323.00000000000000       0.99599848000000002       -4.0015194600000002E-003   0.0000000000000000        0.0000000000000000        0.0000000000000000     
   324.00000000000000       0.99602837000000011       -3.9722906599999998E-003   0.0000000000000000        0.0000000000000000        0.0000000000000000     
   325.00000000000000       0.99605489000000014       -3.9434034700000006E-003   0.0000000000000000        0.0000000000000000        0.0000000000000000     
   326.00000000000000       0.99608478000000000       -3.9147949599999997E-003   0.0000000000000000        0.0000000000000000        0.0000000000000000     
   327.00000000000000       0.99611130000000003       -3.8864685000000003E-003   0.0000000000000000        0.0000000000000000        0.0000000000000000     
   328.00000000000000       0.99614119000000012       -3.8584173500000002E-003   0.0000000000000000        0.0000000000000000        0.0000000000000000     
   329.00000000000000       0.99616771000000015       -3.8306415099999998E-003   0.0000000000000000        0.0000000000000000        0.0000000000000000     
   330.00000000000000       0.99619423000000018       -3.8031477199999999E-003   0.0000000000000000        0.0000000000000000        0.0000000000000000     
   331.00000000000000       0.99622412000000005       -3.7759292400000003E-003   0.0000000000000000        0.0000000000000000        0.0000000000000000     
   332.00000000000000       0.99625064000000008       -3.7489894400000003E-003   0.0000000000000000        0.0000000000000000        0.0000000000000000     
   333.00000000000000       0.99628053000000016       -3.7222620200000004E-003   0.0000000000000000        0.0000000000000000        0.0000000000000000     
   334.00000000000000       0.99630704999999997       -3.6958762100000003E-003   0.0000000000000000        0.0000000000000000        0.0000000000000000     
   335.00000000000000       0.99632694000000011       -3.6697027800000003E-003   0.0000000000000000        0.0000000000000000        0.0000000000000000     
   336.00000000000000       0.99635683000000008       -3.6438046600000000E-003   0.0000000000000000        0.0000000000000000        0.0000000000000000     
   337.00000000000000       0.99638335000000011       -3.6181189199999998E-003   0.0000000000000000        0.0000000000000000        0.0000000000000000     
   338.00000000000000       0.99640660999999997       -3.5927084900000002E-003   0.0000000000000000        0.0000000000000000        0.0000000000000000     
   339.00000000000000       0.99643313000000000       -3.5675104400000003E-003   0.0000000000000000        0.0000000000000000        0.0000000000000000     
   340.00000000000000       0.99645965000000003       -3.5425877000000001E-003   0.0000000000000000        0.0000000000000000        0.0000000000000000     
   341.00000000000000       0.99648291000000011       -3.5179402700000004E-003   0.0000000000000000        0.0000000000000000        0.0000000000000000     
   342.00000000000000       0.99650942999999992       -3.4934355500000000E-003   0.0000000000000000        0.0000000000000000        0.0000000000000000     
   343.00000000000000       0.99652932000000005       -3.4692095100000006E-003   0.0000000000000000        0.0000000000000000        0.0000000000000000     
   344.00000000000000       0.99655258000000013       -3.4452587800000004E-003   0.0000000000000000        0.0000000000000000        0.0000000000000000     
   345.00000000000000       0.99657909999999994       -3.4214507599999999E-003   0.0000000000000000        0.0000000000000000        0.0000000000000000     
   346.00000000000000       0.99659899000000007       -3.3979180500000004E-003   0.0000000000000000        0.0000000000000000        0.0000000000000000     
   347.00000000000000       0.99662888000000005       -3.3745943500000002E-003   0.0000000000000000        0.0000000000000000        0.0000000000000000     
   348.00000000000000       0.99664877000000007       -3.3514796600000001E-003   0.0000000000000000        0.0000000000000000        0.0000000000000000     
   349.00000000000000       0.99667203000000004       -3.3285773500000004E-003   0.0000000000000000        0.0000000000000000        0.0000000000000000     
   350.00000000000000       0.99669192000000006       -3.3058806800000001E-003   0.0000000000000000        0.0000000000000000        0.0000000000000000     
   351.00000000000000       0.99671844000000009       -3.2833930200000003E-003   0.0000000000000000        0.0000000000000000        0.0000000000000000     
   352.00000000000000       0.99674170000000006       -3.2611143700000001E-003   0.0000000000000000        0.0000000000000000        0.0000000000000000     
   353.00000000000000       0.99676159000000009       -3.2391110300000006E-003   0.0000000000000000        0.0000000000000000        0.0000000000000000     
   354.00000000000000       0.99678148000000011       -3.2171841000000006E-003   0.0000000000000000        0.0000000000000000        0.0000000000000000     
   355.00000000000000       0.99680473999999997       -3.1955291100000003E-003   0.0000000000000000        0.0000000000000000        0.0000000000000000     
   356.00000000000000       0.99682463000000010       -3.1740831299999998E-003   0.0000000000000000        0.0000000000000000        0.0000000000000000     
   357.00000000000000       0.99684452000000001       -3.1527832299999997E-003   0.0000000000000000        0.0000000000000000        0.0000000000000000     
   358.00000000000000       0.99686441000000003       -3.1316856000000001E-003   0.0000000000000000        0.0000000000000000        0.0000000000000000     
   359.00000000000000       0.99688767000000011       -3.1108003499999998E-003   0.0000000000000000        0.0000000000000000        0.0000000000000000     
   360.00000000000000       0.99690756000000014       -3.0901207400000001E-003   0.0000000000000000        0.0000000000000000        0.0000000000000000     
   361.00000000000000       0.99692745000000005       -3.0695838400000000E-003   0.0000000000000000        0.0000000000000000        0.0000000000000000     
   362.00000000000000       0.99695071000000002       -3.0492525800000004E-003   0.0000000000000000        0.0000000000000000        0.0000000000000000     
   363.00000000000000       0.99697060000000004       -3.0290640300000005E-003   0.0000000000000000        0.0000000000000000        0.0000000000000000     
   364.00000000000000       0.99699049000000006       -3.0090811200000002E-003   0.0000000000000000        0.0000000000000000        0.0000000000000000     
   365.00000000000000       0.99701375000000014       -2.9893072200000001E-003   0.0000000000000000        0.0000000000000000        0.0000000000000000     
   366.00000000000000       0.99703364000000005       -2.9696726600000000E-003   0.0000000000000000        0.0000000000000000        0.0000000000000000     
   367.00000000000000       0.99704690000000007       -2.9501808100000004E-003   0.0000000000000000        0.0000000000000000        0.0000000000000000     
   368.00000000000000       0.99707016000000004       -2.9308979700000005E-003   0.0000000000000000        0.0000000000000000        0.0000000000000000     
   369.00000000000000       0.99709005000000006       -2.9117510999999998E-003   0.0000000000000000        0.0000000000000000        0.0000000000000000     
   370.00000000000000       0.99710994000000008       -2.8928132400000005E-003   0.0000000000000000        0.0000000000000000        0.0000000000000000     
   371.00000000000000       0.99712319999999999       -2.8740180900000000E-003   0.0000000000000000        0.0000000000000000        0.0000000000000000     
   372.00000000000000       0.99714646000000018       -2.8553589100000004E-003   0.0000000000000000        0.0000000000000000        0.0000000000000000     
   373.00000000000000       0.99716635000000009       -2.8369087400000000E-003   0.0000000000000000        0.0000000000000000        0.0000000000000000     
   374.00000000000000       0.99717961000000011       -2.8186012799999998E-003   0.0000000000000000        0.0000000000000000        0.0000000000000000     
   375.00000000000000       0.99719950000000002       -2.8004297899999996E-003   0.0000000000000000        0.0000000000000000        0.0000000000000000     
   376.00000000000000       0.99721613000000009       -2.7824673099999999E-003   0.0000000000000000        0.0000000000000000        0.0000000000000000     
   377.00000000000000       0.99723602000000000       -2.7645778699999998E-003   0.0000000000000000        0.0000000000000000        0.0000000000000000     
   378.00000000000000       0.99724928000000002       -2.7468940700000003E-003   0.0000000000000000        0.0000000000000000        0.0000000000000000     
   379.00000000000000       0.99727253999999999       -2.7293496100000000E-003   0.0000000000000000        0.0000000000000000        0.0000000000000000     
   380.00000000000000       0.99728580000000000       -2.7119478600000002E-003   0.0000000000000000        0.0000000000000000        0.0000000000000000     
   381.00000000000000       0.99730569000000013       -2.6946820800000004E-003   0.0000000000000000        0.0000000000000000        0.0000000000000000     
   382.00000000000000       0.99731895000000015       -2.6775590099999999E-003   0.0000000000000000        0.0000000000000000        0.0000000000000000     
   383.00000000000000       0.99734221000000001       -2.6605752799999998E-003   0.0000000000000000        0.0000000000000000        0.0000000000000000     
   384.00000000000000       0.99735547000000002       -2.6437275199999999E-003   0.0000000000000000        0.0000000000000000        0.0000000000000000     
   385.00000000000000       0.99737536000000004       -2.6270887700000005E-003   0.0000000000000000        0.0000000000000000        0.0000000000000000     
   386.00000000000000       0.99738862000000006       -2.6105230600000002E-003   0.0000000000000000        0.0000000000000000        0.0000000000000000     
   387.00000000000000       0.99740525000000013       -2.5940966900000004E-003   0.0000000000000000        0.0000000000000000        0.0000000000000000     
   388.00000000000000       0.99742514000000004       -2.5778062899999999E-003   0.0000000000000000        0.0000000000000000        0.0000000000000000     
   389.00000000000006       0.99743840000000006       -2.5616585999999998E-003   0.0000000000000000        0.0000000000000000        0.0000000000000000     
   390.00000000000000       0.99745166000000007       -2.5456502499999999E-003   0.0000000000000000        0.0000000000000000        0.0000000000000000     
   391.00000000000000       0.99746829000000004       -2.5297778700000000E-003   0.0000000000000000        0.0000000000000000        0.0000000000000000     
   392.00000000000000       0.99748818000000006       -2.5139785300000001E-003   0.0000000000000000        0.0000000000000000        0.0000000000000000     
   393.00000000000000       0.99750144000000007       -2.4983882000000003E-003   0.0000000000000000        0.0000000000000000        0.0000000000000000     
   394.00000000000006       0.99751470000000009       -2.4828675400000002E-003   0.0000000000000000        0.0000000000000000        0.0000000000000000     
   395.00000000000000       0.99753133000000016       -2.4674828500000001E-003   0.0000000000000000        0.0000000000000000        0.0000000000000000     
   396.00000000000000       0.99755122000000007       -2.4522408700000001E-003   0.0000000000000000        0.0000000000000000        0.0000000000000000     
   397.00000000000000       0.99756448000000009       -2.4370719300000005E-003   0.0000000000000000        0.0000000000000000        0.0000000000000000     
   398.00000000000000       0.99757774000000010       -2.4221052600000002E-003   0.0000000000000000        0.0000000000000000        0.0000000000000000     
   399.00000000000006       0.99759437000000006       -2.4072116300000003E-003   0.0000000000000000        0.0000000000000000        0.0000000000000000     
   400.00000000000000       0.99760763000000008       -2.3923876700000001E-003   0.0000000000000000        0.0000000000000000        0.0000000000000000     
   401.00000000000000       0.99762088999999998       -2.3777727199999999E-003   0.0000000000000000        0.0000000000000000        0.0000000000000000     
   402.00000000000000       0.99763415000000000       -2.3632274400000003E-003   0.0000000000000000        0.0000000000000000        0.0000000000000000     
   403.00000000000000       0.99764741000000001       -2.3487552000000002E-003   0.0000000000000000        0.0000000000000000        0.0000000000000000     
   404.00000000000000       0.99766404000000009       -2.3344852299999998E-003   0.0000000000000000        0.0000000000000000        0.0000000000000000     
   405.00000000000000       0.99767730000000010       -2.3202882999999999E-003   0.0000000000000000        0.0000000000000000        0.0000000000000000     
   406.00000000000000       0.99769056000000012       -2.3061644100000004E-003   0.0000000000000000        0.0000000000000000        0.0000000000000000     
   407.00000000000000       0.99770382000000013       -2.2921798600000001E-003   0.0000000000000000        0.0000000000000000        0.0000000000000000     
   408.00000000000000       0.99771708000000014       -2.2783312799999999E-003   0.0000000000000000        0.0000000000000000        0.0000000000000000     
   409.00000000000000       0.99773371000000011       -2.2645523699999998E-003   0.0000000000000000        0.0000000000000000        0.0000000000000000     
   410.00000000000006       0.99774697000000012       -2.2509128000000002E-003   0.0000000000000000        0.0000000000000000        0.0000000000000000     
   411.00000000000000       0.99776023000000014       -2.2373462700000001E-003   0.0000000000000000        0.0000000000000000        0.0000000000000000     
   412.00000000000000       0.99777349000000004       -2.2239157100000001E-003   0.0000000000000000        0.0000000000000000        0.0000000000000000     
   413.00000000000000       0.99779012000000000       -2.2105581900000002E-003   0.0000000000000000        0.0000000000000000        0.0000000000000000     
   414.00000000000000       0.99780338000000002       -2.1973366399999999E-003   0.0000000000000000        0.0000000000000000        0.0000000000000000     
   415.00000000000006       0.99781664000000003       -2.1841881300000000E-003   0.0000000000000000        0.0000000000000000        0.0000000000000000     
   416.00000000000000       0.99782990000000005       -2.1711092900000002E-003   0.0000000000000000        0.0000000000000000        0.0000000000000000     
   417.00000000000000       0.99784316000000006       -2.1581697900000005E-003   0.0000000000000000        0.0000000000000000        0.0000000000000000     
   418.00000000000000       0.99785316000000013       -2.1453662599999999E-003   0.0000000000000000        0.0000000000000000        0.0000000000000000     
   419.00000000000000       0.99786642000000014       -2.1325694699999998E-003   0.0000000000000000        0.0000000000000000        0.0000000000000000     
   420.00000000000006       0.99787968000000005       -2.1199086499999998E-003   0.0000000000000000        0.0000000000000000        0.0000000000000000     
   421.00000000000000       0.99789294000000006       -2.1073838000000003E-003   0.0000000000000000        0.0000000000000000        0.0000000000000000     
   422.00000000000000       0.99790620000000008       -2.0949319900000003E-003   0.0000000000000000        0.0000000000000000        0.0000000000000000     
   423.00000000000000       0.99791620000000003       -2.0825498500000000E-003   0.0000000000000000        0.0000000000000000        0.0000000000000000     
   424.00000000000000       0.99792945999999993       -2.0702407500000001E-003   0.0000000000000000        0.0000000000000000        0.0000000000000000     
   425.00000000000006       0.99794271999999995       -2.0580676200000004E-003   0.0000000000000000        0.0000000000000000        0.0000000000000000     
   426.00000000000000       0.99795597999999996       -2.0459641600000002E-003   0.0000000000000000        0.0000000000000000        0.0000000000000000     
   427.00000000000000       0.99796261000000008       -2.0340000400000001E-003   0.0000000000000000        0.0000000000000000        0.0000000000000000     
   428.00000000000000       0.99797586999999999       -2.0220359200000004E-003   0.0000000000000000        0.0000000000000000        0.0000000000000000     
   429.00000000000000       0.99799250000000006       -2.0102145099999999E-003   0.0000000000000000        0.0000000000000000        0.0000000000000000     
   430.00000000000000       0.99799913000000007       -1.9985257000000004E-003   0.0000000000000000        0.0000000000000000        0.0000000000000000     
   431.00000000000006       0.99801239000000008       -1.9868436300000004E-003   0.0000000000000000        0.0000000000000000        0.0000000000000000     
   432.00000000000000       0.99802565000000010       -1.9752975300000000E-003   0.0000000000000000        0.0000000000000000        0.0000000000000000     
   433.00000000000000       0.99803228000000010       -1.9637581700000001E-003   0.0000000000000000        0.0000000000000000        0.0000000000000000     
   434.00000000000000       0.99804891000000007       -1.9524177100000001E-003   0.0000000000000000        0.0000000000000000        0.0000000000000000     
   435.00000000000000       0.99806217000000008       -1.9410839900000001E-003   0.0000000000000000        0.0000000000000000        0.0000000000000000     
   436.00000000000006       0.99806880000000020       -1.9298199400000001E-003   0.0000000000000000        0.0000000000000000        0.0000000000000000     
   437.00000000000000       0.99808206000000022       -1.9186918600000002E-003   0.0000000000000000        0.0000000000000000        0.0000000000000000     
   438.00000000000000       0.99808869000000011       -1.9075705200000000E-003   0.0000000000000000        0.0000000000000000        0.0000000000000000     
   439.00000000000000       0.99810195000000013       -1.8965851499999999E-003   0.0000000000000000        0.0000000000000000        0.0000000000000000     
   440.00000000000000       0.99811858000000009       -1.8856660800000001E-003   0.0000000000000000        0.0000000000000000        0.0000000000000000     
   441.00000000000006       0.99812520999999998       -1.8748200499999999E-003   0.0000000000000000        0.0000000000000000        0.0000000000000000     
   442.00000000000000       0.99813847000000000       -1.8641133600000002E-003   0.0000000000000000        0.0000000000000000        0.0000000000000000     
   443.00000000000000       0.99814510000000012       -1.8534066700000001E-003   0.0000000000000000        0.0000000000000000        0.0000000000000000     
   444.00000000000000       0.99815836000000013       -1.8427730199999999E-003   0.0000000000000000        0.0000000000000000        0.0000000000000000     
   445.00000000000000       0.99816499000000003       -1.8322719700000001E-003   0.0000000000000000        0.0000000000000000        0.0000000000000000     
   446.00000000000006       0.99818161999999999       -1.8218439600000001E-003   0.0000000000000000        0.0000000000000000        0.0000000000000000     
   447.00000000000000       0.99818825000000011       -1.8114193200000001E-003   0.0000000000000000        0.0000000000000000        0.0000000000000000     
   448.00000000000000       0.99820151000000013       -1.8011306500000002E-003   0.0000000000000000        0.0000000000000000        0.0000000000000000     
   449.00000000000000       0.99820814000000002       -1.7909116500000003E-003   0.0000000000000000        0.0000000000000000        0.0000000000000000     
   450.00000000000000       0.99822140000000004       -1.7806960200000002E-003   0.0000000000000000        0.0000000000000000        0.0000000000000000     
   451.00000000000006       0.99822803000000015       -1.7706163599999999E-003   0.0000000000000000        0.0000000000000000        0.0000000000000000     
   452.00000000000000       0.99823803000000000       -1.7606063700000003E-003   0.0000000000000000        0.0000000000000000        0.0000000000000000     
   453.00000000000000       0.99825129000000001       -1.7506694200000001E-003   0.0000000000000000        0.0000000000000000        0.0000000000000000     
   454.00000000000000       0.99825792000000013       -1.7407324700000001E-003   0.0000000000000000        0.0000000000000000        0.0000000000000000     
   455.00000000000000       0.99827118000000015       -1.7309314900000000E-003   0.0000000000000000        0.0000000000000000        0.0000000000000000     
   456.00000000000000       0.99827781000000004       -1.7212035500000003E-003   0.0000000000000000        0.0000000000000000        0.0000000000000000     
   457.00000000000006       0.99828443999999994       -1.7115419100000003E-003   0.0000000000000000        0.0000000000000000        0.0000000000000000     
   458.00000000000000       0.99829769999999995       -1.7018836400000000E-003   0.0000000000000000        0.0000000000000000        0.0000000000000000     
   459.00000000000000       0.99830770000000002       -1.6923647099999998E-003   0.0000000000000000        0.0000000000000000        0.0000000000000000     
   460.00000000000000       0.99832096000000003       -1.6828457800000000E-003   0.0000000000000000        0.0000000000000000        0.0000000000000000     
   461.00000000000000       0.99832759000000015       -1.6734661900000003E-003   0.0000000000000000        0.0000000000000000        0.0000000000000000     
   462.00000000000006       0.99833422000000005       -1.6640865999999999E-003   0.0000000000000000        0.0000000000000000        0.0000000000000000     
   463.00000000000000       0.99834748000000006       -1.6548429799999999E-003   0.0000000000000000        0.0000000000000000        0.0000000000000000     
   464.00000000000000       0.99835410999999996       -1.6456061000000002E-003   0.0000000000000000        0.0000000000000000        0.0000000000000000     
   465.00000000000000       0.99836074000000008       -1.6364355200000000E-003   0.0000000000000000        0.0000000000000000        0.0000000000000000     
   466.00000000000000       0.99837073999999992       -1.6273346100000000E-003   0.0000000000000000        0.0000000000000000        0.0000000000000000     
   467.00000000000006       0.99838399999999994       -1.6183033700000002E-003   0.0000000000000000        0.0000000000000000        0.0000000000000000     
   468.00000000000000       0.99839063000000006       -1.6092755000000002E-003   0.0000000000000000        0.0000000000000000        0.0000000000000000     
   469.00000000000000       0.99839725999999995       -1.6003836000000001E-003   0.0000000000000000        0.0000000000000000        0.0000000000000000     
   470.00000000000000       0.99841051999999997       -1.5915613700000003E-003   0.0000000000000000        0.0000000000000000        0.0000000000000000     
   471.00000000000000       0.99841715000000009       -1.5827425100000002E-003   0.0000000000000000        0.0000000000000000        0.0000000000000000     
   472.00000000000006       0.99842377999999998       -1.5739899500000001E-003   0.0000000000000000        0.0000000000000000        0.0000000000000000     
   473.00000000000000       0.99843378000000005       -1.5653104299999999E-003   0.0000000000000000        0.0000000000000000        0.0000000000000000     
   474.00000000000000       0.99844704000000006       -1.5566972100000004E-003   0.0000000000000000        0.0000000000000000        0.0000000000000000     
   475.00000000000000       0.99845367000000018       -1.5481536600000002E-003   0.0000000000000000        0.0000000000000000        0.0000000000000000     
   476.00000000000000       0.99846030000000008       -1.5396168500000000E-003   0.0000000000000000        0.0000000000000000        0.0000000000000000     
   477.00000000000006       0.99846693000000020       -1.5311463400000001E-003   0.0000000000000000        0.0000000000000000        0.0000000000000000     
   478.00000000000006       0.99847356000000009       -1.5227421300000000E-003   0.0000000000000000        0.0000000000000000        0.0000000000000000     
   479.00000000000000       0.99848682000000011       -1.5144109600000000E-003   0.0000000000000000        0.0000000000000000        0.0000000000000000     
   480.00000000000000       0.99849682000000017       -1.5061494600000001E-003   0.0000000000000000        0.0000000000000000        0.0000000000000000     
   481.00000000000000       0.99850345000000007       -1.4978879600000001E-003   0.0000000000000000        0.0000000000000000        0.0000000000000000     
   482.00000000000000       0.99851008000000019       -1.4897624300000000E-003   0.0000000000000000        0.0000000000000000        0.0000000000000000     
   483.00000000000006       0.99851671000000009       -1.4816402700000002E-003   0.0000000000000000        0.0000000000000000        0.0000000000000000     
   484.00000000000000       0.99852333999999998       -1.4735214800000000E-003   0.0000000000000000        0.0000000000000000        0.0000000000000000     
   485.00000000000000       0.99853660000000000       -1.4655352900000002E-003   0.0000000000000000        0.0000000000000000        0.0000000000000000     
   486.00000000000000       0.99854323000000011       -1.4575558400000002E-003   0.0000000000000000        0.0000000000000000        0.0000000000000000     
   487.00000000000000       0.99854986000000001       -1.4496426900000002E-003   0.0000000000000000        0.0000000000000000        0.0000000000000000     
   488.00000000000006       0.99855985999999997       -1.4417992099999999E-003   0.0000000000000000        0.0000000000000000        0.0000000000000000     
   489.00000000000000       0.99856649000000008       -1.4339557300000001E-003   0.0000000000000000        0.0000000000000000        0.0000000000000000     
   490.00000000000000       0.99857311999999998       -1.4261852900000001E-003   0.0000000000000000        0.0000000000000000        0.0000000000000000     
   491.00000000000000       0.99857975000000010       -1.4184811499999999E-003   0.0000000000000000        0.0000000000000000        0.0000000000000000     
   492.00000000000000       0.99858638000000000       -1.4108466800000000E-003   0.0000000000000000        0.0000000000000000        0.0000000000000000     
   493.00000000000006       0.99859301000000000       -1.4032155800000000E-003   0.0000000000000000        0.0000000000000000        0.0000000000000000     
   494.00000000000000       0.99860627000000002       -1.3956507800000002E-003   0.0000000000000000        0.0000000000000000        0.0000000000000000     
   495.00000000000000       0.99861290000000003       -1.3881590199999998E-003   0.0000000000000000        0.0000000000000000        0.0000000000000000     
   496.00000000000000       0.99862289999999998       -1.3806638900000000E-003   0.0000000000000000        0.0000000000000000        0.0000000000000000     
   497.00000000000000       0.99862953000000010       -1.3732418000000001E-003   0.0000000000000000        0.0000000000000000        0.0000000000000000     
   498.00000000000006       0.99863615999999999       -1.3658893800000001E-003   0.0000000000000000        0.0000000000000000        0.0000000000000000     
   499.00000000000000       0.99864279000000011       -1.3586032599999999E-003   0.0000000000000000        0.0000000000000000        0.0000000000000000     
   500.00000000000000       0.99864942000000001       -1.3513171400000002E-003   0.0000000000000000        0.0000000000000000        0.0000000000000000     
   501.00000000000000       0.99865605000000013       -1.3440377600000000E-003   0.0000000000000000        0.0000000000000000        0.0000000000000000     
   502.00000000000000       0.99866268000000002       -1.3368909800000001E-003   0.0000000000000000        0.0000000000000000        0.0000000000000000     
   503.00000000000006       0.99866931000000014       -1.3297475699999999E-003   0.0000000000000000        0.0000000000000000        0.0000000000000000     
   504.00000000000006       0.99867594000000004       -1.3226075300000000E-003   0.0000000000000000        0.0000000000000000        0.0000000000000000     
   505.00000000000000       0.99868594000000011       -1.3156000900000002E-003   0.0000000000000000        0.0000000000000000        0.0000000000000000     
   506.00000000000000       0.99869257000000000       -1.3085960200000001E-003   0.0000000000000000        0.0000000000000000        0.0000000000000000     
   507.00000000000000       0.99869920000000012       -1.3015919500000003E-003   0.0000000000000000        0.0000000000000000        0.0000000000000000     
   508.00000000000000       0.99870583000000002       -1.2947272200000001E-003   0.0000000000000000        0.0000000000000000        0.0000000000000000     
   509.00000000000006       0.99871246000000002       -1.2877961900000000E-003   0.0000000000000000        0.0000000000000000        0.0000000000000000     
   510.00000000000000       0.99871909000000003       -1.2809977600000001E-003   0.0000000000000000        0.0000000000000000        0.0000000000000000     
   511.00000000000000       0.99872572000000004       -1.2742027000000001E-003   0.0000000000000000        0.0000000000000000        0.0000000000000000     
   512.00000000000000       0.99873235000000005       -1.2674110099999999E-003   0.0000000000000000        0.0000000000000000        0.0000000000000000     
   513.00000000000000       0.99873898000000005       -1.2607552900000000E-003   0.0000000000000000        0.0000000000000000        0.0000000000000000     
   514.00000000000000       0.99874898000000001       -1.2540332700000001E-003   0.0000000000000000        0.0000000000000000        0.0000000000000000     
   515.00000000000000       0.99875561000000013       -1.2474472200000003E-003   0.0000000000000000        0.0000000000000000        0.0000000000000000     
   516.00000000000000       0.99876224000000002       -1.2408611700000000E-003   0.0000000000000000        0.0000000000000000        0.0000000000000000     
   517.00000000000000       0.99876887000000014       -1.2342784900000001E-003   0.0000000000000000        0.0000000000000000        0.0000000000000000     
   518.00000000000000       0.99877550000000004       -1.2278317800000001E-003   0.0000000000000000        0.0000000000000000        0.0000000000000000     
   519.00000000000000       0.99877550000000004       -1.2213187700000001E-003   0.0000000000000000        0.0000000000000000        0.0000000000000000     
   520.00000000000000       0.99878212999999993       -1.2149417300000001E-003   0.0000000000000000        0.0000000000000000        0.0000000000000000     
   521.00000000000000       0.99878876000000005       -1.2084983899999999E-003   0.0000000000000000        0.0000000000000000        0.0000000000000000     
   522.00000000000000       0.99879538999999995       -1.2021910199999999E-003   0.0000000000000000        0.0000000000000000        0.0000000000000000     
   523.00000000000000       0.99880202000000007       -1.1958870200000000E-003   0.0000000000000000        0.0000000000000000        0.0000000000000000     
   524.00000000000000       0.99881202000000002       -1.1895830199999998E-003   0.0000000000000000        0.0000000000000000        0.0000000000000000     
   525.00000000000000       0.99881865000000014       -1.1833486899999999E-003   0.0000000000000000        0.0000000000000000        0.0000000000000000     
   526.00000000000000       0.99882528000000004       -1.1771806600000001E-003   0.0000000000000000        0.0000000000000000        0.0000000000000000     
   527.00000000000000       0.99883191000000005       -1.1710160000000002E-003   0.0000000000000000        0.0000000000000000        0.0000000000000000     
   528.00000000000000       0.99883854000000005       -1.1649210099999999E-003   0.0000000000000000        0.0000000000000000        0.0000000000000000     
   529.00000000000000       0.99883854000000005       -1.1588260200000001E-003   0.0000000000000000        0.0000000000000000        0.0000000000000000     
   530.00000000000000       0.99884517000000006       -1.1528007000000001E-003   0.0000000000000000        0.0000000000000000        0.0000000000000000     
   531.00000000000000       0.99885180000000007       -1.1467753800000001E-003   0.0000000000000000        0.0000000000000000        0.0000000000000000     
   532.00000000000000       0.99885843000000007       -1.1408197299999998E-003   0.0000000000000000        0.0000000000000000        0.0000000000000000     
   533.00000000000000       0.99886505999999997       -1.1348640800000001E-003   0.0000000000000000        0.0000000000000000        0.0000000000000000     
   534.00000000000000       0.99887506000000004       -1.1289780999999999E-003   0.0000000000000000        0.0000000000000000        0.0000000000000000     
   535.00000000000000       0.99887506000000004       -1.1230921200000000E-003   0.0000000000000000        0.0000000000000000        0.0000000000000000     
   536.00000000000000       0.99888168999999993       -1.1172758100000001E-003   0.0000000000000000        0.0000000000000000        0.0000000000000000     
   537.00000000000000       0.99888832000000005       -1.1114628700000001E-003   0.0000000000000000        0.0000000000000000        0.0000000000000000     
   538.00000000000000       0.99889494999999995       -1.1057162300000000E-003   0.0000000000000000        0.0000000000000000        0.0000000000000000     
   539.00000000000000       0.99890158000000007       -1.0999695900000001E-003   0.0000000000000000        0.0000000000000000        0.0000000000000000     
   540.00000000000000       0.99890820999999996       -1.0942926200000001E-003   0.0000000000000000        0.0000000000000000        0.0000000000000000     
   541.00000000000000       0.99890820999999996       -1.0886190200000002E-003   0.0000000000000000        0.0000000000000000        0.0000000000000000     
   542.00000000000000       0.99891484000000008       -1.0829454200000001E-003   0.0000000000000000        0.0000000000000000        0.0000000000000000     
   543.00000000000000       0.99892146999999998       -1.0774044200000002E-003   0.0000000000000000        0.0000000000000000        0.0000000000000000     
   544.00000000000000       0.99892810000000010       -1.0718004900000001E-003   0.0000000000000000        0.0000000000000000        0.0000000000000000     
   545.00000000000000       0.99893810000000005       -1.0662662300000001E-003   0.0000000000000000        0.0000000000000000        0.0000000000000000     
   546.00000000000000       0.99893810000000005       -1.0607982700000002E-003   0.0000000000000000        0.0000000000000000        0.0000000000000000     
   547.00000000000000       0.99894473000000006       -1.0553336800000002E-003   0.0000000000000000        0.0000000000000000        0.0000000000000000     
   548.00000000000000       0.99895136000000007       -1.0498690900000000E-003   0.0000000000000000        0.0000000000000000        0.0000000000000000     
   549.00000000000000       0.99895799000000007       -1.0444708000000001E-003   0.0000000000000000        0.0000000000000000        0.0000000000000000     
   550.00000000000000       0.99895799000000007       -1.0391421800000000E-003   0.0000000000000000        0.0000000000000000        0.0000000000000000     
