   1.0000000000000000        1.5849101000000001E-002 -0.98414791000000001        0.0000000000000000        0.0000000000000000        0.0000000000000000     
   2.0000000000000000       0.16212534000000001      -0.83787465999999999        0.0000000000000000        0.0000000000000000        0.0000000000000000     
   3.0000000000000000       0.32051808000000004      -0.67948191999999996        0.0000000000000000        0.0000000000000000        0.0000000000000000     
   4.0000000000000000       0.43980300999999999      -0.56019699000000012        0.0000000000000000        0.0000000000000000        0.0000000000000000     
   5.0000000000000000       0.52709874000000001      -0.47290125999999999        0.0000000000000000        0.0000000000000000        0.0000000000000000     
   6.0000000000000000       0.59233431999999997      -0.40766568000000003        0.0000000000000000        0.0000000000000000        0.0000000000000000     
   7.0000000000000000       0.64266334000000003      -0.35733666000000003        0.0000000000000000        0.0000000000000000        0.0000000000000000     
   8.0000000000000000       0.68247701000000005      -0.31752299000000000        0.0000000000000000        0.0000000000000000        0.0000000000000000     
   9.0000000000000000       0.71467599000000004      -0.28532401000000002        0.0000000000000000        0.0000000000000000        0.0000000000000000     
   10.000000000000000       0.74122387000000012      -0.25877612999999999        0.0000000000000000        0.0000000000000000        0.0000000000000000     
   11.000000000000000       0.76346424000000002      -0.23653576000000001        0.0000000000000000        0.0000000000000000        0.0000000000000000     
   12.000000000000000       0.78236068999999997      -0.21763931000000000        0.0000000000000000        0.0000000000000000        0.0000000000000000     
   13.000000000000000       0.79859332999999999      -0.20140667000000001        0.0000000000000000        0.0000000000000000        0.0000000000000000     
   14.000000000000000       0.81269879000000000      -0.18730121000000000        0.0000000000000000        0.0000000000000000        0.0000000000000000     
   15.000000000000000       0.82506392000000006      -0.17493607999999999        0.0000000000000000        0.0000000000000000        0.0000000000000000     
   16.000000000000000       0.83599872000000008      -0.16400128000000000        0.0000000000000000        0.0000000000000000        0.0000000000000000     
   17.000000000000000       0.84571666999999995      -0.15428333000000000        0.0000000000000000        0.0000000000000000        0.0000000000000000     
   18.000000000000000       0.85442766000000003      -0.14557234000000002        0.0000000000000000        0.0000000000000000        0.0000000000000000     
   19.000000000000000       0.86226517000000014      -0.13773483000000000        0.0000000000000000        0.0000000000000000        0.0000000000000000     
   20.000000000000000       0.86936246000000006      -0.13063754000000000        0.0000000000000000        0.0000000000000000        0.0000000000000000     
   21.000000000000000       0.87580963999999994      -0.12418901200000002        0.0000000000000000        0.0000000000000000        0.0000000000000000     
   22.000000000000000       0.88170334000000006      -0.11829598600000001        0.0000000000000000        0.0000000000000000        0.0000000000000000     
   23.000000000000000       0.88710030000000006      -0.11290037400000000        0.0000000000000000        0.0000000000000000        0.0000000000000000     
   24.000000000000000       0.89207041000000009      -0.10792959000000001        0.0000000000000000        0.0000000000000000        0.0000000000000000     
   25.000000000000000       0.89665378000000007      -0.10334554600000000        0.0000000000000000        0.0000000000000000        0.0000000000000000     
   26.000000000000000       0.90090040999999998       -9.9100601000000010E-002   0.0000000000000000        0.0000000000000000        0.0000000000000000     
   27.000000000000000       0.90483692999999998       -9.5162732999999999E-002   0.0000000000000000        0.0000000000000000        0.0000000000000000     
   28.000000000000000       0.90850008000000004       -9.1500594000000005E-002   0.0000000000000000        0.0000000000000000        0.0000000000000000     
   29.000000000000000       0.91192312000000009       -8.8078228000000008E-002   0.0000000000000000        0.0000000000000000        0.0000000000000000     
   30.000000000000000       0.91511942000000013       -8.4881579999999998E-002   0.0000000000000000        0.0000000000000000        0.0000000000000000     
   31.000000000000000       0.91811234999999991       -8.1885660999999998E-002   0.0000000000000000        0.0000000000000000        0.0000000000000000     
   32.000000000000000       0.92092854000000013       -7.9072808000000008E-002   0.0000000000000000        0.0000000000000000        0.0000000000000000     
   33.000000000000000       0.92356799000000001       -7.6427673000000002E-002   0.0000000000000000        0.0000000000000000        0.0000000000000000     
   34.000000000000000       0.92606407000000002       -7.3934930000000010E-002   0.0000000000000000        0.0000000000000000        0.0000000000000000     
   35.000000000000000       0.92841678000000005       -7.1582567999999999E-002   0.0000000000000000        0.0000000000000000        0.0000000000000000     
   36.000000000000000       0.93064275000000007       -6.9359249999999997E-002   0.0000000000000000        0.0000000000000000        0.0000000000000000     
   37.000000000000000       0.93274535000000003       -6.7254313000000010E-002   0.0000000000000000        0.0000000000000000        0.0000000000000000     
   38.000000000000000       0.93474458000000005       -6.5258745999999992E-002   0.0000000000000000        0.0000000000000000        0.0000000000000000     
   39.000000000000000       0.93663381000000001       -6.3364886000000009E-002   0.0000000000000000        0.0000000000000000        0.0000000000000000     
   40.000000000000000       0.93843293000000005       -6.1564733000000003E-002   0.0000000000000000        0.0000000000000000        0.0000000000000000     
   41.000000000000000       0.94015205000000002       -5.9852613000000006E-002   0.0000000000000000        0.0000000000000000        0.0000000000000000     
   42.000000000000000       0.94177780000000011       -5.8220525999999995E-002   0.0000000000000000        0.0000000000000000        0.0000000000000000     
   43.000000000000000       0.94333354999999997       -5.6664135000000004E-002   0.0000000000000000        0.0000000000000000        0.0000000000000000     
   44.000000000000000       0.94482255999999998       -5.5177776999999997E-002   0.0000000000000000        0.0000000000000000        0.0000000000000000     
   45.000000000000000       0.94624157000000009       -5.3757777999999999E-002   0.0000000000000000        0.0000000000000000        0.0000000000000000     
   46.000000000000000       0.94759721000000008       -5.2400137999999999E-002   0.0000000000000000        0.0000000000000000        0.0000000000000000     
   47.000000000000000       0.94889948000000013       -5.1098857000000004E-002   0.0000000000000000        0.0000000000000000        0.0000000000000000     
   48.000000000000000       0.95014838000000013       -4.9852261000000009E-002   0.0000000000000000        0.0000000000000000        0.0000000000000000     
   49.000000000000000       0.95134065000000012       -4.8656024000000006E-002   0.0000000000000000        0.0000000000000000        0.0000000000000000     
   50.000000000000000       0.95248955000000002       -4.7508472000000003E-002   0.0000000000000000        0.0000000000000000        0.0000000000000000     
   51.000000000000000       0.95359507999999993       -4.6405268000000006E-002   0.0000000000000000        0.0000000000000000        0.0000000000000000     
   52.000000000000000       0.95465724000000018       -4.5344085999999999E-002   0.0000000000000000        0.0000000000000000        0.0000000000000000     
   53.000000000000000       0.95567940000000007       -4.4323252000000000E-002   0.0000000000000000        0.0000000000000000        0.0000000000000000     
   54.000000000000000       0.95666156000000013       -4.3340429000000007E-002   0.0000000000000000        0.0000000000000000        0.0000000000000000     
   55.000000000000000       0.95760372000000005       -4.2393291000000000E-002   0.0000000000000000        0.0000000000000000        0.0000000000000000     
   56.000000000000000       0.95852251000000011       -4.1479164000000006E-002   0.0000000000000000        0.0000000000000000        0.0000000000000000     
   57.000000000000000       0.95940130000000012       -4.0597374000000006E-002   0.0000000000000000        0.0000000000000000        0.0000000000000000     
   58.000000000000000       0.96025672000000006       -3.9745932000000005E-002   0.0000000000000000        0.0000000000000000        0.0000000000000000     
   59.000000000000007       0.96107551000000002       -3.8923164000000010E-002   0.0000000000000000        0.0000000000000000        0.0000000000000000     
   60.000000000000000       0.96187093000000012       -3.8127407000000002E-002   0.0000000000000000        0.0000000000000000        0.0000000000000000     
   61.000000000000007       0.96264634999999998       -3.7357650000000006E-002   0.0000000000000000        0.0000000000000000        0.0000000000000000     
   62.000000000000000       0.96338840000000014       -3.6611904000000001E-002   0.0000000000000000        0.0000000000000000        0.0000000000000000     
   63.000000000000007       0.96410719000000000       -3.5890157999999998E-002   0.0000000000000000        0.0000000000000000        0.0000000000000000     
   64.000000000000000       0.96480924000000001       -3.5190749000000000E-002   0.0000000000000000        0.0000000000000000        0.0000000000000000     
   65.000000000000000       0.96548465999999999       -3.4512014000000001E-002   0.0000000000000000        0.0000000000000000        0.0000000000000000     
   66.000000000000000       0.96614671000000008       -3.3853941999999998E-002   0.0000000000000000        0.0000000000000000        0.0000000000000000     
   67.000000000000000       0.96678212999999991       -3.3215207000000004E-002   0.0000000000000000        0.0000000000000000        0.0000000000000000     
   68.000000000000000       0.96740418000000017       -3.2594472000000006E-002   0.0000000000000000        0.0000000000000000        0.0000000000000000     
   69.000000000000000       0.96800960000000003       -3.1990736999999998E-002   0.0000000000000000        0.0000000000000000        0.0000000000000000     
   70.000000000000000       0.96859501999999997       -3.1404664999999998E-002   0.0000000000000000        0.0000000000000000        0.0000000000000000     
   71.000000000000000       0.96916706999999991       -3.0834256000000001E-002   0.0000000000000000        0.0000000000000000        0.0000000000000000     
   72.000000000000000       0.96972249000000010       -3.0279184000000001E-002   0.0000000000000000        0.0000000000000000        0.0000000000000000     
   73.000000000000000       0.97025790999999995       -2.9738438000000006E-002   0.0000000000000000        0.0000000000000000        0.0000000000000000     
   74.000000000000000       0.97078996000000006       -2.9212355000000002E-002   0.0000000000000000        0.0000000000000000        0.0000000000000000     
   75.000000000000000       0.97129875000000010       -2.8699103500000003E-002   0.0000000000000000        0.0000000000000000        0.0000000000000000     
   76.000000000000000       0.97180080000000002       -2.8199178000000002E-002   0.0000000000000000        0.0000000000000000        0.0000000000000000     
   77.000000000000000       0.97228959000000015       -2.7711747000000005E-002   0.0000000000000000        0.0000000000000000        0.0000000000000000     
   78.000000000000000       0.97276501000000004       -2.7235911600000003E-002   0.0000000000000000        0.0000000000000000        0.0000000000000000     
   79.000000000000000       0.97322379999999997       -2.6772166300000004E-002   0.0000000000000000        0.0000000000000000        0.0000000000000000     
   80.000000000000000       0.97368259000000001       -2.6318353600000004E-002   0.0000000000000000        0.0000000000000000        0.0000000000000000     
   81.000000000000000       0.97412138000000015       -2.5876327700000003E-002   0.0000000000000000        0.0000000000000000        0.0000000000000000     
   82.000000000000000       0.97456017000000006       -2.5443863700000003E-002   0.0000000000000000        0.0000000000000000        0.0000000000000000     
   83.000000000000000       0.97497896000000006       -2.5020894200000001E-002   0.0000000000000000        0.0000000000000000        0.0000000000000000     
   84.000000000000000       0.97539112000000006       -2.4607913699999998E-002   0.0000000000000000        0.0000000000000000        0.0000000000000000     
   85.000000000000000       0.97579327999999999       -2.4203461400000001E-002   0.0000000000000000        0.0000000000000000        0.0000000000000000     
   86.000000000000000       0.97619544000000014       -2.3808728499999997E-002   0.0000000000000000        0.0000000000000000        0.0000000000000000     
   87.000000000000000       0.97657759999999993       -2.3421624900000004E-002   0.0000000000000000        0.0000000000000000        0.0000000000000000     
   88.000000000000000       0.97695313000000006       -2.3043375499999998E-002   0.0000000000000000        0.0000000000000000        0.0000000000000000     
   89.000000000000000       0.97732865999999996       -2.2672519500000002E-002   0.0000000000000000        0.0000000000000000        0.0000000000000000     
   90.000000000000000       0.97769082000000007       -2.2309652500000002E-002   0.0000000000000000        0.0000000000000000        0.0000000000000000     
   91.000000000000000       0.97804972000000001       -2.1954010400000001E-002   0.0000000000000000        0.0000000000000000        0.0000000000000000     
   92.000000000000000       0.97839525000000005       -2.1606121400000001E-002   0.0000000000000000        0.0000000000000000        0.0000000000000000     
   93.000000000000000       0.97873752000000003       -2.1264625799999999E-002   0.0000000000000000        0.0000000000000000        0.0000000000000000     
   94.000000000000000       0.97906642000000010       -2.0930119200000000E-002   0.0000000000000000        0.0000000000000000        0.0000000000000000     
   95.000000000000000       0.97939532000000007       -2.0602466800000004E-002   0.0000000000000000        0.0000000000000000        0.0000000000000000     
   96.000000000000000       0.97971759000000014       -2.0280308900000002E-002   0.0000000000000000        0.0000000000000000        0.0000000000000000     
   97.000000000000000       0.98003323000000009       -1.9964937799999999E-002   0.0000000000000000        0.0000000000000000        0.0000000000000000     
   98.000000000000000       0.98034213000000014       -1.9655555700000001E-002   0.0000000000000000        0.0000000000000000        0.0000000000000000     
   99.000000000000000       0.98064777000000003       -1.9352128900000001E-002   0.0000000000000000        0.0000000000000000        0.0000000000000000     
   100.00000000000000       0.98094341000000007       -1.9053927000000002E-002   0.0000000000000000        0.0000000000000000        0.0000000000000000     
   101.00000000000000       0.98123905000000011       -1.8761613000000000E-002   0.0000000000000000        0.0000000000000000        0.0000000000000000     
   102.00000000000000       0.98152469000000009       -1.8474422800000001E-002   0.0000000000000000        0.0000000000000000        0.0000000000000000     
   103.00000000000000       0.98180707000000011       -1.8192952000000002E-002   0.0000000000000000        0.0000000000000000        0.0000000000000000     
   104.00000000000000       0.98208271000000003       -1.7915874600000003E-002   0.0000000000000000        0.0000000000000000        0.0000000000000000     
   105.00000000000001       0.98235509000000010       -1.7644449199999999E-002   0.0000000000000000        0.0000000000000000        0.0000000000000000     
   106.00000000000000       0.98262410000000000       -1.7377316100000002E-002   0.0000000000000000        0.0000000000000000        0.0000000000000000     
   107.00000000000000       0.98288648000000012       -1.7115104600000000E-002   0.0000000000000000        0.0000000000000000        0.0000000000000000     
   108.00000000000000       0.98314223000000012       -1.6857747300000003E-002   0.0000000000000000        0.0000000000000000        0.0000000000000000     
   109.00000000000001       0.98339460999999995       -1.6604581199999999E-002   0.0000000000000000        0.0000000000000000        0.0000000000000000     
   110.00000000000000       0.98364035999999999       -1.6356201899999999E-002   0.0000000000000000        0.0000000000000000        0.0000000000000000     
   111.00000000000000       0.98388611000000004       -1.6111283399999999E-002   0.0000000000000000        0.0000000000000000        0.0000000000000000     
   112.00000000000000       0.98412523000000007       -1.5871747300000003E-002   0.0000000000000000        0.0000000000000000        0.0000000000000000     
   113.00000000000000       0.98436435000000011       -1.5635638300000001E-002   0.0000000000000000        0.0000000000000000        0.0000000000000000     
   114.00000000000000       0.98460010000000009       -1.5403518300000002E-002   0.0000000000000000        0.0000000000000000        0.0000000000000000     
   115.00000000000000       0.98482259000000005       -1.5175387300000003E-002   0.0000000000000000        0.0000000000000000        0.0000000000000000     
   116.00000000000000       0.98505171000000014       -1.4951211600000002E-002   0.0000000000000000        0.0000000000000000        0.0000000000000000     
   117.00000000000000       0.98526757000000009       -1.4731024900000000E-002   0.0000000000000000        0.0000000000000000        0.0000000000000000     
   118.00000000000001       0.98548669000000011       -1.4514063100000002E-002   0.0000000000000000        0.0000000000000000        0.0000000000000000     
   119.00000000000000       0.98570255000000007       -1.4301022900000000E-002   0.0000000000000000        0.0000000000000000        0.0000000000000000     
   120.00000000000000       0.98590841000000007       -1.4091836900000002E-002   0.0000000000000000        0.0000000000000000        0.0000000000000000     
   121.00000000000000       0.98611427000000007       -1.3885179100000002E-002   0.0000000000000000        0.0000000000000000        0.0000000000000000     
   122.00000000000001       0.98632012999999996       -1.3683038500000000E-002   0.0000000000000000        0.0000000000000000        0.0000000000000000     
   123.00000000000000       0.98651599000000001       -1.3483392400000002E-002   0.0000000000000000        0.0000000000000000        0.0000000000000000     
   124.00000000000000       0.98671522000000000       -1.3287566799999999E-002   0.0000000000000000        0.0000000000000000        0.0000000000000000     
   125.00000000000000       0.98690445000000016       -1.3094831300000000E-002   0.0000000000000000        0.0000000000000000        0.0000000000000000     
   126.00000000000001       0.98709705000000003       -1.2905219600000002E-002   0.0000000000000000        0.0000000000000000        0.0000000000000000     
   127.00000000000000       0.98727965000000006       -1.2718698000000001E-002   0.0000000000000000        0.0000000000000000        0.0000000000000000     
   128.00000000000000       0.98746224999999999       -1.2535266500000001E-002   0.0000000000000000        0.0000000000000000        0.0000000000000000     
   129.00000000000000       0.98764485000000013       -1.2354857700000001E-002   0.0000000000000000        0.0000000000000000        0.0000000000000000     
   130.00000000000000       0.98782082000000004       -1.2177538999999999E-002   0.0000000000000000        0.0000000000000000        0.0000000000000000     
   131.00000000000000       0.98799342000000001       -1.2003243000000000E-002   0.0000000000000000        0.0000000000000000        0.0000000000000000     
   132.00000000000000       0.98816939000000004       -1.1831306700000002E-002   0.0000000000000000        0.0000000000000000        0.0000000000000000     
   133.00000000000000       0.98833536000000000       -1.1662393100000000E-002   0.0000000000000000        0.0000000000000000        0.0000000000000000     
   134.00000000000000       0.98850470000000001       -1.1496468500000001E-002   0.0000000000000000        0.0000000000000000        0.0000000000000000     
   135.00000000000000       0.98866404000000008       -1.1332903599999999E-002   0.0000000000000000        0.0000000000000000        0.0000000000000000     
   136.00000000000000       0.98883001000000004       -1.1171631000000001E-002   0.0000000000000000        0.0000000000000000        0.0000000000000000     
   137.00000000000000       0.98898272000000009       -1.1013313699999999E-002   0.0000000000000000        0.0000000000000000        0.0000000000000000     
   138.00000000000000       0.98914206000000005       -1.0857985400000001E-002   0.0000000000000000        0.0000000000000000        0.0000000000000000     
   139.00000000000000       0.98929476999999999       -1.0704915700000001E-002   0.0000000000000000        0.0000000000000000        0.0000000000000000     
   140.00000000000000       0.98944748000000005       -1.0554172000000001E-002   0.0000000000000000        0.0000000000000000        0.0000000000000000     
   141.00000000000000       0.98959356000000009       -1.0405653200000002E-002   0.0000000000000000        0.0000000000000000        0.0000000000000000     
   142.00000000000000       0.98973627000000008       -1.0260089700000001E-002   0.0000000000000000        0.0000000000000000        0.0000000000000000     
   143.00000000000000       0.98988235000000002       -1.0116751100000002E-002   0.0000000000000000        0.0000000000000000        0.0000000000000000     
   144.00000000000000       0.99002843000000007       -9.9757048000000004E-003   0.0000000000000000        0.0000000000000000        0.0000000000000000     
   145.00000000000000       0.99016451000000005       -9.8368497000000006E-003   0.0000000000000000        0.0000000000000000        0.0000000000000000     
   146.00000000000000       0.99030059000000004       -9.7002532000000016E-003   0.0000000000000000        0.0000000000000000        0.0000000000000000     
   147.00000000000000       0.99043341000000007       -9.5658815999999994E-003   0.0000000000000000        0.0000000000000000        0.0000000000000000     
   148.00000000000000       0.99056949000000005       -9.4337349000000008E-003   0.0000000000000000        0.0000000000000000        0.0000000000000000     
   149.00000000000000       0.99069894000000014       -9.3037794000000000E-003   0.0000000000000000        0.0000000000000000        0.0000000000000000     
   150.00000000000000       0.99082176000000000       -9.1753857999999997E-003   0.0000000000000000        0.0000000000000000        0.0000000000000000     
   151.00000000000000       0.99095120999999997       -9.0498464000000004E-003   0.0000000000000000        0.0000000000000000        0.0000000000000000     
   152.00000000000000       0.99107403000000005       -8.9258351999999992E-003   0.0000000000000000        0.0000000000000000        0.0000000000000000     
   153.00000000000000       0.99119685000000013       -8.8040152000000010E-003   0.0000000000000000        0.0000000000000000        0.0000000000000000     
   154.00000000000000       0.99131967000000010       -8.6837234000000010E-003   0.0000000000000000        0.0000000000000000        0.0000000000000000     
   155.00000000000000       0.99143586000000017       -8.5662521000000012E-003   0.0000000000000000        0.0000000000000000        0.0000000000000000     
   156.00000000000000       0.99154867999999996       -8.4503089999999996E-003   0.0000000000000000        0.0000000000000000        0.0000000000000000     
   157.00000000000000       0.99166487000000014       -8.3358604000000006E-003   0.0000000000000000        0.0000000000000000        0.0000000000000000     
   158.00000000000000       0.99178106000000010       -8.2236029999999995E-003   0.0000000000000000        0.0000000000000000        0.0000000000000000     
   159.00000000000000       0.99188725000000011       -8.1128064000000003E-003   0.0000000000000000        0.0000000000000000        0.0000000000000000     
   160.00000000000000       0.99199681000000006       -8.0042010000000007E-003   0.0000000000000000        0.0000000000000000        0.0000000000000000     
   161.00000000000000       0.99210299999999996       -7.8977194000000011E-003   0.0000000000000000        0.0000000000000000        0.0000000000000000     
   162.00000000000000       0.99220593000000012       -7.7920693000000001E-003   0.0000000000000000        0.0000000000000000        0.0000000000000000     
   163.00000000000000       0.99231212000000013       -7.6885429999999999E-003   0.0000000000000000        0.0000000000000000        0.0000000000000000     
   164.00000000000000       0.99241168000000013       -7.5871742000000004E-003   0.0000000000000000        0.0000000000000000        0.0000000000000000     
   165.00000000000000       0.99251460999999996       -7.4866032000000006E-003   0.0000000000000000        0.0000000000000000        0.0000000000000000     
   166.00000000000000       0.99261417000000007       -7.3881896999999997E-003   0.0000000000000000        0.0000000000000000        0.0000000000000000     
   167.00000000000000       0.99270710000000006       -7.2912033000000010E-003   0.0000000000000000        0.0000000000000000        0.0000000000000000     
   168.00000000000000       0.99280003000000006       -7.1960429000000005E-003   0.0000000000000000        0.0000000000000000        0.0000000000000000     
   169.00000000000000       0.99289959000000005       -7.1022107000000001E-003   0.0000000000000000        0.0000000000000000        0.0000000000000000     
   170.00000000000000       0.99298926000000010       -7.0099382000000003E-003   0.0000000000000000        0.0000000000000000        0.0000000000000000     
   171.00000000000000       0.99308219000000020       -6.9191265000000009E-003   0.0000000000000000        0.0000000000000000        0.0000000000000000     
   172.00000000000000       0.99316849000000018       -6.8298419000000004E-003   0.0000000000000000        0.0000000000000000        0.0000000000000000     
   173.00000000000000       0.99326142000000006       -6.7419181000000009E-003   0.0000000000000000        0.0000000000000000        0.0000000000000000     
   174.00000000000000       0.99334772000000005       -6.6554550999999998E-003   0.0000000000000000        0.0000000000000000        0.0000000000000000     
   175.00000000000000       0.99343065000000008       -6.5704192000000010E-003   0.0000000000000000        0.0000000000000000        0.0000000000000000     
   176.00000000000000       0.99351031999999995       -6.4867778000000003E-003   0.0000000000000000        0.0000000000000000        0.0000000000000000     
   177.00000000000000       0.99359661999999993       -6.4044972000000004E-003   0.0000000000000000        0.0000000000000000        0.0000000000000000     
   178.00000000000000       0.99367629000000002       -6.3235111000000000E-003   0.0000000000000000        0.0000000000000000        0.0000000000000000     
   179.00000000000000       0.99375596000000010       -6.2438195000000009E-003   0.0000000000000000        0.0000000000000000        0.0000000000000000     
   180.00000000000000       0.99383562999999997       -6.1654224000000013E-003   0.0000000000000000        0.0000000000000000        0.0000000000000000     
   181.00000000000000       0.99391193000000000       -6.0883198000000003E-003   0.0000000000000000        0.0000000000000000        0.0000000000000000     
   182.00000000000000       0.99398497000000008       -6.0124454000000001E-003   0.0000000000000000        0.0000000000000000        0.0000000000000000     
   183.00000000000000       0.99406464000000005       -5.9377992000000006E-003   0.0000000000000000        0.0000000000000000        0.0000000000000000     
   184.00000000000000       0.99413430999999997       -5.8643475000000004E-003   0.0000000000000000        0.0000000000000000        0.0000000000000000     
   185.00000000000000       0.99420735000000016       -5.7920576999999996E-003   0.0000000000000000        0.0000000000000000        0.0000000000000000     
   186.00000000000000       0.99428039000000001       -5.7209961000000004E-003   0.0000000000000000        0.0000000000000000        0.0000000000000000     
   187.00000000000000       0.99435006000000004       -5.6510301000000001E-003   0.0000000000000000        0.0000000000000000        0.0000000000000000     
   188.00000000000000       0.99441647000000011       -5.5821923000000002E-003   0.0000000000000000        0.0000000000000000        0.0000000000000000     
   189.00000000000000       0.99448614000000002       -5.5144827000000000E-003   0.0000000000000000        0.0000000000000000        0.0000000000000000     
   190.00000000000000       0.99455255000000009       -5.4478687000000005E-003   0.0000000000000000        0.0000000000000000        0.0000000000000000     
   191.00000000000000       0.99461558999999999       -5.3822503000000004E-003   0.0000000000000000        0.0000000000000000        0.0000000000000000     
   192.00000000000000       0.99468200000000007       -5.3177938000000006E-003   0.0000000000000000        0.0000000000000000        0.0000000000000000     
   193.00000000000000       0.99474504000000008       -5.2542666000000007E-003   0.0000000000000000        0.0000000000000000        0.0000000000000000     
   194.00000000000000       0.99480808000000009       -5.1918012999999999E-003   0.0000000000000000        0.0000000000000000        0.0000000000000000     
   195.00000000000000       0.99486786000000005       -5.1303316000000003E-003   0.0000000000000000        0.0000000000000000        0.0000000000000000     
   196.00000000000000       0.99493090000000006       -5.0698249000000004E-003   0.0000000000000000        0.0000000000000000        0.0000000000000000     
   197.00000000000003       0.99498731000000018       -5.0102801000000002E-003   0.0000000000000000        0.0000000000000000        0.0000000000000000     
   198.00000000000000       0.99504709000000013       -4.9516983000000006E-003   0.0000000000000000        0.0000000000000000        0.0000000000000000     
   199.00000000000000       0.99510350000000003       -4.8940121000000001E-003   0.0000000000000000        0.0000000000000000        0.0000000000000000     
   200.00000000000000       0.99515991000000015       -4.8372889000000002E-003   0.0000000000000000        0.0000000000000000        0.0000000000000000     
   201.00000000000000       0.99521969000000010       -4.7813949999999999E-003   0.0000000000000000        0.0000000000000000        0.0000000000000000     
   202.00000000000000       0.99527610000000011       -4.7264304000000004E-003   0.0000000000000000        0.0000000000000000        0.0000000000000000     
   203.00000000000000       0.99532588000000000       -4.6723625000000008E-003   0.0000000000000000        0.0000000000000000        0.0000000000000000     
   204.00000000000000       0.99538229000000000       -4.6190238999999998E-003   0.0000000000000000        0.0000000000000000        0.0000000000000000     
   205.00000000000003       0.99543207000000011       -4.5666483000000001E-003   0.0000000000000000        0.0000000000000000        0.0000000000000000     
   206.00000000000000       0.99548522000000006       -4.5150694000000002E-003   0.0000000000000000        0.0000000000000000        0.0000000000000000     
   207.00000000000000       0.99553500000000006       -4.4642535000000002E-003   0.0000000000000000        0.0000000000000000        0.0000000000000000     
   208.00000000000000       0.99558478000000006       -4.4142343000000001E-003   0.0000000000000000        0.0000000000000000        0.0000000000000000     
   209.00000000000000       0.99563456000000006       -4.3649780999999999E-003   0.0000000000000000        0.0000000000000000        0.0000000000000000     
   210.00000000000003       0.99568434000000006       -4.3165186000000003E-003   0.0000000000000000        0.0000000000000000        0.0000000000000000     
   211.00000000000000       0.99572749000000016       -4.2687895000000000E-003   0.0000000000000000        0.0000000000000000        0.0000000000000000     
   212.00000000000000       0.99577727000000005       -4.2218234000000006E-003   0.0000000000000000        0.0000000000000000        0.0000000000000000     
   213.00000000000000       0.99582042000000004       -4.1755877000000004E-003   0.0000000000000000        0.0000000000000000        0.0000000000000000     
   214.00000000000000       0.99587020000000004       -4.1300487000000006E-003   0.0000000000000000        0.0000000000000000        0.0000000000000000     
   215.00000000000000       0.99591335000000014       -4.0851738000000004E-003   0.0000000000000000        0.0000000000000000        0.0000000000000000     
   216.00000000000000       0.99595650000000002       -4.0409956000000006E-003   0.0000000000000000        0.0000000000000000        0.0000000000000000     
   217.00000000000000       0.99599965000000013       -3.9975478000000000E-003   0.0000000000000000        0.0000000000000000        0.0000000000000000     
   218.00000000000003       0.99604280000000012       -3.9547304000000002E-003   0.0000000000000000        0.0000000000000000        0.0000000000000000     
   219.00000000000000       0.99608595000000011       -3.9125434000000002E-003   0.0000000000000000        0.0000000000000000        0.0000000000000000     
   220.00000000000000       0.99612910000000010       -3.8710205000000004E-003   0.0000000000000000        0.0000000000000000        0.0000000000000000     
   221.00000000000000       0.99617225000000009       -3.8300617000000003E-003   0.0000000000000000        0.0000000000000000        0.0000000000000000     
   222.00000000000000       0.99620877000000008       -3.7897962300000002E-003   0.0000000000000000        0.0000000000000000        0.0000000000000000     
   223.00000000000003       0.99625192000000007       -3.7500487799999997E-003   0.0000000000000000        0.0000000000000000        0.0000000000000000     
   224.00000000000000       0.99628844000000005       -3.7109384700000003E-003   0.0000000000000000        0.0000000000000000        0.0000000000000000     
   225.00000000000000       0.99632496000000004       -3.6724686700000007E-003   0.0000000000000000        0.0000000000000000        0.0000000000000000     
   226.00000000000000       0.99636811000000003       -3.6345000400000004E-003   0.0000000000000000        0.0000000000000000        0.0000000000000000     
   227.00000000000000       0.99640463000000001       -3.5971022500000003E-003   0.0000000000000000        0.0000000000000000        0.0000000000000000     
   228.00000000000000       0.99643778000000005       -3.5602719300000005E-003   0.0000000000000000        0.0000000000000000        0.0000000000000000     
   229.00000000000000       0.99647430000000004       -3.5239461500000003E-003   0.0000000000000000        0.0000000000000000        0.0000000000000000     
   230.00000000000000       0.99651082000000002       -3.4881878399999999E-003   0.0000000000000000        0.0000000000000000        0.0000000000000000     
   231.00000000000003       0.99654734000000000       -3.4529307000000001E-003   0.0000000000000000        0.0000000000000000        0.0000000000000000     
   232.00000000000000       0.99658386000000010       -3.4182376600000001E-003   0.0000000000000000        0.0000000000000000        0.0000000000000000     
   233.00000000000000       0.99662037999999997       -3.3839794900000003E-003   0.0000000000000000        0.0000000000000000        0.0000000000000000     
   234.00000000000000       0.99664690000000000       -3.3502887900000002E-003   0.0000000000000000        0.0000000000000000        0.0000000000000000     
   235.00000000000000       0.99668341999999999       -3.3170262199999998E-003   0.0000000000000000        0.0000000000000000        0.0000000000000000     
   236.00000000000003       0.99671331000000007       -3.2842648200000005E-003   0.0000000000000000        0.0000000000000000        0.0000000000000000     
   237.00000000000000       0.99674983000000006       -3.2519349200000000E-003   0.0000000000000000        0.0000000000000000        0.0000000000000000     
   238.00000000000000       0.99677635000000009       -3.2200994500000005E-003   0.0000000000000000        0.0000000000000000        0.0000000000000000     
   239.00000000000003       0.99681287000000007       -3.1886921100000003E-003   0.0000000000000000        0.0000000000000000        0.0000000000000000     
   240.00000000000000       0.99684276000000005       -3.1577825699999999E-003   0.0000000000000000        0.0000000000000000        0.0000000000000000     
   241.00000000000000       0.99687265000000003       -3.1272348600000005E-003   0.0000000000000000        0.0000000000000000        0.0000000000000000     
   242.00000000000000       0.99689917000000006       -3.0971815800000004E-003   0.0000000000000000        0.0000000000000000        0.0000000000000000     
   243.00000000000000       0.99693569000000004       -3.0674901299999999E-003   0.0000000000000000        0.0000000000000000        0.0000000000000000     
   244.00000000000003       0.99696558000000002       -3.0382268099999996E-003   0.0000000000000000        0.0000000000000000        0.0000000000000000     
   245.00000000000000       0.99699210000000005       -3.0093916200000003E-003   0.0000000000000000        0.0000000000000000        0.0000000000000000     
   246.00000000000000       0.99702199000000014       -2.9809778200000003E-003   0.0000000000000000        0.0000000000000000        0.0000000000000000     
   247.00000000000000       0.99704524999999999       -2.9528629200000003E-003   0.0000000000000000        0.0000000000000000        0.0000000000000000     
   248.00000000000000       0.99707177000000002       -2.9252357100000002E-003   0.0000000000000000        0.0000000000000000        0.0000000000000000     
   249.00000000000003       0.99710166000000011       -2.8979006600000001E-003   0.0000000000000000        0.0000000000000000        0.0000000000000000     
   250.00000000000000       0.99713154999999998       -2.8709903700000006E-003   0.0000000000000000        0.0000000000000000        0.0000000000000000     
   251.00000000000000       0.99715144000000011       -2.8444419100000003E-003   0.0000000000000000        0.0000000000000000        0.0000000000000000     
   252.00000000000003       0.99718133000000009       -2.8182451700000002E-003   0.0000000000000000        0.0000000000000000        0.0000000000000000     
   253.00000000000000       0.99721122000000006       -2.7924102600000002E-003   0.0000000000000000        0.0000000000000000        0.0000000000000000     
   254.00000000000000       0.99723111000000020       -2.7668607700000003E-003   0.0000000000000000        0.0000000000000000        0.0000000000000000     
   255.00000000000000       0.99726099999999995       -2.7417360400000001E-003   0.0000000000000000        0.0000000000000000        0.0000000000000000     
   256.00000000000000       0.99728089000000009       -2.7169001000000000E-003   0.0000000000000000        0.0000000000000000        0.0000000000000000     
   257.00000000000000       0.99731078000000006       -2.6923563199999999E-003   0.0000000000000000        0.0000000000000000        0.0000000000000000     
   258.00000000000000       0.99733403999999992       -2.6682305600000001E-003   0.0000000000000000        0.0000000000000000        0.0000000000000000     
   259.00000000000000       0.99735393000000006       -2.6443272900000003E-003   0.0000000000000000        0.0000000000000000        0.0000000000000000     
   260.00000000000000       0.99737719000000002       -2.6207791100000002E-003   0.0000000000000000        0.0000000000000000        0.0000000000000000     
   261.00000000000000       0.99740371000000005       -2.5975163499999997E-003   0.0000000000000000        0.0000000000000000        0.0000000000000000     
   262.00000000000000       0.99742697000000002       -2.5746086799999998E-003   0.0000000000000000        0.0000000000000000        0.0000000000000000     
   263.00000000000000       0.99744686000000016       -2.5519235000000004E-003   0.0000000000000000        0.0000000000000000        0.0000000000000000     
   264.00000000000000       0.99747012000000002       -2.5295866700000003E-003   0.0000000000000000        0.0000000000000000        0.0000000000000000     
   265.00000000000000       0.99749338000000010       -2.5074723300000002E-003   0.0000000000000000        0.0000000000000000        0.0000000000000000     
   266.00000000000000       0.99751327000000001       -2.4857130800000002E-003   0.0000000000000000        0.0000000000000000        0.0000000000000000     
   267.00000000000000       0.99753653000000009       -2.4641695800000003E-003   0.0000000000000000        0.0000000000000000        0.0000000000000000     
   268.00000000000000       0.99755642000000000       -2.4429115000000000E-003   0.0000000000000000        0.0000000000000000        0.0000000000000000     
   269.00000000000000       0.99757968000000008       -2.4219388399999999E-003   0.0000000000000000        0.0000000000000000        0.0000000000000000     
   270.00000000000000       0.99759956999999999       -2.4011852999999998E-003   0.0000000000000000        0.0000000000000000        0.0000000000000000     
   271.00000000000000       0.99762283000000007       -2.3807171799999998E-003   0.0000000000000000        0.0000000000000000        0.0000000000000000     
   272.00000000000000       0.99763609000000009       -2.3605311099999999E-003   0.0000000000000000        0.0000000000000000        0.0000000000000000     
   273.00000000000000       0.99765935000000017       -2.3405641600000001E-003   0.0000000000000000        0.0000000000000000        0.0000000000000000     
   274.00000000000000       0.99767924000000008       -2.3208129600000003E-003   0.0000000000000000        0.0000000000000000        0.0000000000000000     
   275.00000000000000       0.99770250000000005       -2.3013471800000002E-003   0.0000000000000000        0.0000000000000000        0.0000000000000000     
   276.00000000000000       0.99771576000000006       -2.2820971500000001E-003   0.0000000000000000        0.0000000000000000        0.0000000000000000     
   277.00000000000000       0.99773902000000003       -2.2631291700000002E-003   0.0000000000000000        0.0000000000000000        0.0000000000000000     
   278.00000000000000       0.99775228000000005       -2.2443106400000003E-003   0.0000000000000000        0.0000000000000000        0.0000000000000000     
   279.00000000000000       0.99777216999999996       -2.2257741600000000E-003   0.0000000000000000        0.0000000000000000        0.0000000000000000     
   280.00000000000000       0.99779543000000004       -2.2074568000000003E-003   0.0000000000000000        0.0000000000000000        0.0000000000000000     
   281.00000000000000       0.99780869000000005       -2.1893518200000002E-003   0.0000000000000000        0.0000000000000000        0.0000000000000000     
   282.00000000000000       0.99783195000000013       -2.1714625900000001E-003   0.0000000000000000        0.0000000000000000        0.0000000000000000     
   283.00000000000000       0.99784520999999993       -2.1537228100000001E-003   0.0000000000000000        0.0000000000000000        0.0000000000000000     
   284.00000000000000       0.99786183999999989       -2.1362650800000002E-003   0.0000000000000000        0.0000000000000000        0.0000000000000000     
   285.00000000000000       0.99788173000000002       -2.1190197299999999E-003   0.0000000000000000        0.0000000000000000        0.0000000000000000     
   286.00000000000000       0.99789835999999998       -2.1019238300000001E-003   0.0000000000000000        0.0000000000000000        0.0000000000000000     
   287.00000000000000       0.99791162000000000       -2.0850403100000003E-003   0.0000000000000000        0.0000000000000000        0.0000000000000000     
   288.00000000000000       0.99793151000000013       -2.0683725400000002E-003   0.0000000000000000        0.0000000000000000        0.0000000000000000     
   289.00000000000000       0.99794814000000009       -2.0518508500000001E-003   0.0000000000000000        0.0000000000000000        0.0000000000000000     
   290.00000000000000       0.99796140000000011       -2.0355449100000001E-003   0.0000000000000000        0.0000000000000000        0.0000000000000000     
   291.00000000000000       0.99798465999999997       -2.0194513500000001E-003   0.0000000000000000        0.0000000000000000        0.0000000000000000     
   292.00000000000000       0.99799791999999998       -2.0035038700000002E-003   0.0000000000000000        0.0000000000000000        0.0000000000000000     
   293.00000000000000       0.99801118000000000       -1.9877687700000000E-003   0.0000000000000000        0.0000000000000000        0.0000000000000000     
   294.00000000000000       0.99802781000000007       -1.9721831200000001E-003   0.0000000000000000        0.0000000000000000        0.0000000000000000     
   295.00000000000000       0.99804107000000009       -1.9568064800000000E-003   0.0000000000000000        0.0000000000000000        0.0000000000000000     
   296.00000000000000       0.99805770000000005       -1.9415792900000001E-003   0.0000000000000000        0.0000000000000000        0.0000000000000000     
   297.00000000000000       0.99807096000000006       -1.9264948100000002E-003   0.0000000000000000        0.0000000000000000        0.0000000000000000     
   298.00000000000000       0.99808422000000008       -1.9116227100000002E-003   0.0000000000000000        0.0000000000000000        0.0000000000000000     
   299.00000000000000       0.99810085000000015       -1.8968966900000002E-003   0.0000000000000000        0.0000000000000000        0.0000000000000000     
   300.00000000000000       0.99811411000000017       -1.8823167500000002E-003   0.0000000000000000        0.0000000000000000        0.0000000000000000     
   301.00000000000000       0.99813074000000002       -1.8679491900000004E-003   0.0000000000000000        0.0000000000000000        0.0000000000000000     
   302.00000000000000       0.99814400000000003       -1.8536580400000001E-003   0.0000000000000000        0.0000000000000000        0.0000000000000000     
   303.00000000000000       0.99815726000000005       -1.8395792700000000E-003   0.0000000000000000        0.0000000000000000        0.0000000000000000     
   304.00000000000000       0.99817389000000012       -1.8256465800000001E-003   0.0000000000000000        0.0000000000000000        0.0000000000000000     
   305.00000000000000       0.99818715000000013       -1.8118565999999999E-003   0.0000000000000000        0.0000000000000000        0.0000000000000000     
   306.00000000000000       0.99820041000000015       -1.7982093300000000E-003   0.0000000000000000        0.0000000000000000        0.0000000000000000     
   307.00000000000000       0.99821704000000000       -1.7847081400000002E-003   0.0000000000000000        0.0000000000000000        0.0000000000000000     
   308.00000000000000       0.99823030000000001       -1.7713496600000002E-003   0.0000000000000000        0.0000000000000000        0.0000000000000000     
   309.00000000000000       0.99824356000000003       -1.7581372600000002E-003   0.0000000000000000        0.0000000000000000        0.0000000000000000     
   310.00000000000000       0.99825356000000010       -1.7450675700000000E-003   0.0000000000000000        0.0000000000000000        0.0000000000000000     
   311.00000000000000       0.99826682000000011       -1.7320776600000000E-003   0.0000000000000000        0.0000000000000000        0.0000000000000000     
   312.00000000000000       0.99828008000000013       -1.7192933900000000E-003   0.0000000000000000        0.0000000000000000        0.0000000000000000     
   313.00000000000000       0.99829671000000009       -1.7066552000000001E-003   0.0000000000000000        0.0000000000000000        0.0000000000000000     
   314.00000000000000       0.99830333999999998       -1.6940934200000001E-003   0.0000000000000000        0.0000000000000000        0.0000000000000000     
   315.00000000000000       0.99831660000000000       -1.6816743500000001E-003   0.0000000000000000        0.0000000000000000        0.0000000000000000     
   316.00000000000000       0.99833323000000007       -1.6693979899999999E-003   0.0000000000000000        0.0000000000000000        0.0000000000000000     
   317.00000000000000       0.99833985999999997       -1.6572643400000002E-003   0.0000000000000000        0.0000000000000000        0.0000000000000000     
   318.00000000000000       0.99835311999999998       -1.6452070999999999E-003   0.0000000000000000        0.0000000000000000        0.0000000000000000     
   319.00000000000000       0.99836975000000006       -1.6332925700000001E-003   0.0000000000000000        0.0000000000000000        0.0000000000000000     
   320.00000000000000       0.99837638000000006       -1.6215207500000000E-003   0.0000000000000000        0.0000000000000000        0.0000000000000000     
   321.00000000000000       0.99838964000000008       -1.6098916400000001E-003   0.0000000000000000        0.0000000000000000        0.0000000000000000     
   322.00000000000000       0.99840290000000009       -1.5983355700000001E-003   0.0000000000000000        0.0000000000000000        0.0000000000000000     
   323.00000000000000       0.99841289999999994       -1.5868592800000001E-003   0.0000000000000000        0.0000000000000000        0.0000000000000000     
   324.00000000000000       0.99842615999999995       -1.5755886300000002E-003   0.0000000000000000        0.0000000000000000        0.0000000000000000     
   325.00000000000000       0.99843279000000007       -1.5643943900000002E-003   0.0000000000000000        0.0000000000000000        0.0000000000000000     
   326.00000000000000       0.99844942000000014       -1.5532765600000001E-003   0.0000000000000000        0.0000000000000000        0.0000000000000000     
   327.00000000000000       0.99845605000000004       -1.5422980699999998E-003   0.0000000000000000        0.0000000000000000        0.0000000000000000     
   328.00000000000000       0.99846931000000005       -1.5313959900000000E-003   0.0000000000000000        0.0000000000000000        0.0000000000000000     
   329.00000000000000       0.99847931000000001       -1.5206366200000000E-003   0.0000000000000000        0.0000000000000000        0.0000000000000000     
   330.00000000000000       0.99849257000000002       -1.5099502900000001E-003   0.0000000000000000        0.0000000000000000        0.0000000000000000     
   331.00000000000000       0.99849919999999992       -1.4994066699999999E-003   0.0000000000000000        0.0000000000000000        0.0000000000000000     
   332.00000000000000       0.99851245999999994       -1.4889360900000000E-003   0.0000000000000000        0.0000000000000000        0.0000000000000000     
   333.00000000000000       0.99852246000000011       -1.4786082200000002E-003   0.0000000000000000        0.0000000000000000        0.0000000000000000     
   334.00000000000000       0.99852909000000001       -1.4683533900000001E-003   0.0000000000000000        0.0000000000000000        0.0000000000000000     
   335.00000000000000       0.99854235000000002       -1.4581716000000001E-003   0.0000000000000000        0.0000000000000000        0.0000000000000000     
   336.00000000000000       0.99854898000000003       -1.4481325200000001E-003   0.0000000000000000        0.0000000000000000        0.0000000000000000     
   337.00000000000000       0.99856560999999999       -1.4381698499999998E-003   0.0000000000000000        0.0000000000000000        0.0000000000000000     
   338.00000000000000       0.99857224000000011       -1.4282802200000001E-003   0.0000000000000000        0.0000000000000000        0.0000000000000000     
   339.00000000000000       0.99857887000000001       -1.4185299299999999E-003   0.0000000000000000        0.0000000000000000        0.0000000000000000     
   340.00000000000000       0.99859213000000002       -1.4088526800000000E-003   0.0000000000000000        0.0000000000000000        0.0000000000000000     
   341.00000000000000       0.99860213000000009       -1.3992484699999999E-003   0.0000000000000000        0.0000000000000000        0.0000000000000000     
   342.00000000000000       0.99860876000000010       -1.3897869699999999E-003   0.0000000000000000        0.0000000000000000        0.0000000000000000     
   343.00000000000000       0.99862202000000000       -1.3803322100000000E-003   0.0000000000000000        0.0000000000000000        0.0000000000000000     
   344.00000000000000       0.99862865000000012       -1.3710167900000002E-003   0.0000000000000000        0.0000000000000000        0.0000000000000000     
   345.00000000000000       0.99863864999999996       -1.3617777800000001E-003   0.0000000000000000        0.0000000000000000        0.0000000000000000     
   346.00000000000000       0.99864528000000008       -1.3526084400000001E-003   0.0000000000000000        0.0000000000000000        0.0000000000000000     
   347.00000000000000       0.99865854000000009       -1.3435818100000000E-003   0.0000000000000000        0.0000000000000000        0.0000000000000000     
   348.00000000000000       0.99866516999999999       -1.3345585500000000E-003   0.0000000000000000        0.0000000000000000        0.0000000000000000     
   349.00000000000000       0.99867517000000006       -1.3256780000000003E-003   0.0000000000000000        0.0000000000000000        0.0000000000000000     
   350.00000000000000       0.99868180000000006       -1.3168704899999999E-003   0.0000000000000000        0.0000000000000000        0.0000000000000000     
   351.00000000000000       0.99868843000000007       -1.3081326500000000E-003   0.0000000000000000        0.0000000000000000        0.0000000000000000     
   352.00000000000000       0.99870169000000009       -1.2994712200000002E-003   0.0000000000000000        0.0000000000000000        0.0000000000000000     
   353.00000000000000       0.99871169000000004       -1.2908828299999999E-003   0.0000000000000000        0.0000000000000000        0.0000000000000000     
   354.00000000000000       0.99871832000000005       -1.2823641100000002E-003   0.0000000000000000        0.0000000000000000        0.0000000000000000     
   355.00000000000000       0.99872495000000006       -1.2739218000000000E-003   0.0000000000000000        0.0000000000000000        0.0000000000000000     
   356.00000000000000       0.99873157999999995       -1.2656154600000000E-003   0.0000000000000000        0.0000000000000000        0.0000000000000000     
   357.00000000000000       0.99873821000000007       -1.2573158600000002E-003   0.0000000000000000        0.0000000000000000        0.0000000000000000     
   358.00000000000000       0.99875484000000014       -1.2490926700000000E-003   0.0000000000000000        0.0000000000000000        0.0000000000000000     
   359.00000000000000       0.99876147000000004       -1.2410020799999998E-003   0.0000000000000000        0.0000000000000000        0.0000000000000000     
   360.00000000000000       0.99876810000000016       -1.2329216000000001E-003   0.0000000000000000        0.0000000000000000        0.0000000000000000     
   361.00000000000000       0.99877473000000005       -1.2249141600000001E-003   0.0000000000000000        0.0000000000000000        0.0000000000000000     
   362.00000000000000       0.99878473000000001       -1.2170426900000001E-003   0.0000000000000000        0.0000000000000000        0.0000000000000000     
   363.00000000000000       0.99879136000000002       -1.2091779600000001E-003   0.0000000000000000        0.0000000000000000        0.0000000000000000     
   364.00000000000000       0.99879799000000002       -1.2013862700000000E-003   0.0000000000000000        0.0000000000000000        0.0000000000000000     
   365.00000000000000       0.99880462000000003       -1.1936676199999999E-003   0.0000000000000000        0.0000000000000000        0.0000000000000000     
   366.00000000000000       0.99881125000000004       -1.1860186400000001E-003   0.0000000000000000        0.0000000000000000        0.0000000000000000     
   367.00000000000000       0.99882124999999999       -1.1784427000000003E-003   0.0000000000000000        0.0000000000000000        0.0000000000000000     
   368.00000000000000       0.99882788000000011       -1.1709364300000000E-003   0.0000000000000000        0.0000000000000000        0.0000000000000000     
   369.00000000000000       0.99883451000000001       -1.1635065700000000E-003   0.0000000000000000        0.0000000000000000        0.0000000000000000     
   370.00000000000000       0.99884114000000013       -1.1561463800000003E-003   0.0000000000000000        0.0000000000000000        0.0000000000000000     
   371.00000000000000       0.99884777000000002       -1.1487895600000000E-003   0.0000000000000000        0.0000000000000000        0.0000000000000000     
   372.00000000000000       0.99885777000000009       -1.1415720800000001E-003   0.0000000000000000        0.0000000000000000        0.0000000000000000     
   373.00000000000000       0.99886439999999999       -1.1343613399999999E-003   0.0000000000000000        0.0000000000000000        0.0000000000000000     
   374.00000000000000       0.99887103000000010       -1.1272202700000000E-003   0.0000000000000000        0.0000000000000000        0.0000000000000000     
   375.00000000000000       0.99887766000000000       -1.1201522400000000E-003   0.0000000000000000        0.0000000000000000        0.0000000000000000     
   376.00000000000000       0.99888429000000012       -1.1131538799999999E-003   0.0000000000000000        0.0000000000000000        0.0000000000000000     
   377.00000000000000       0.99889092000000002       -1.1061622600000002E-003   0.0000000000000000        0.0000000000000000        0.0000000000000000     
   378.00000000000000       0.99890092000000008       -1.0993066099999999E-003   0.0000000000000000        0.0000000000000000        0.0000000000000000     
   379.00000000000000       0.99890754999999998       -1.0924577000000000E-003   0.0000000000000000        0.0000000000000000        0.0000000000000000     
   380.00000000000000       0.99891418000000010       -1.0856784600000000E-003   0.0000000000000000        0.0000000000000000        0.0000000000000000     
   381.00000000000000       0.99892080999999999       -1.0789688899999999E-003   0.0000000000000000        0.0000000000000000        0.0000000000000000     
   382.00000000000000       0.99892744000000011       -1.0722660600000001E-003   0.0000000000000000        0.0000000000000000        0.0000000000000000     
   383.00000000000000       0.99893744000000018       -1.0657025700000001E-003   0.0000000000000000        0.0000000000000000        0.0000000000000000     
   384.00000000000000       0.99894407000000007       -1.0591424500000000E-003   0.0000000000000000        0.0000000000000000        0.0000000000000000     
   385.00000000000000       0.99895070000000019       -1.0525857000000002E-003   0.0000000000000000        0.0000000000000000        0.0000000000000000     
   386.00000000000000       0.99895070000000019       -1.0461649200000000E-003   0.0000000000000000        0.0000000000000000        0.0000000000000000     
   387.00000000000000       0.99895733000000009       -1.0397508800000000E-003   0.0000000000000000        0.0000000000000000        0.0000000000000000     
   388.00000000000000       0.99896396000000021       -1.0334098800000001E-003   0.0000000000000000        0.0000000000000000        0.0000000000000000     
   389.00000000000006       0.99897396000000005       -1.0271351800000001E-003   0.0000000000000000        0.0000000000000000        0.0000000000000000     
   390.00000000000000       0.99898058999999995       -1.0208672199999999E-003   0.0000000000000000        0.0000000000000000        0.0000000000000000     
   391.00000000000000       0.99898722000000006       -1.0147386000000000E-003   0.0000000000000000        0.0000000000000000        0.0000000000000000     
   392.00000000000000       0.99899384999999996       -1.0085436800000001E-003   0.0000000000000000        0.0000000000000000        0.0000000000000000     
   393.00000000000000       0.99899384999999996       -1.0024881000000000E-003   0.0000000000000000        0.0000000000000000        0.0000000000000000     
   394.00000000000006       0.99900048000000008       -9.9643589000000007E-004   0.0000000000000000        0.0000000000000000        0.0000000000000000     
   395.00000000000000       0.99901048000000015       -9.9045334999999998E-004   0.0000000000000000        0.0000000000000000        0.0000000000000000     
   396.00000000000000       0.99901711000000004       -9.8447755000000007E-004   0.0000000000000000        0.0000000000000000        0.0000000000000000     
   397.00000000000000       0.99902374000000016       -9.7857142000000018E-004   0.0000000000000000        0.0000000000000000        0.0000000000000000     
   398.00000000000000       0.99902374000000016       -9.7273159000000004E-004   0.0000000000000000        0.0000000000000000        0.0000000000000000     
   399.00000000000006       0.99903037000000006       -9.6696816999999999E-004   0.0000000000000000        0.0000000000000000        0.0000000000000000     
   400.00000000000000       0.99903700000000017       -9.6120475000000005E-004   0.0000000000000000        0.0000000000000000        0.0000000000000000     
   401.00000000000000       0.99904700000000002       -9.5544807000000006E-004   0.0000000000000000        0.0000000000000000        0.0000000000000000     
   402.00000000000000       0.99905363000000014       -9.4982399000000009E-004   0.0000000000000000        0.0000000000000000        0.0000000000000000     
   403.00000000000000       0.99905363000000014       -9.4420665000000006E-004   0.0000000000000000        0.0000000000000000        0.0000000000000000     
   404.00000000000000       0.99906026000000003       -9.3859268000000002E-004   0.0000000000000000        0.0000000000000000        0.0000000000000000     
   405.00000000000000       0.99906688999999993       -9.3304838000000001E-004   0.0000000000000000        0.0000000000000000        0.0000000000000000     
   406.00000000000000       0.99907352000000005       -9.2757375000000015E-004   0.0000000000000000        0.0000000000000000        0.0000000000000000     
   407.00000000000000       0.99907352000000005       -9.2210586000000003E-004   0.0000000000000000        0.0000000000000000        0.0000000000000000     
   408.00000000000000       0.99908352000000011       -9.1670426999999996E-004   0.0000000000000000        0.0000000000000000        0.0000000000000000     
   409.00000000000000       0.99909015000000023       -9.1137572000000013E-004   0.0000000000000000        0.0000000000000000        0.0000000000000000     
   410.00000000000006       0.99909678000000013       -9.0604717000000007E-004   0.0000000000000000        0.0000000000000000        0.0000000000000000     
   411.00000000000000       0.99909678000000013       -9.0079165999999993E-004   0.0000000000000000        0.0000000000000000        0.0000000000000000     
   412.00000000000000       0.99910341000000003       -8.9553952000000008E-004   0.0000000000000000        0.0000000000000000        0.0000000000000000     
   413.00000000000000       0.99911004000000014       -8.9035705000000006E-004   0.0000000000000000        0.0000000000000000        0.0000000000000000     
   414.00000000000000       0.99911004000000014       -8.8517458000000003E-004   0.0000000000000000        0.0000000000000000        0.0000000000000000     
   415.00000000000006       0.99912003999999999       -8.8006515000000002E-004   0.0000000000000000        0.0000000000000000        0.0000000000000000     
   416.00000000000000       0.99912667000000011       -8.7495909000000010E-004   0.0000000000000000        0.0000000000000000        0.0000000000000000     
   417.00000000000000       0.99913330000000000       -8.6992269999999999E-004   0.0000000000000000        0.0000000000000000        0.0000000000000000     
   418.00000000000000       0.99913330000000000       -8.6488968000000008E-004   0.0000000000000000        0.0000000000000000        0.0000000000000000     
   419.00000000000000       0.99913992999999990       -8.5992296000000001E-004   0.0000000000000000        0.0000000000000000        0.0000000000000000     
   420.00000000000006       0.99914656000000002       -8.5502928000000006E-004   0.0000000000000000        0.0000000000000000        0.0000000000000000     
   421.00000000000000       0.99914656000000002       -8.5013897000000009E-004   0.0000000000000000        0.0000000000000000        0.0000000000000000     
   422.00000000000000       0.99915655999999997       -8.4525202999999999E-004   0.0000000000000000        0.0000000000000000        0.0000000000000000     
   423.00000000000000       0.99916319000000009       -8.4043138999999995E-004   0.0000000000000000        0.0000000000000000        0.0000000000000000     
   424.00000000000000       0.99916319000000009       -8.3568379000000003E-004   0.0000000000000000        0.0000000000000000        0.0000000000000000     
   425.00000000000006       0.99916981999999999       -8.3093619000000000E-004   0.0000000000000000        0.0000000000000000        0.0000000000000000     
   426.00000000000000       0.99917644999999999       -8.2619532999999993E-004   0.0000000000000000        0.0000000000000000        0.0000000000000000     
   427.00000000000000       0.99917644999999999       -8.2152077000000002E-004   0.0000000000000000        0.0000000000000000        0.0000000000000000     
   428.00000000000000       0.99918308000000000       -8.1691925000000013E-004   0.0000000000000000        0.0000000000000000        0.0000000000000000     
   429.00000000000000       0.99918308000000000       -8.1225142999999996E-004   0.0000000000000000        0.0000000000000000        0.0000000000000000     
   430.00000000000000       0.99919307999999996       -8.0771958000000000E-004   0.0000000000000000        0.0000000000000000        0.0000000000000000     
   431.00000000000006       0.99919971000000007       -8.0319110000000012E-004   0.0000000000000000        0.0000000000000000        0.0000000000000000     
   432.00000000000000       0.99919971000000007       -7.9866599000000000E-004   0.0000000000000000        0.0000000000000000        0.0000000000000000     
   433.00000000000000       0.99920633999999997       -7.9420718000000016E-004   0.0000000000000000        0.0000000000000000        0.0000000000000000     
   434.00000000000000       0.99921297000000009       -7.8975511000000005E-004   0.0000000000000000        0.0000000000000000        0.0000000000000000     
   435.00000000000000       0.99921297000000009       -7.8536934000000001E-004   0.0000000000000000        0.0000000000000000        0.0000000000000000     
   436.00000000000006       0.99921959999999999       -7.8098694000000005E-004   0.0000000000000000        0.0000000000000000        0.0000000000000000     
   437.00000000000000       0.99921959999999999       -7.7660791000000006E-004   0.0000000000000000        0.0000000000000000        0.0000000000000000     
   438.00000000000000       0.99922960000000005       -7.7229855000000012E-004   0.0000000000000000        0.0000000000000000        0.0000000000000000     
   439.00000000000000       0.99923623000000006       -7.6805885999999999E-004   0.0000000000000000        0.0000000000000000        0.0000000000000000     
   440.00000000000000       0.99923623000000006       -7.6375287000000013E-004   0.0000000000000000        0.0000000000000000        0.0000000000000000     
   441.00000000000006       0.99924286000000007       -7.5958622000000013E-004   0.0000000000000000        0.0000000000000000        0.0000000000000000     
   442.00000000000000       0.99924286000000007       -7.5535327000000006E-004   0.0000000000000000        0.0000000000000000        0.0000000000000000     
   443.00000000000000       0.99924949000000007       -7.5118999000000014E-004   0.0000000000000000        0.0000000000000000        0.0000000000000000     
   444.00000000000000       0.99924949000000007       -7.4709301000000007E-004   0.0000000000000000        0.0000000000000000        0.0000000000000000     
   445.00000000000000       0.99925612000000008       -7.4300277000000005E-004   0.0000000000000000        0.0000000000000000        0.0000000000000000     
   446.00000000000006       0.99926274999999998       -7.3890590000000008E-004   0.0000000000000000        0.0000000000000000        0.0000000000000000     
   447.00000000000000       0.99926611999999992       -7.3486544000000010E-004   0.0000000000000000        0.0000000000000000        0.0000000000000000     
   448.00000000000000       0.99927275000000004       -7.3085149999999998E-004   0.0000000000000000        0.0000000000000000        0.0000000000000000     
   449.00000000000000       0.99927275000000004       -7.2686419000000003E-004   0.0000000000000000        0.0000000000000000        0.0000000000000000     
   450.00000000000000       0.99927937999999994       -7.2291003000000010E-004   0.0000000000000000        0.0000000000000000        0.0000000000000000     
   451.00000000000006       0.99927937999999994       -7.1897913000000004E-004   0.0000000000000000        0.0000000000000000        0.0000000000000000     
   452.00000000000000       0.99928601000000006       -7.1507812000000002E-004   0.0000000000000000        0.0000000000000000        0.0000000000000000     
   453.00000000000000       0.99928601000000006       -7.1120363000000007E-004   0.0000000000000000        0.0000000000000000        0.0000000000000000     
   454.00000000000000       0.99929263999999995       -7.0735903000000006E-004   0.0000000000000000        0.0000000000000000        0.0000000000000000     
   455.00000000000000       0.99929263999999995       -7.0353769000000002E-004   0.0000000000000000        0.0000000000000000        0.0000000000000000     
   456.00000000000000       0.99930264000000002       -6.9974287000000004E-004   0.0000000000000000        0.0000000000000000        0.0000000000000000     
   457.00000000000006       0.99930264000000002       -6.9597794000000011E-004   0.0000000000000000        0.0000000000000000        0.0000000000000000     
   458.00000000000000       0.99930927000000003       -6.9223626999999994E-004   0.0000000000000000        0.0000000000000000        0.0000000000000000     
   459.00000000000000       0.99930927000000003       -6.8852449000000003E-004   0.0000000000000000        0.0000000000000000        0.0000000000000000     
   460.00000000000000       0.99931590000000003       -6.8483922999999997E-004   0.0000000000000000        0.0000000000000000        0.0000000000000000     
   461.00000000000000       0.99931590000000003       -6.8117723000000010E-004   0.0000000000000000        0.0000000000000000        0.0000000000000000     
   462.00000000000006       0.99932253000000004       -6.7753849000000009E-004   0.0000000000000000        0.0000000000000000        0.0000000000000000     
   463.00000000000000       0.99932253000000004       -6.7392627000000004E-004   0.0000000000000000        0.0000000000000000        0.0000000000000000     
   464.00000000000000       0.99932916000000005       -6.7033730999999997E-004   0.0000000000000000        0.0000000000000000        0.0000000000000000     
   465.00000000000000       0.99932916000000005       -6.6677487000000007E-004   0.0000000000000000        0.0000000000000000        0.0000000000000000     
   466.00000000000000       0.99933916000000012       -6.6323568999999993E-004   0.0000000000000000        0.0000000000000000        0.0000000000000000     
   467.00000000000006       0.99933916000000012       -6.5971977000000008E-004   0.0000000000000000        0.0000000000000000        0.0000000000000000     
   468.00000000000000       0.99934579000000001       -6.5623374000000007E-004   0.0000000000000000        0.0000000000000000        0.0000000000000000     
   469.00000000000000       0.99934579000000001       -6.5276096999999998E-004   0.0000000000000000        0.0000000000000000        0.0000000000000000     
   470.00000000000000       0.99935242000000013       -6.4931472000000006E-004   0.0000000000000000        0.0000000000000000        0.0000000000000000     
   471.00000000000000       0.99935242000000013       -6.4590173000000006E-004   0.0000000000000000        0.0000000000000000        0.0000000000000000     
   472.00000000000006       0.99935905000000003       -6.4249863000000000E-004   0.0000000000000000        0.0000000000000000        0.0000000000000000     
   473.00000000000000       0.99935905000000003       -6.3912879000000008E-004   0.0000000000000000        0.0000000000000000        0.0000000000000000     
   474.00000000000000       0.99936568000000015       -6.3577884000000004E-004   0.0000000000000000        0.0000000000000000        0.0000000000000000     
   475.00000000000000       0.99936568000000015       -6.3244552000000002E-004   0.0000000000000000        0.0000000000000000        0.0000000000000000     
   476.00000000000000       0.99937231000000004       -6.2913872000000006E-004   0.0000000000000000        0.0000000000000000        0.0000000000000000     
   477.00000000000006       0.99937568000000010       -6.2585518000000007E-004   0.0000000000000000        0.0000000000000000        0.0000000000000000     
   478.00000000000006       0.99937568000000010       -6.2259153000000008E-004   0.0000000000000000        0.0000000000000000        0.0000000000000000     
   479.00000000000000       0.99938231000000011       -6.1935114000000006E-004   0.0000000000000000        0.0000000000000000        0.0000000000000000     
   480.00000000000000       0.99938231000000011       -6.1613401000000002E-004   0.0000000000000000        0.0000000000000000        0.0000000000000000     
   481.00000000000000       0.99938894000000000       -6.1293677000000008E-004   0.0000000000000000        0.0000000000000000        0.0000000000000000     
   482.00000000000000       0.99938894000000000       -6.0976279000000001E-004   0.0000000000000000        0.0000000000000000        0.0000000000000000     
   483.00000000000006       0.99939557000000012       -6.0660870000000004E-004   0.0000000000000000        0.0000000000000000        0.0000000000000000     
   484.00000000000000       0.99939557000000012       -6.0347123999999997E-004   0.0000000000000000        0.0000000000000000        0.0000000000000000     
   485.00000000000000       0.99939557000000012       -6.0036030000000008E-004   0.0000000000000000        0.0000000000000000        0.0000000000000000     
   486.00000000000000       0.99940220000000002       -5.9726598999999998E-004   0.0000000000000000        0.0000000000000000        0.0000000000000000     
   487.00000000000000       0.99940220000000002       -5.9419494000000008E-004   0.0000000000000000        0.0000000000000000        0.0000000000000000     
   488.00000000000006       0.99941220000000008       -5.9114377999999995E-004   0.0000000000000000        0.0000000000000000        0.0000000000000000     
   489.00000000000000       0.99941220000000008       -5.8810588000000007E-004   0.0000000000000000        0.0000000000000000        0.0000000000000000     
   490.00000000000000       0.99941882999999998       -5.8509787000000002E-004   0.0000000000000000        0.0000000000000000        0.0000000000000000     
   491.00000000000000       0.99941882999999998       -5.8209986000000002E-004   0.0000000000000000        0.0000000000000000        0.0000000000000000     
   492.00000000000000       0.99941882999999998       -5.7912837000000008E-004   0.0000000000000000        0.0000000000000000        0.0000000000000000     
   493.00000000000006       0.99942546000000010       -5.7617351000000005E-004   0.0000000000000000        0.0000000000000000        0.0000000000000000     
   494.00000000000000       0.99942546000000010       -5.7323854000000001E-004   0.0000000000000000        0.0000000000000000        0.0000000000000000     
   495.00000000000000       0.99943209000000000       -5.7032683000000006E-004   0.0000000000000000        0.0000000000000000        0.0000000000000000     
   496.00000000000000       0.99943209000000000       -5.6742838000000003E-004   0.0000000000000000        0.0000000000000000        0.0000000000000000     
   497.00000000000000       0.99943209000000000       -5.6454981999999999E-004   0.0000000000000000        0.0000000000000000        0.0000000000000000     
   498.00000000000006       0.99943872000000011       -5.6168789000000008E-004   0.0000000000000000        0.0000000000000000        0.0000000000000000     
   499.00000000000000       0.99943872000000011       -5.5884922000000014E-004   0.0000000000000000        0.0000000000000000        0.0000000000000000     
   500.00000000000000       0.99944872000000007       -5.5602381000000012E-004   0.0000000000000000        0.0000000000000000        0.0000000000000000     
   501.00000000000000       0.99944872000000007       -5.5322166000000008E-004   0.0000000000000000        0.0000000000000000        0.0000000000000000     
   502.00000000000000       0.99944872000000007       -5.5043276999999996E-004   0.0000000000000000        0.0000000000000000        0.0000000000000000     
   503.00000000000006       0.99945535000000008       -5.4766377000000006E-004   0.0000000000000000        0.0000000000000000        0.0000000000000000     
   504.00000000000006       0.99945535000000008       -5.4491140000000006E-004   0.0000000000000000        0.0000000000000000        0.0000000000000000     
   505.00000000000000       0.99945535000000008       -5.4218229000000003E-004   0.0000000000000000        0.0000000000000000        0.0000000000000000     
   506.00000000000000       0.99946198000000008       -5.3946307000000005E-004   0.0000000000000000        0.0000000000000000        0.0000000000000000     
   507.00000000000000       0.99946198000000008       -5.3676385000000007E-004   0.0000000000000000        0.0000000000000000        0.0000000000000000     
   508.00000000000000       0.99946861000000009       -5.3408452000000008E-004   0.0000000000000000        0.0000000000000000        0.0000000000000000     
   509.00000000000006       0.99946861000000009       -5.3141845000000002E-004   0.0000000000000000        0.0000000000000000        0.0000000000000000     
   510.00000000000000       0.99946861000000009       -5.2876901000000007E-004   0.0000000000000000        0.0000000000000000        0.0000000000000000     
   511.00000000000000       0.99947524000000010       -5.2613283000000005E-004   0.0000000000000000        0.0000000000000000        0.0000000000000000     
   512.00000000000000       0.99947524000000010       -5.2351654000000003E-004   0.0000000000000000        0.0000000000000000        0.0000000000000000     
   513.00000000000000       0.99947861000000016       -5.2091688000000002E-004   0.0000000000000000        0.0000000000000000        0.0000000000000000     
   514.00000000000000       0.99948524000000005       -5.1834047999999998E-004   0.0000000000000000        0.0000000000000000        0.0000000000000000     
   515.00000000000000       0.99948524000000005       -5.1577071000000001E-004   0.0000000000000000        0.0000000000000000        0.0000000000000000     
   516.00000000000000       0.99948524000000005       -5.1322082999999993E-004   0.0000000000000000        0.0000000000000000        0.0000000000000000     
   517.00000000000000       0.99949186999999995       -5.1068758000000008E-004   0.0000000000000000        0.0000000000000000        0.0000000000000000     
   518.00000000000000       0.99949186999999995       -5.0816758999999993E-004   0.0000000000000000        0.0000000000000000        0.0000000000000000     
   519.00000000000000       0.99949186999999995       -5.0567086000000009E-004   0.0000000000000000        0.0000000000000000        0.0000000000000000     
   520.00000000000000       0.99949850000000007       -5.0318075999999999E-004   0.0000000000000000        0.0000000000000000        0.0000000000000000     
   521.00000000000000       0.99949850000000007       -5.0071054999999999E-004   0.0000000000000000        0.0000000000000000        0.0000000000000000     
   522.00000000000000       0.99949850000000007       -4.9825034000000005E-004   0.0000000000000000        0.0000000000000000        0.0000000000000000     
   523.00000000000000       0.99950512999999996       -4.9581001999999999E-004   0.0000000000000000        0.0000000000000000        0.0000000000000000     
   524.00000000000000       0.99950512999999996       -4.9338633000000005E-004   0.0000000000000000        0.0000000000000000        0.0000000000000000     
   525.00000000000000       0.99950512999999996       -4.9097590000000003E-004   0.0000000000000000        0.0000000000000000        0.0000000000000000     
   526.00000000000000       0.99951176000000008       -4.8857873000000005E-004   0.0000000000000000        0.0000000000000000        0.0000000000000000     
   527.00000000000000       0.99951176000000008       -4.8619819000000008E-004   0.0000000000000000        0.0000000000000000        0.0000000000000000     
   528.00000000000000       0.99951513000000003       -4.8382427999999996E-004   0.0000000000000000        0.0000000000000000        0.0000000000000000     
   529.00000000000000       0.99952175999999993       -4.8147362999999998E-004   0.0000000000000000        0.0000000000000000        0.0000000000000000     
   530.00000000000000       0.99952175999999993       -4.7913624000000009E-004   0.0000000000000000        0.0000000000000000        0.0000000000000000     
   531.00000000000000       0.99952175999999993       -4.7681211000000001E-004   0.0000000000000000        0.0000000000000000        0.0000000000000000     
   532.00000000000000       0.99952839000000004       -4.7450461000000000E-004   0.0000000000000000        0.0000000000000000        0.0000000000000000     
   533.00000000000000       0.99952839000000004       -4.7221037000000002E-004   0.0000000000000000        0.0000000000000000        0.0000000000000000     
   534.00000000000000       0.99952839000000004       -4.6992276000000000E-004   0.0000000000000000        0.0000000000000000        0.0000000000000000     
   535.00000000000000       0.99953501999999994       -4.6765841000000002E-004   0.0000000000000000        0.0000000000000000        0.0000000000000000     
   536.00000000000000       0.99953501999999994       -4.6540069000000004E-004   0.0000000000000000        0.0000000000000000        0.0000000000000000     
   537.00000000000000       0.99953501999999994       -4.6316622999999999E-004   0.0000000000000000        0.0000000000000000        0.0000000000000000     
   538.00000000000000       0.99954165000000006       -4.6093840000000007E-004   0.0000000000000000        0.0000000000000000        0.0000000000000000     
   539.00000000000000       0.99954165000000006       -4.5872383000000001E-004   0.0000000000000000        0.0000000000000000        0.0000000000000000     
   540.00000000000000       0.99954165000000006       -4.5652589000000002E-004   0.0000000000000000        0.0000000000000000        0.0000000000000000     
   541.00000000000000       0.99954165000000006       -4.5433458000000004E-004   0.0000000000000000        0.0000000000000000        0.0000000000000000     
   542.00000000000000       0.99954827999999996       -4.5216316000000001E-004   0.0000000000000000        0.0000000000000000        0.0000000000000000     
   543.00000000000000       0.99955165000000012       -4.5000174000000003E-004   0.0000000000000000        0.0000000000000000        0.0000000000000000     
   544.00000000000000       0.99955165000000012       -4.4785358000000002E-004   0.0000000000000000        0.0000000000000000        0.0000000000000000     
   545.00000000000000       0.99955828000000002       -4.4571868000000000E-004   0.0000000000000000        0.0000000000000000        0.0000000000000000     
   546.00000000000000       0.99955828000000002       -4.4359378000000007E-004   0.0000000000000000        0.0000000000000000        0.0000000000000000     
   547.00000000000000       0.99955828000000002       -4.4148214000000008E-004   0.0000000000000000        0.0000000000000000        0.0000000000000000     
   548.00000000000000       0.99955828000000002       -4.3938376000000000E-004   0.0000000000000000        0.0000000000000000        0.0000000000000000     
   549.00000000000000       0.99956491000000014       -4.3730201000000005E-004   0.0000000000000000        0.0000000000000000        0.0000000000000000     
   550.00000000000000       0.99956491000000014       -4.3523352000000002E-004   0.0000000000000000        0.0000000000000000        0.0000000000000000     
