   1.0000000000000000        1.4472365000000001E-002 -0.98552731999999998        0.0000000000000000        0.0000000000000000        0.0000000000000000     
   2.0000000000000000       0.14783593000000000      -0.85216407000000005        0.0000000000000000        0.0000000000000000        0.0000000000000000     
   3.0000000000000000       0.29208500999999998      -0.70791499000000002        0.0000000000000000        0.0000000000000000        0.0000000000000000     
   4.0000000000000000       0.40062312000000005      -0.59937688000000011        0.0000000000000000        0.0000000000000000        0.0000000000000000     
   5.0000000000000000       0.47999085000000002      -0.52000914999999992        0.0000000000000000        0.0000000000000000        0.0000000000000000     
   6.0000000000000000       0.53926640999999997      -0.46073359000000003        0.0000000000000000        0.0000000000000000        0.0000000000000000     
   7.0000000000000000       0.58501167000000009      -0.41498833000000002        0.0000000000000000        0.0000000000000000        0.0000000000000000     
   8.0000000000000000       0.62119579000000003      -0.37880421000000003        0.0000000000000000        0.0000000000000000        0.0000000000000000     
   9.0000000000000000       0.65048335000000002      -0.34951664999999998        0.0000000000000000        0.0000000000000000        0.0000000000000000     
   10.000000000000000       0.67466186000000006      -0.32533814000000000        0.0000000000000000        0.0000000000000000        0.0000000000000000     
   11.000000000000000       0.69495187000000003      -0.30504813000000003        0.0000000000000000        0.0000000000000000        0.0000000000000000     
   12.000000000000000       0.71223382000000002      -0.28776617999999998        0.0000000000000000        0.0000000000000000        0.0000000000000000     
   13.000000000000000       0.72711141000000001      -0.27288858999999999        0.0000000000000000        0.0000000000000000        0.0000000000000000     
   14.000000000000000       0.74009137999999997      -0.25990862000000003        0.0000000000000000        0.0000000000000000        0.0000000000000000     
   15.000000000000000       0.75151068999999993      -0.24848931000000002        0.0000000000000000        0.0000000000000000        0.0000000000000000     
   16.000000000000000       0.76164934000000006      -0.23835066000000002        0.0000000000000000        0.0000000000000000        0.0000000000000000     
   17.000000000000000       0.77071418000000014      -0.22928582000000000        0.0000000000000000        0.0000000000000000        0.0000000000000000     
   18.000000000000000       0.77887857999999999      -0.22112142000000001        0.0000000000000000        0.0000000000000000        0.0000000000000000     
   19.000000000000000       0.78627602000000008      -0.21372398000000001        0.0000000000000000        0.0000000000000000        0.0000000000000000     
   20.000000000000000       0.79301975999999996      -0.20698024000000001        0.0000000000000000        0.0000000000000000        0.0000000000000000     
   21.000000000000000       0.79919991000000001      -0.20080009000000001        0.0000000000000000        0.0000000000000000        0.0000000000000000     
   22.000000000000000       0.80488647000000002      -0.19511353000000003        0.0000000000000000        0.0000000000000000        0.0000000000000000     
   23.000000000000000       0.81015281000000006      -0.18984719000000003        0.0000000000000000        0.0000000000000000        0.0000000000000000     
   24.000000000000000       0.81504230000000011      -0.18495770000000000        0.0000000000000000        0.0000000000000000        0.0000000000000000     
   25.000000000000000       0.81959494000000011      -0.18040506000000001        0.0000000000000000        0.0000000000000000        0.0000000000000000     
   26.000000000000000       0.82385736000000009      -0.17614263999999999        0.0000000000000000        0.0000000000000000        0.0000000000000000     
   27.000000000000000       0.82785967000000005      -0.17214066700000002        0.0000000000000000        0.0000000000000000        0.0000000000000000     
   28.000000000000000       0.83161850000000004      -0.16838048899999999        0.0000000000000000        0.0000000000000000        0.0000000000000000     
   29.000000000000000       0.83518048000000011      -0.16481918300000001        0.0000000000000000        0.0000000000000000        0.0000000000000000     
   30.000000000000000       0.83854234999999999      -0.16145630200000002        0.0000000000000000        0.0000000000000000        0.0000000000000000     
   31.000000000000000       0.84174073999999999      -0.15825925999999998        0.0000000000000000        0.0000000000000000        0.0000000000000000     
   32.000000000000000       0.84478565000000005      -0.15521536100000002        0.0000000000000000        0.0000000000000000        0.0000000000000000     
   33.000000000000000       0.84768044999999992      -0.15231988700000001        0.0000000000000000        0.0000000000000000        0.0000000000000000     
   34.000000000000000       0.85045177000000005      -0.14954890400000001        0.0000000000000000        0.0000000000000000        0.0000000000000000     
   35.000000000000000       0.85309961000000012      -0.14689870499999999        0.0000000000000000        0.0000000000000000        0.0000000000000000     
   36.000000000000000       0.85564733999999998      -0.14435266000000002        0.0000000000000000        0.0000000000000000        0.0000000000000000     
   37.000000000000000       0.85808496000000012      -0.14191436600000001        0.0000000000000000        0.0000000000000000        0.0000000000000000     
   38.000000000000000       0.86043910000000001      -0.13956123700000000        0.0000000000000000        0.0000000000000000        0.0000000000000000     
   39.000000000000000       0.86270313000000010      -0.13729754400000002        0.0000000000000000        0.0000000000000000        0.0000000000000000     
   40.000000000000000       0.86488368000000004      -0.13511497200000000        0.0000000000000000        0.0000000000000000        0.0000000000000000     
   41.000000000000000       0.86699411999999998      -0.13300419500000002        0.0000000000000000        0.0000000000000000        0.0000000000000000     
   42.000000000000000       0.86904108000000002      -0.13095757200000002        0.0000000000000000        0.0000000000000000        0.0000000000000000     
   43.000000000000000       0.87102130000000022      -0.12898004799999999        0.0000000000000000        0.0000000000000000        0.0000000000000000     
   44.000000000000000       0.87293803999999997      -0.12706330799999999        0.0000000000000000        0.0000000000000000        0.0000000000000000     
   45.000000000000000       0.87479467000000000      -0.12520600400000001        0.0000000000000000        0.0000000000000000        0.0000000000000000     
   46.000000000000000       0.87660782000000004      -0.12339352800000000        0.0000000000000000        0.0000000000000000        0.0000000000000000     
   47.000000000000000       0.87836086000000013      -0.12163880300000000        0.0000000000000000        0.0000000000000000        0.0000000000000000     
   48.000000000000000       0.88007378999999997      -0.11992654699999999        0.0000000000000000        0.0000000000000000        0.0000000000000000     
   49.000000000000000       0.88173661000000003      -0.11826305300000001        0.0000000000000000        0.0000000000000000        0.0000000000000000     
   50.000000000000000       0.88336595000000007      -0.11663405000000002        0.0000000000000000        0.0000000000000000        0.0000000000000000     
   51.000000000000000       0.88494855000000006      -0.11505178700000000        0.0000000000000000        0.0000000000000000        0.0000000000000000     
   52.000000000000000       0.88649767000000002      -0.11350199300000001        0.0000000000000000        0.0000000000000000        0.0000000000000000     
   53.000000000000000       0.88801005000000000      -0.11199096100000000        0.0000000000000000        0.0000000000000000        0.0000000000000000     
   54.000000000000000       0.88948895000000006      -0.11051138700000000        0.0000000000000000        0.0000000000000000        0.0000000000000000     
   55.000000000000000       0.89093111000000003      -0.10906855300000001        0.0000000000000000        0.0000000000000000        0.0000000000000000     
   56.000000000000000       0.89234979000000003      -0.10764919900000000        0.0000000000000000        0.0000000000000000        0.0000000000000000     
   57.000000000000000       0.89373510000000000      -0.10626557400000000        0.0000000000000000        0.0000000000000000        0.0000000000000000     
   58.000000000000000       0.89509693000000012      -0.10490374399999999        0.0000000000000000        0.0000000000000000        0.0000000000000000     
   59.000000000000007       0.89642201999999993      -0.10357696899999999        0.0000000000000000        0.0000000000000000        0.0000000000000000     
   60.000000000000000       0.89773037000000011      -0.10227064100000001        0.0000000000000000        0.0000000000000000        0.0000000000000000     
   61.000000000000007       0.89901523999999999      -0.10098475999999999        0.0000000000000000        0.0000000000000000        0.0000000000000000     
   62.000000000000000       0.90027337000000007       -9.9725282000000012E-002   0.0000000000000000        0.0000000000000000        0.0000000000000000     
   63.000000000000007       0.90150813000000007       -9.8491870000000009E-002   0.0000000000000000        0.0000000000000000        0.0000000000000000     
   64.000000000000000       0.90272277999999995       -9.7276882999999995E-002   0.0000000000000000        0.0000000000000000        0.0000000000000000     
   65.000000000000000       0.90392069000000008       -9.6080320999999996E-002   0.0000000000000000        0.0000000000000000        0.0000000000000000     
   66.000000000000000       0.90509185999999997       -9.4908140000000016E-002   0.0000000000000000        0.0000000000000000        0.0000000000000000     
   67.000000000000000       0.90625292000000002       -9.3746743000000007E-002   0.0000000000000000        0.0000000000000000        0.0000000000000000     
   68.000000000000000       0.90739060999999999       -9.2608716000000021E-002   0.0000000000000000        0.0000000000000000        0.0000000000000000     
   69.000000000000000       0.90851156000000000       -9.1487429000000009E-002   0.0000000000000000        0.0000000000000000        0.0000000000000000     
   70.000000000000000       0.90961251000000010       -9.0388837999999999E-002   0.0000000000000000        0.0000000000000000        0.0000000000000000     
   71.000000000000000       0.91069998000000008       -8.9299008999999999E-002   0.0000000000000000        0.0000000000000000        0.0000000000000000     
   72.000000000000000       0.91177408000000004       -8.8224909000000004E-002   0.0000000000000000        0.0000000000000000        0.0000000000000000     
   73.000000000000000       0.91283481000000000       -8.7165527000000007E-002   0.0000000000000000        0.0000000000000000        0.0000000000000000     
   74.000000000000000       0.91387217000000009       -8.6127492999999999E-002   0.0000000000000000        0.0000000000000000        0.0000000000000000     
   75.000000000000000       0.91490278999999997       -8.5097210000000006E-002   0.0000000000000000        0.0000000000000000        0.0000000000000000     
   76.000000000000000       0.91592004000000005       -8.4080971000000004E-002   0.0000000000000000        0.0000000000000000        0.0000000000000000     
   77.000000000000000       0.91692054999999995       -8.3078102000000015E-002   0.0000000000000000        0.0000000000000000        0.0000000000000000     
   78.000000000000000       0.91791106000000000       -8.2088603000000010E-002   0.0000000000000000        0.0000000000000000        0.0000000000000000     
   79.000000000000000       0.91888820000000004       -8.1112137000000001E-002   0.0000000000000000        0.0000000000000000        0.0000000000000000     
   80.000000000000000       0.91985197000000007       -8.0148704000000015E-002   0.0000000000000000        0.0000000000000000        0.0000000000000000     
   81.000000000000000       0.92080899999999999       -7.9190999999999998E-002   0.0000000000000000        0.0000000000000000        0.0000000000000000     
   82.000000000000000       0.92174940000000005       -7.8251948000000016E-002   0.0000000000000000        0.0000000000000000        0.0000000000000000     
   83.000000000000000       0.92268306000000000       -7.7318288000000013E-002   0.0000000000000000        0.0000000000000000        0.0000000000000000     
   84.000000000000000       0.92360335000000005       -7.6396313000000007E-002   0.0000000000000000        0.0000000000000000        0.0000000000000000     
   85.000000000000000       0.92451364000000003       -7.5486022999999999E-002   0.0000000000000000        0.0000000000000000        0.0000000000000000     
   86.000000000000000       0.92541393000000005       -7.4587081000000013E-002   0.0000000000000000        0.0000000000000000        0.0000000000000000     
   87.000000000000000       0.92630085000000006       -7.3698813000000002E-002   0.0000000000000000        0.0000000000000000        0.0000000000000000     
   88.000000000000000       0.92718440000000002       -7.2815263000000005E-002   0.0000000000000000        0.0000000000000000        0.0000000000000000     
   89.000000000000000       0.92805132000000001       -7.1948680000000015E-002   0.0000000000000000        0.0000000000000000        0.0000000000000000     
   90.000000000000000       0.92891487000000006       -7.1086141000000005E-002   0.0000000000000000        0.0000000000000000        0.0000000000000000     
   91.000000000000000       0.92976505000000009       -7.0233939000000009E-002   0.0000000000000000        0.0000000000000000        0.0000000000000000     
   92.000000000000000       0.93060860000000012       -6.9389084999999989E-002   0.0000000000000000        0.0000000000000000        0.0000000000000000     
   93.000000000000000       0.93144878000000009       -6.8554230999999993E-002   0.0000000000000000        0.0000000000000000        0.0000000000000000     
   94.000000000000000       0.93226896000000004       -6.7728713999999995E-002   0.0000000000000000        0.0000000000000000        0.0000000000000000     
   95.000000000000000       0.93308914000000009       -6.6910534000000008E-002   0.0000000000000000        0.0000000000000000        0.0000000000000000     
   96.000000000000000       0.93389931999999998       -6.6101691000000004E-002   0.0000000000000000        0.0000000000000000        0.0000000000000000     
   97.000000000000000       0.93469950000000002       -6.5301409899999996E-002   0.0000000000000000        0.0000000000000000        0.0000000000000000     
   98.000000000000000       0.93548968000000010       -6.4508499499999997E-002   0.0000000000000000        0.0000000000000000        0.0000000000000000     
   99.000000000000000       0.93627649000000002       -6.3724049900000010E-002   0.0000000000000000        0.0000000000000000        0.0000000000000000     
   100.00000000000000       0.93705004000000014       -6.2948061100000008E-002   0.0000000000000000        0.0000000000000000        0.0000000000000000     
   101.00000000000000       0.93782022000000009       -6.2179667900000006E-002   0.0000000000000000        0.0000000000000000        0.0000000000000000     
   102.00000000000000       0.93858377000000004       -6.1418836599999999E-002   0.0000000000000000        0.0000000000000000        0.0000000000000000     
   103.00000000000000       0.93933394999999997       -6.0666095400000002E-002   0.0000000000000000        0.0000000000000000        0.0000000000000000     
   104.00000000000000       0.94008087000000007       -5.9920680200000007E-002   0.0000000000000000        0.0000000000000000        0.0000000000000000     
   105.00000000000001       0.94081442000000015       -5.9183220300000006E-002   0.0000000000000000        0.0000000000000000        0.0000000000000000     
   106.00000000000000       0.94154797000000001       -5.8452917899999998E-002   0.0000000000000000        0.0000000000000000        0.0000000000000000     
   107.00000000000000       0.94226826000000008       -5.7730368600000005E-002   0.0000000000000000        0.0000000000000000        0.0000000000000000     
   108.00000000000000       0.94298517999999998       -5.7014842000000003E-002   0.0000000000000000        0.0000000000000000        0.0000000000000000     
   109.00000000000001       0.94369210000000003       -5.6306900000000007E-002   0.0000000000000000        0.0000000000000000        0.0000000000000000     
   110.00000000000000       0.94439238999999997       -5.5606542600000010E-002   0.0000000000000000        0.0000000000000000        0.0000000000000000     
   111.00000000000000       0.94508605000000001       -5.4912972000000004E-002   0.0000000000000000        0.0000000000000000        0.0000000000000000     
   112.00000000000000       0.94577634000000010       -5.4227514200000007E-002   0.0000000000000000        0.0000000000000000        0.0000000000000000     
   113.00000000000000       0.94645337000000018       -5.3548079100000000E-002   0.0000000000000000        0.0000000000000000        0.0000000000000000     
   114.00000000000000       0.94712039999999997       -5.2876588299999999E-002   0.0000000000000000        0.0000000000000000        0.0000000000000000     
   115.00000000000000       0.94778742999999999       -5.2212378800000007E-002   0.0000000000000000        0.0000000000000000        0.0000000000000000     
   116.00000000000000       0.94844446000000016       -5.1554686499999995E-002   0.0000000000000000        0.0000000000000000        0.0000000000000000     
   117.00000000000000       0.94909823000000015       -5.0904140700000010E-002   0.0000000000000000        0.0000000000000000        0.0000000000000000     
   118.00000000000001       0.94974200000000009       -5.0260707700000004E-002   0.0000000000000000        0.0000000000000000        0.0000000000000000     
   119.00000000000000       0.95037576999999995       -4.9624353800000000E-002   0.0000000000000000        0.0000000000000000        0.0000000000000000     
   120.00000000000000       0.95100291000000003       -4.8994348600000001E-002   0.0000000000000000        0.0000000000000000        0.0000000000000000     
   121.00000000000000       0.95163005000000001       -4.8371984399999998E-002   0.0000000000000000        0.0000000000000000        0.0000000000000000     
   122.00000000000001       0.95224393000000007       -4.7755935200000002E-002   0.0000000000000000        0.0000000000000000        0.0000000000000000     
   123.00000000000000       0.95285443999999997       -4.7147425900000005E-002   0.0000000000000000        0.0000000000000000        0.0000000000000000     
   124.00000000000000       0.95345506000000002       -4.6545164199999996E-002   0.0000000000000000        0.0000000000000000        0.0000000000000000     
   125.00000000000000       0.95404894000000007       -4.5949711999999997E-002   0.0000000000000000        0.0000000000000000        0.0000000000000000     
   126.00000000000001       0.95463955999999994       -4.5361103000000007E-002   0.0000000000000000        0.0000000000000000        0.0000000000000000     
   127.00000000000000       0.95522018000000009       -4.4779269800000007E-002   0.0000000000000000        0.0000000000000000        0.0000000000000000     
   128.00000000000000       0.95579417000000000       -4.4204178700000006E-002   0.0000000000000000        0.0000000000000000        0.0000000000000000     
   129.00000000000000       0.95636153000000013       -4.3635829700000003E-002   0.0000000000000000        0.0000000000000000        0.0000000000000000     
   130.00000000000000       0.95692888999999992       -4.3073526100000002E-002   0.0000000000000000        0.0000000000000000        0.0000000000000000     
   131.00000000000000       0.95748299000000003       -4.2518560200000007E-002   0.0000000000000000        0.0000000000000000        0.0000000000000000     
   132.00000000000000       0.95803372000000009       -4.1969572300000001E-002   0.0000000000000000        0.0000000000000000        0.0000000000000000     
   133.00000000000000       0.95857119000000002       -4.1427225399999996E-002   0.0000000000000000        0.0000000000000000        0.0000000000000000     
   134.00000000000000       0.95910866000000006       -4.0891519500000001E-002   0.0000000000000000        0.0000000000000000        0.0000000000000000     
   135.00000000000000       0.95963613000000003       -4.0362353500000003E-002   0.0000000000000000        0.0000000000000000        0.0000000000000000     
   136.00000000000000       0.96016034000000006       -3.9839794799999995E-002   0.0000000000000000        0.0000000000000000        0.0000000000000000     
   137.00000000000000       0.96067455000000013       -3.9323113000000000E-002   0.0000000000000000        0.0000000000000000        0.0000000000000000     
   138.00000000000000       0.96118212999999997       -3.8813634100000008E-002   0.0000000000000000        0.0000000000000000        0.0000000000000000     
   139.00000000000000       0.96168970999999992       -3.8309335399999998E-002   0.0000000000000000        0.0000000000000000        0.0000000000000000     
   140.00000000000000       0.96218403000000008       -3.7812172200000001E-002   0.0000000000000000        0.0000000000000000        0.0000000000000000     
   141.00000000000000       0.96267835000000002       -3.7320852200000004E-002   0.0000000000000000        0.0000000000000000        0.0000000000000000     
   142.00000000000000       0.96316603999999995       -3.6836004700000008E-002   0.0000000000000000        0.0000000000000000        0.0000000000000000     
   143.00000000000000       0.96364373000000003       -3.6356966700000000E-002   0.0000000000000000        0.0000000000000000        0.0000000000000000     
   144.00000000000000       0.96411479000000000       -3.5884333800000001E-002   0.0000000000000000        0.0000000000000000        0.0000000000000000     
   145.00000000000000       0.96457922000000007       -3.5417476700000006E-002   0.0000000000000000        0.0000000000000000        0.0000000000000000     
   146.00000000000000       0.96504365000000003       -3.4957024700000006E-002   0.0000000000000000        0.0000000000000000        0.0000000000000000     
   147.00000000000000       0.96549482000000009       -3.4502281100000004E-002   0.0000000000000000        0.0000000000000000        0.0000000000000000     
   148.00000000000000       0.96594599000000003       -3.4053942600000005E-002   0.0000000000000000        0.0000000000000000        0.0000000000000000     
   149.00000000000000       0.96639052999999997       -3.3611312500000004E-002   0.0000000000000000        0.0000000000000000        0.0000000000000000     
   150.00000000000000       0.96682507000000006       -3.3174390800000002E-002   0.0000000000000000        0.0000000000000000        0.0000000000000000     
   151.00000000000000       0.96725634999999999       -3.2743177499999998E-002   0.0000000000000000        0.0000000000000000        0.0000000000000000     
   152.00000000000000       0.96768426000000007       -3.2317605200000002E-002   0.0000000000000000        0.0000000000000000        0.0000000000000000     
   153.00000000000000       0.96809890999999992       -3.1898370600000003E-002   0.0000000000000000        0.0000000000000000        0.0000000000000000     
   154.00000000000000       0.96851356000000011       -3.1484114000000001E-002   0.0000000000000000        0.0000000000000000        0.0000000000000000     
   155.00000000000000       0.96892158000000017       -3.1076195099999999E-002   0.0000000000000000        0.0000000000000000        0.0000000000000000     
   156.00000000000000       0.96932960000000012       -3.0673254200000000E-002   0.0000000000000000        0.0000000000000000        0.0000000000000000     
   157.00000000000000       0.96972436000000006       -3.0276583600000004E-002   0.0000000000000000        0.0000000000000000        0.0000000000000000     
   158.00000000000000       0.97011575000000005       -2.9884891000000000E-002   0.0000000000000000        0.0000000000000000        0.0000000000000000     
   159.00000000000000       0.97050388000000010       -2.9498771999999999E-002   0.0000000000000000        0.0000000000000000        0.0000000000000000     
   160.00000000000000       0.97088537999999991       -2.9117631000000001E-002   0.0000000000000000        0.0000000000000000        0.0000000000000000     
   161.00000000000000       0.97125688000000010       -2.8742063600000003E-002   0.0000000000000000        0.0000000000000000        0.0000000000000000     
   162.00000000000000       0.97162838000000007       -2.8372103499999999E-002   0.0000000000000000        0.0000000000000000        0.0000000000000000     
   163.00000000000000       0.97199661999999998       -2.8007054000000000E-002   0.0000000000000000        0.0000000000000000        0.0000000000000000     
   164.00000000000000       0.97235486000000004       -2.7646915100000002E-002   0.0000000000000000        0.0000000000000000        0.0000000000000000     
   165.00000000000000       0.97270647000000010       -2.7292349800000001E-002   0.0000000000000000        0.0000000000000000        0.0000000000000000     
   166.00000000000000       0.97305808000000005       -2.6942661399999998E-002   0.0000000000000000        0.0000000000000000        0.0000000000000000     
   167.00000000000000       0.97340306000000010       -2.6598546600000002E-002   0.0000000000000000        0.0000000000000000        0.0000000000000000     
   168.00000000000000       0.97374141000000014       -2.6258645700000000E-002   0.0000000000000000        0.0000000000000000        0.0000000000000000     
   169.00000000000000       0.97407639000000001       -2.5924284700000001E-002   0.0000000000000000        0.0000000000000000        0.0000000000000000     
   170.00000000000000       0.97440811000000005       -2.5594137600000004E-002   0.0000000000000000        0.0000000000000000        0.0000000000000000     
   171.00000000000000       0.97473319999999997       -2.5269530400000000E-002   0.0000000000000000        0.0000000000000000        0.0000000000000000     
   172.00000000000000       0.97504829000000015       -2.4949103400000002E-002   0.0000000000000000        0.0000000000000000        0.0000000000000000     
   173.00000000000000       0.97536675000000006       -2.4633553300000000E-002   0.0000000000000000        0.0000000000000000        0.0000000000000000     
   174.00000000000000       0.97567521000000013       -2.4322183400000003E-002   0.0000000000000000        0.0000000000000000        0.0000000000000000     
   175.00000000000000       0.97598704000000014       -2.4015656699999999E-002   0.0000000000000000        0.0000000000000000        0.0000000000000000     
   176.00000000000000       0.97628224000000008       -2.3713973199999999E-002   0.0000000000000000        0.0000000000000000        0.0000000000000000     
   177.00000000000000       0.97658407000000014       -2.3416469900000000E-002   0.0000000000000000        0.0000000000000000        0.0000000000000000     
   178.00000000000000       0.97687601000000002       -2.3123809799999999E-002   0.0000000000000000        0.0000000000000000        0.0000000000000000     
   179.00000000000000       0.97716458000000006       -2.2835296200000001E-002   0.0000000000000000        0.0000000000000000        0.0000000000000000     
   180.00000000000000       0.97744652000000010       -2.2550929100000002E-002   0.0000000000000000        0.0000000000000000        0.0000000000000000     
   181.00000000000000       0.97772846000000002       -2.2270742199999999E-002   0.0000000000000000        0.0000000000000000        0.0000000000000000     
   182.00000000000000       0.97800377000000005       -2.1995364800000000E-002   0.0000000000000000        0.0000000000000000        0.0000000000000000     
   183.00000000000000       0.97827908000000008       -2.1723470900000000E-002   0.0000000000000000        0.0000000000000000        0.0000000000000000     
   184.00000000000000       0.97854113000000009       -2.1455723500000003E-002   0.0000000000000000        0.0000000000000000        0.0000000000000000     
   185.00000000000000       0.97880981000000000       -2.1192122600000002E-002   0.0000000000000000        0.0000000000000000        0.0000000000000000     
   186.00000000000000       0.97906523000000001       -2.0932668200000001E-002   0.0000000000000000        0.0000000000000000        0.0000000000000000     
   187.00000000000000       0.97932390999999996       -2.0677326600000000E-002   0.0000000000000000        0.0000000000000000        0.0000000000000000     
   188.00000000000000       0.97957270000000007       -2.0425468500000002E-002   0.0000000000000000        0.0000000000000000        0.0000000000000000     
   189.00000000000000       0.97982148999999996       -2.0177723200000001E-002   0.0000000000000000        0.0000000000000000        0.0000000000000000     
   190.00000000000000       0.98006691000000012       -1.9933427699999999E-002   0.0000000000000000        0.0000000000000000        0.0000000000000000     
   191.00000000000000       0.98030907000000000       -1.9692615700000003E-002   0.0000000000000000        0.0000000000000000        0.0000000000000000     
   192.00000000000000       0.98054459999999999       -1.9455916500000000E-002   0.0000000000000000        0.0000000000000000        0.0000000000000000     
   193.00000000000000       0.98077676000000003       -1.9222667100000000E-002   0.0000000000000000        0.0000000000000000        0.0000000000000000     
   194.00000000000000       0.98100566000000011       -1.8993530500000001E-002   0.0000000000000000        0.0000000000000000        0.0000000000000000     
   195.00000000000000       0.98123119000000003       -1.8767180699999997E-002   0.0000000000000000        0.0000000000000000        0.0000000000000000     
   196.00000000000000       0.98145672000000017       -1.8544943700000000E-002   0.0000000000000000        0.0000000000000000        0.0000000000000000     
   197.00000000000003       0.98167236000000002       -1.8325459799999999E-002   0.0000000000000000        0.0000000000000000        0.0000000000000000     
   198.00000000000000       0.98189126000000004       -1.8109425700000001E-002   0.0000000000000000        0.0000000000000000        0.0000000000000000     
   199.00000000000000       0.98210353000000006       -1.7896841400000002E-002   0.0000000000000000        0.0000000000000000        0.0000000000000000     
   200.00000000000000       0.98231254000000012       -1.7687673200000000E-002   0.0000000000000000        0.0000000000000000        0.0000000000000000     
   201.00000000000000       0.98251818000000002       -1.7481258099999997E-002   0.0000000000000000        0.0000000000000000        0.0000000000000000     
   202.00000000000000       0.98272382000000014       -1.7278292800000001E-002   0.0000000000000000        0.0000000000000000        0.0000000000000000     
   203.00000000000000       0.98292283000000014       -1.7078743600000001E-002   0.0000000000000000        0.0000000000000000        0.0000000000000000     
   204.00000000000000       0.98311521000000002       -1.6881981200000000E-002   0.0000000000000000        0.0000000000000000        0.0000000000000000     
   205.00000000000003       0.98331096000000007       -1.6687938200000002E-002   0.0000000000000000        0.0000000000000000        0.0000000000000000     
   206.00000000000000       0.98350333999999995       -1.6497345000000000E-002   0.0000000000000000        0.0000000000000000        0.0000000000000000     
   207.00000000000000       0.98368908999999993       -1.6309504900000001E-002   0.0000000000000000        0.0000000000000000        0.0000000000000000     
   208.00000000000000       0.98387483999999992       -1.6124384200000001E-002   0.0000000000000000        0.0000000000000000        0.0000000000000000     
   209.00000000000000       0.98406059000000012       -1.5942050300000000E-002   0.0000000000000000        0.0000000000000000        0.0000000000000000     
   210.00000000000003       0.98423970999999999       -1.5763132499999999E-002   0.0000000000000000        0.0000000000000000        0.0000000000000000     
   211.00000000000000       0.98441546000000002       -1.5586271100000002E-002   0.0000000000000000        0.0000000000000000        0.0000000000000000     
   212.00000000000000       0.98458795000000010       -1.5412162800000002E-002   0.0000000000000000        0.0000000000000000        0.0000000000000000     
   213.00000000000000       0.98476044000000007       -1.5240807600000001E-002   0.0000000000000000        0.0000000000000000        0.0000000000000000     
   214.00000000000000       0.98492630000000003       -1.5072171799999999E-002   0.0000000000000000        0.0000000000000000        0.0000000000000000     
   215.00000000000000       0.98509216000000011       -1.4905626100000000E-002   0.0000000000000000        0.0000000000000000        0.0000000000000000     
   216.00000000000000       0.98525802000000007       -1.4742496500000001E-002   0.0000000000000000        0.0000000000000000        0.0000000000000000     
   217.00000000000000       0.98542051000000008       -1.4581423300000002E-002   0.0000000000000000        0.0000000000000000        0.0000000000000000     
   218.00000000000003       0.98557974000000004       -1.4422406500000000E-002   0.0000000000000000        0.0000000000000000        0.0000000000000000     
   219.00000000000000       0.98573233999999998       -1.4266142800000001E-002   0.0000000000000000        0.0000000000000000        0.0000000000000000     
   220.00000000000000       0.98589157000000005       -1.4111969199999999E-002   0.0000000000000000        0.0000000000000000        0.0000000000000000     
   221.00000000000000       0.98604080000000005       -1.3960481300000001E-002   0.0000000000000000        0.0000000000000000        0.0000000000000000     
   222.00000000000000       0.98618676999999999       -1.3811083500000000E-002   0.0000000000000000        0.0000000000000000        0.0000000000000000     
   223.00000000000003       0.98633599999999999       -1.3663742100000001E-002   0.0000000000000000        0.0000000000000000        0.0000000000000000     
   224.00000000000000       0.98648197000000004       -1.3519153800000001E-002   0.0000000000000000        0.0000000000000000        0.0000000000000000     
   225.00000000000000       0.98662794000000009       -1.3375925200000001E-002   0.0000000000000000        0.0000000000000000        0.0000000000000000     
   226.00000000000000       0.98676391000000008       -1.3235449699999999E-002   0.0000000000000000        0.0000000000000000        0.0000000000000000     
   227.00000000000000       0.98690325000000012       -1.3097030600000000E-002   0.0000000000000000        0.0000000000000000        0.0000000000000000     
   228.00000000000000       0.98703921999999999       -1.2960634200000000E-002   0.0000000000000000        0.0000000000000000        0.0000000000000000     
   229.00000000000000       0.98717193000000014       -1.2826327900000000E-002   0.0000000000000000        0.0000000000000000        0.0000000000000000     
   230.00000000000000       0.98730790000000002       -1.2693415000000001E-002   0.0000000000000000        0.0000000000000000        0.0000000000000000     
   231.00000000000003       0.98744061000000005       -1.2563221500000001E-002   0.0000000000000000        0.0000000000000000        0.0000000000000000     
   232.00000000000000       0.98756332000000002       -1.2434387700000002E-002   0.0000000000000000        0.0000000000000000        0.0000000000000000     
   233.00000000000000       0.98769602999999995       -1.2307644000000001E-002   0.0000000000000000        0.0000000000000000        0.0000000000000000     
   234.00000000000000       0.98781874000000003       -1.2182923000000000E-002   0.0000000000000000        0.0000000000000000        0.0000000000000000     
   235.00000000000000       0.98794145000000011       -1.2059595399999999E-002   0.0000000000000000        0.0000000000000000        0.0000000000000000     
   236.00000000000003       0.98806090000000002       -1.1938324200000001E-002   0.0000000000000000        0.0000000000000000        0.0000000000000000     
   237.00000000000000       0.98818361000000010       -1.1819109400000001E-002   0.0000000000000000        0.0000000000000000        0.0000000000000000     
   238.00000000000000       0.98829969000000006       -1.1701254300000000E-002   0.0000000000000000        0.0000000000000000        0.0000000000000000     
   239.00000000000003       0.98841913999999997       -1.1584792600000001E-002   0.0000000000000000        0.0000000000000000        0.0000000000000000     
   240.00000000000000       0.98852859000000015       -1.1470387300000001E-002   0.0000000000000000        0.0000000000000000        0.0000000000000000     
   241.00000000000000       0.98864467000000000       -1.1358004700000000E-002   0.0000000000000000        0.0000000000000000        0.0000000000000000     
   242.00000000000000       0.98875412000000007       -1.1246352500000001E-002   0.0000000000000000        0.0000000000000000        0.0000000000000000     
   243.00000000000000       0.98886694000000008       -1.1136722999999999E-002   0.0000000000000000        0.0000000000000000        0.0000000000000000     
   244.00000000000003       0.98896976000000003       -1.1029149899999998E-002   0.0000000000000000        0.0000000000000000        0.0000000000000000     
   245.00000000000000       0.98907921000000010       -1.0922307200000002E-002   0.0000000000000000        0.0000000000000000        0.0000000000000000     
   246.00000000000000       0.98918203000000005       -1.0817487200000000E-002   0.0000000000000000        0.0000000000000000        0.0000000000000000     
   247.00000000000000       0.98928822000000005       -1.0714026900000000E-002   0.0000000000000000        0.0000000000000000        0.0000000000000000     
   248.00000000000000       0.98939104000000011       -1.0611960000000002E-002   0.0000000000000000        0.0000000000000000        0.0000000000000000     
   249.00000000000003       0.98948723000000005       -1.0511286500000001E-002   0.0000000000000000        0.0000000000000000        0.0000000000000000     
   250.00000000000000       0.98959005000000011       -1.0411972700000001E-002   0.0000000000000000        0.0000000000000000        0.0000000000000000     
   251.00000000000000       0.98968624000000005       -1.0314018600000001E-002   0.0000000000000000        0.0000000000000000        0.0000000000000000     
   252.00000000000003       0.98978242999999999       -1.0217424200000000E-002   0.0000000000000000        0.0000000000000000        0.0000000000000000     
   253.00000000000000       0.98987862000000004       -1.0122223200000001E-002   0.0000000000000000        0.0000000000000000        0.0000000000000000     
   254.00000000000000       0.98996817999999998       -1.0027718900000001E-002   0.0000000000000000        0.0000000000000000        0.0000000000000000     
   255.00000000000000       0.99006773999999997       -9.9352710000000007E-003   0.0000000000000000        0.0000000000000000        0.0000000000000000     
   256.00000000000000       0.99015730000000002       -9.8441828000000002E-003   0.0000000000000000        0.0000000000000000        0.0000000000000000     
   257.00000000000000       0.99024686000000006       -9.7537913000000000E-003   0.0000000000000000        0.0000000000000000        0.0000000000000000     
   258.00000000000000       0.99033642000000011       -9.6647594999999999E-003   0.0000000000000000        0.0000000000000000        0.0000000000000000     
   259.00000000000000       0.99042598000000015       -9.5770873999999999E-003   0.0000000000000000        0.0000000000000000        0.0000000000000000     
   260.00000000000000       0.99050891000000008       -9.4901457000000009E-003   0.0000000000000000        0.0000000000000000        0.0000000000000000     
   261.00000000000000       0.99059847000000012       -9.4052266999999998E-003   0.0000000000000000        0.0000000000000000        0.0000000000000000     
   262.00000000000000       0.99068140000000005       -9.3210043999999992E-003   0.0000000000000000        0.0000000000000000        0.0000000000000000     
   263.00000000000000       0.99076432999999997       -9.2374788000000006E-003   0.0000000000000000        0.0000000000000000        0.0000000000000000     
   264.00000000000000       0.99084726000000001       -9.1553129000000004E-003   0.0000000000000000        0.0000000000000000        0.0000000000000000     
   265.00000000000000       0.99093019000000004       -9.0745404000000009E-003   0.0000000000000000        0.0000000000000000        0.0000000000000000     
   266.00000000000000       0.99100648999999996       -8.9944308999999993E-003   0.0000000000000000        0.0000000000000000        0.0000000000000000     
   267.00000000000000       0.99108605000000005       -8.9157148000000002E-003   0.0000000000000000        0.0000000000000000        0.0000000000000000     
   268.00000000000000       0.99116234999999997       -8.8376617000000008E-003   0.0000000000000000        0.0000000000000000        0.0000000000000000     
   269.00000000000000       0.99123865000000011       -8.7603389999999989E-003   0.0000000000000000        0.0000000000000000        0.0000000000000000     
   270.00000000000000       0.99131495000000003       -8.6843422999999999E-003   0.0000000000000000        0.0000000000000000        0.0000000000000000     
   271.00000000000000       0.99139125000000017       -8.6097390000000017E-003   0.0000000000000000        0.0000000000000000        0.0000000000000000     
   272.00000000000000       0.99146754999999998       -8.5358324000000020E-003   0.0000000000000000        0.0000000000000000        0.0000000000000000     
   273.00000000000000       0.99153722000000011       -8.4625888000000003E-003   0.0000000000000000        0.0000000000000000        0.0000000000000000     
   274.00000000000000       0.99161352000000003       -8.3907386000000011E-003   0.0000000000000000        0.0000000000000000        0.0000000000000000     
   275.00000000000000       0.99168319000000005       -8.3188884000000001E-003   0.0000000000000000        0.0000000000000000        0.0000000000000000     
   276.00000000000000       0.99174949000000012       -8.2490945999999996E-003   0.0000000000000000        0.0000000000000000        0.0000000000000000     
   277.00000000000000       0.99181916000000003       -8.1793008000000007E-003   0.0000000000000000        0.0000000000000000        0.0000000000000000     
   278.00000000000000       0.99188882999999994       -8.1109004000000009E-003   0.0000000000000000        0.0000000000000000        0.0000000000000000     
   279.00000000000000       0.99195850000000008       -8.0431630000000007E-003   0.0000000000000000        0.0000000000000000        0.0000000000000000     
   280.00000000000000       0.99202816999999999       -7.9761223000000010E-003   0.0000000000000000        0.0000000000000000        0.0000000000000000     
   281.00000000000000       0.99209121000000000       -7.9097782999999998E-003   0.0000000000000000        0.0000000000000000        0.0000000000000000     
   282.00000000000000       0.99215751000000008       -7.8447940000000004E-003   0.0000000000000000        0.0000000000000000        0.0000000000000000     
   283.00000000000000       0.99222055000000009       -7.7798097000000002E-003   0.0000000000000000        0.0000000000000000        0.0000000000000000     
   284.00000000000000       0.99228359000000010       -7.7162188000000007E-003   0.0000000000000000        0.0000000000000000        0.0000000000000000     
   285.00000000000000       0.99234663000000012       -7.6532909000000008E-003   0.0000000000000000        0.0000000000000000        0.0000000000000000     
   286.00000000000000       0.99240630000000007       -7.5910597000000005E-003   0.0000000000000000        0.0000000000000000        0.0000000000000000     
   287.00000000000000       0.99246934000000009       -7.5295252000000005E-003   0.0000000000000000        0.0000000000000000        0.0000000000000000     
   288.00000000000000       0.99253238000000010       -7.4686874000000009E-003   0.0000000000000000        0.0000000000000000        0.0000000000000000     
   289.00000000000000       0.99259542000000012       -7.4085126000000001E-003   0.0000000000000000        0.0000000000000000        0.0000000000000000     
   290.00000000000000       0.99264846000000007       -7.3490580900000008E-003   0.0000000000000000        0.0000000000000000        0.0000000000000000     
   291.00000000000000       0.99271150000000008       -7.2902800600000012E-003   0.0000000000000000        0.0000000000000000        0.0000000000000000     
   292.00000000000000       0.99276791000000009       -7.2328482500000008E-003   0.0000000000000000        0.0000000000000000        0.0000000000000000     
   293.00000000000000       0.99282095000000015       -7.1754433999999994E-003   0.0000000000000000        0.0000000000000000        0.0000000000000000     
   294.00000000000000       0.99288399000000005       -7.1187285100000009E-003   0.0000000000000000        0.0000000000000000        0.0000000000000000     
   295.00000000000000       0.99294040000000017       -7.0626968399999995E-003   0.0000000000000000        0.0000000000000000        0.0000000000000000     
   296.00000000000000       0.99299681000000006       -7.0073551300000002E-003   0.0000000000000000        0.0000000000000000        0.0000000000000000     
   297.00000000000000       0.99304985000000001       -6.9526966400000004E-003   0.0000000000000000        0.0000000000000000        0.0000000000000000     
   298.00000000000000       0.99309963000000012       -6.8984595400000013E-003   0.0000000000000000        0.0000000000000000        0.0000000000000000     
   299.00000000000000       0.99315604000000002       -6.8449753300000001E-003   0.0000000000000000        0.0000000000000000        0.0000000000000000     
   300.00000000000000       0.99320908000000008       -6.7920451100000005E-003   0.0000000000000000        0.0000000000000000        0.0000000000000000     
   301.00000000000000       0.99325886000000008       -6.7398014800000008E-003   0.0000000000000000        0.0000000000000000        0.0000000000000000     
   302.00000000000000       0.99331527000000008       -6.6880388000000006E-003   0.0000000000000000        0.0000000000000000        0.0000000000000000     
   303.00000000000000       0.99336168000000014       -6.6368997800000011E-003   0.0000000000000000        0.0000000000000000        0.0000000000000000     
   304.00000000000000       0.99341145999999991       -6.5863080099999999E-003   0.0000000000000000        0.0000000000000000        0.0000000000000000     
   305.00000000000000       0.99346449999999997       -6.5362702300000002E-003   0.0000000000000000        0.0000000000000000        0.0000000000000000     
   306.00000000000000       0.99351428000000008       -6.4867830700000009E-003   0.0000000000000000        0.0000000000000000        0.0000000000000000     
   307.00000000000000       0.99356405999999997       -6.4378465300000002E-003   0.0000000000000000        0.0000000000000000        0.0000000000000000     
   308.00000000000000       0.99361047000000013       -6.3894606100000006E-003   0.0000000000000000        0.0000000000000000        0.0000000000000000     
   309.00000000000000       0.99366025000000002       -6.3415590100000009E-003   0.0000000000000000        0.0000000000000000        0.0000000000000000     
   310.00000000000000       0.99370666000000007       -6.2942080300000007E-003   0.0000000000000000        0.0000000000000000        0.0000000000000000     
   311.00000000000000       0.99374980999999996       -6.2473413700000003E-003   0.0000000000000000        0.0000000000000000        0.0000000000000000     
   312.00000000000000       0.99379959000000007       -6.2010219600000006E-003   0.0000000000000000        0.0000000000000000        0.0000000000000000     
   313.00000000000000       0.99384600000000001       -6.1551205700000004E-003   0.0000000000000000        0.0000000000000000        0.0000000000000000     
   314.00000000000000       0.99388915000000000       -6.1097698000000013E-003   0.0000000000000000        0.0000000000000000        0.0000000000000000     
   315.00000000000000       0.99393556000000016       -6.0648336799999994E-003   0.0000000000000000        0.0000000000000000        0.0000000000000000     
   316.00000000000000       0.99397871000000004       -6.0204448100000009E-003   0.0000000000000000        0.0000000000000000        0.0000000000000000     
   317.00000000000000       0.99402512000000010       -5.9764739600000009E-003   0.0000000000000000        0.0000000000000000        0.0000000000000000     
   318.00000000000000       0.99406826999999998       -5.9329840600000011E-003   0.0000000000000000        0.0000000000000000        0.0000000000000000     
   319.00000000000000       0.99411142000000008       -5.8899088100000004E-003   0.0000000000000000        0.0000000000000000        0.0000000000000000     
   320.00000000000000       0.99415120000000001       -5.8473178800000003E-003   0.0000000000000000        0.0000000000000000        0.0000000000000000     
   321.00000000000000       0.99419435000000012       -5.8051382300000004E-003   0.0000000000000000        0.0000000000000000        0.0000000000000000     
   322.00000000000000       0.99423413000000016       -5.7633766000000008E-003   0.0000000000000000        0.0000000000000000        0.0000000000000000     
   323.00000000000000       0.99427728000000015       -5.7220262500000006E-003   0.0000000000000000        0.0000000000000000        0.0000000000000000     
   324.00000000000000       0.99431706000000009       -5.6811602200000011E-003   0.0000000000000000        0.0000000000000000        0.0000000000000000     
   325.00000000000000       0.99436021000000019       -5.6407054700000001E-003   0.0000000000000000        0.0000000000000000        0.0000000000000000     
   326.00000000000000       0.99439999000000001       -5.6005990700000001E-003   0.0000000000000000        0.0000000000000000        0.0000000000000000     
   327.00000000000000       0.99444314000000000       -5.5609702500000009E-003   0.0000000000000000        0.0000000000000000        0.0000000000000000     
   328.00000000000000       0.99447629000000015       -5.5216931500000005E-003   0.0000000000000000        0.0000000000000000        0.0000000000000000     
   329.00000000000000       0.99451944000000014       -5.4828239600000009E-003   0.0000000000000000        0.0000000000000000        0.0000000000000000     
   330.00000000000000       0.99455259000000007       -5.4443064900000001E-003   0.0000000000000000        0.0000000000000000        0.0000000000000000     
   331.00000000000000       0.99459574000000006       -5.4062003000000004E-003   0.0000000000000000        0.0000000000000000        0.0000000000000000     
   332.00000000000000       0.99462888999999999       -5.3684390900000005E-003   0.0000000000000000        0.0000000000000000        0.0000000000000000     
   333.00000000000000       0.99467203999999998       -5.3310925300000004E-003   0.0000000000000000        0.0000000000000000        0.0000000000000000     
   334.00000000000000       0.99470519000000013       -5.2940909500000001E-003   0.0000000000000000        0.0000000000000000        0.0000000000000000     
   335.00000000000000       0.99474171000000000       -5.2574343500000004E-003   0.0000000000000000        0.0000000000000000        0.0000000000000000     
   336.00000000000000       0.99478149000000005       -5.2211924000000005E-003   0.0000000000000000        0.0000000000000000        0.0000000000000000     
   337.00000000000000       0.99481801000000003       -5.1852291299999999E-003   0.0000000000000000        0.0000000000000000        0.0000000000000000     
   338.00000000000000       0.99485116000000007       -5.1496737700000008E-003   0.0000000000000000        0.0000000000000000        0.0000000000000000     
   339.00000000000000       0.99488431000000010       -5.1144004600000006E-003   0.0000000000000000        0.0000000000000000        0.0000000000000000     
   340.00000000000000       0.99492083000000009       -5.0795384299999998E-003   0.0000000000000000        0.0000000000000000        0.0000000000000000     
   341.00000000000000       0.99495398000000002       -5.0449550800000000E-003   0.0000000000000000        0.0000000000000000        0.0000000000000000     
   342.00000000000000       0.99499050000000000       -5.0107167099999999E-003   0.0000000000000000        0.0000000000000000        0.0000000000000000     
   343.00000000000000       0.99502365000000004       -4.9767570200000000E-003   0.0000000000000000        0.0000000000000000        0.0000000000000000     
   344.00000000000000       0.99506017000000013       -4.9431389400000003E-003   0.0000000000000000        0.0000000000000000        0.0000000000000000     
   345.00000000000000       0.99508669000000016       -4.9098692099999999E-003   0.0000000000000000        0.0000000000000000        0.0000000000000000     
   346.00000000000000       0.99511984000000009       -4.8769410900000006E-003   0.0000000000000000        0.0000000000000000        0.0000000000000000     
   347.00000000000000       0.99515636000000007       -4.8442253500000001E-003   0.0000000000000000        0.0000000000000000        0.0000000000000000     
   348.00000000000000       0.99518951000000011       -4.8119175200000003E-003   0.0000000000000000        0.0000000000000000        0.0000000000000000     
   349.00000000000000       0.99521940000000009       -4.7798220700000001E-003   0.0000000000000000        0.0000000000000000        0.0000000000000000     
   350.00000000000000       0.99525255000000001       -4.7480715999999997E-003   0.0000000000000000        0.0000000000000000        0.0000000000000000     
   351.00000000000000       0.99528244000000010       -4.7165964400000000E-003   0.0000000000000000        0.0000000000000000        0.0000000000000000     
   352.00000000000000       0.99531559000000003       -4.6853999600000003E-003   0.0000000000000000        0.0000000000000000        0.0000000000000000     
   353.00000000000000       0.99534211000000006       -4.6544787900000004E-003   0.0000000000000000        0.0000000000000000        0.0000000000000000     
   354.00000000000000       0.99537863000000004       -4.6238992299999998E-003   0.0000000000000000        0.0000000000000000        0.0000000000000000     
   355.00000000000000       0.99540515000000007       -4.5935320499999998E-003   0.0000000000000000        0.0000000000000000        0.0000000000000000     
   356.00000000000000       0.99543504000000005       -4.5635098500000004E-003   0.0000000000000000        0.0000000000000000        0.0000000000000000     
   357.00000000000000       0.99546819000000009       -4.5336932900000007E-003   0.0000000000000000        0.0000000000000000        0.0000000000000000     
   358.00000000000000       0.99549471000000012       -4.5041554100000002E-003   0.0000000000000000        0.0000000000000000        0.0000000000000000     
   359.00000000000000       0.99552459999999998       -4.4748928399999995E-003   0.0000000000000000        0.0000000000000000        0.0000000000000000     
   360.00000000000000       0.99555112000000001       -4.4459089499999998E-003   0.0000000000000000        0.0000000000000000        0.0000000000000000     
   361.00000000000000       0.99558427000000016       -4.4171306999999998E-003   0.0000000000000000        0.0000000000000000        0.0000000000000000     
   362.00000000000000       0.99561416000000014       -4.3886311300000008E-003   0.0000000000000000        0.0000000000000000        0.0000000000000000     
   363.00000000000000       0.99564068000000006       -4.3604035000000003E-003   0.0000000000000000        0.0000000000000000        0.0000000000000000     
   364.00000000000000       0.99567057000000014       -4.3324545499999999E-003   0.0000000000000000        0.0000000000000000        0.0000000000000000     
   365.00000000000000       0.99569709000000017       -4.3047146100000004E-003   0.0000000000000000        0.0000000000000000        0.0000000000000000     
   366.00000000000000       0.99572360999999998       -4.2771836800000003E-003   0.0000000000000000        0.0000000000000000        0.0000000000000000     
   367.00000000000000       0.99575349999999996       -4.2499246900000003E-003   0.0000000000000000        0.0000000000000000        0.0000000000000000     
   368.00000000000000       0.99578001999999999       -4.2229443800000004E-003   0.0000000000000000        0.0000000000000000        0.0000000000000000     
   369.00000000000000       0.99579991000000012       -4.1961034100000006E-003   0.0000000000000000        0.0000000000000000        0.0000000000000000     
   370.00000000000000       0.99582980000000010       -4.1695411200000001E-003   0.0000000000000000        0.0000000000000000        0.0000000000000000     
   371.00000000000000       0.99585632000000013       -4.1432507699999998E-003   0.0000000000000000        0.0000000000000000        0.0000000000000000     
   372.00000000000000       0.99588284000000016       -4.1171694300000004E-003   0.0000000000000000        0.0000000000000000        0.0000000000000000     
   373.00000000000000       0.99591272999999991       -4.0912308000000007E-003   0.0000000000000000        0.0000000000000000        0.0000000000000000     
   374.00000000000000       0.99593262000000005       -4.0656304100000007E-003   0.0000000000000000        0.0000000000000000        0.0000000000000000     
   375.00000000000000       0.99595914000000008       -4.0401727300000004E-003   0.0000000000000000        0.0000000000000000        0.0000000000000000     
   376.00000000000000       0.99598903000000005       -4.0149240600000002E-003   0.0000000000000000        0.0000000000000000        0.0000000000000000     
   377.00000000000000       0.99600891999999996       -3.9899507000000006E-003   0.0000000000000000        0.0000000000000000        0.0000000000000000     
   378.00000000000000       0.99603543999999999       -3.9651166800000002E-003   0.0000000000000000        0.0000000000000000        0.0000000000000000     
   379.00000000000000       0.99605870000000007       -3.9405579699999995E-003   0.0000000000000000        0.0000000000000000        0.0000000000000000     
   380.00000000000000       0.99608522000000010       -3.9161385999999998E-003   0.0000000000000000        0.0000000000000000        0.0000000000000000     
   381.00000000000000       0.99610511000000013       -3.8919945400000002E-003   0.0000000000000000        0.0000000000000000        0.0000000000000000     
   382.00000000000000       0.99613499999999999       -3.8679898200000003E-003   0.0000000000000000        0.0000000000000000        0.0000000000000000     
   383.00000000000000       0.99615489000000002       -3.8441941100000000E-003   0.0000000000000000        0.0000000000000000        0.0000000000000000     
   384.00000000000000       0.99618141000000004       -3.8206040400000007E-003   0.0000000000000000        0.0000000000000000        0.0000000000000000     
   385.00000000000000       0.99620467000000013       -3.7972229800000003E-003   0.0000000000000000        0.0000000000000000        0.0000000000000000     
   386.00000000000000       0.99622456000000015       -3.7740475599999999E-003   0.0000000000000000        0.0000000000000000        0.0000000000000000     
   387.00000000000000       0.99625108000000007       -3.7510148500000005E-003   0.0000000000000000        0.0000000000000000        0.0000000000000000     
   388.00000000000000       0.99627097000000009       -3.7281877800000008E-003   0.0000000000000000        0.0000000000000000        0.0000000000000000     
   389.00000000000006       0.99629423000000006       -3.7055663500000003E-003   0.0000000000000000        0.0000000000000000        0.0000000000000000     
   390.00000000000000       0.99631411999999997       -3.6831539300000000E-003   0.0000000000000000        0.0000000000000000        0.0000000000000000     
   391.00000000000000       0.99634064000000000       -3.6608808500000001E-003   0.0000000000000000        0.0000000000000000        0.0000000000000000     
   392.00000000000000       0.99636390000000008       -3.6388134100000004E-003   0.0000000000000000        0.0000000000000000        0.0000000000000000     
   393.00000000000000       0.99638379000000010       -3.6168853099999999E-003   0.0000000000000000        0.0000000000000000        0.0000000000000000     
   394.00000000000006       0.99640368000000001       -3.5951662200000003E-003   0.0000000000000000        0.0000000000000000        0.0000000000000000     
   395.00000000000000       0.99642694000000009       -3.5735831000000000E-003   0.0000000000000000        0.0000000000000000        0.0000000000000000     
   396.00000000000000       0.99644683000000001       -3.5522089900000002E-003   0.0000000000000000        0.0000000000000000        0.0000000000000000     
   397.00000000000000       0.99646672000000003       -3.5309742200000005E-003   0.0000000000000000        0.0000000000000000        0.0000000000000000     
   398.00000000000000       0.99648661000000005       -3.5099484600000000E-003   0.0000000000000000        0.0000000000000000        0.0000000000000000     
   399.00000000000006       0.99650987000000013       -3.4890586700000001E-003   0.0000000000000000        0.0000000000000000        0.0000000000000000     
   400.00000000000000       0.99652976000000015       -3.4683778899999998E-003   0.0000000000000000        0.0000000000000000        0.0000000000000000     
   401.00000000000000       0.99654965000000006       -3.4477667800000005E-003   0.0000000000000000        0.0000000000000000        0.0000000000000000     
   402.00000000000000       0.99656954000000009       -3.4274309800000000E-003   0.0000000000000000        0.0000000000000000        0.0000000000000000     
   403.00000000000000       0.99659280000000006       -3.4071648500000004E-003   0.0000000000000000        0.0000000000000000        0.0000000000000000     
   404.00000000000000       0.99661269000000008       -3.3871077300000000E-003   0.0000000000000000        0.0000000000000000        0.0000000000000000     
   405.00000000000000       0.99663257999999999       -3.3671865800000002E-003   0.0000000000000000        0.0000000000000000        0.0000000000000000     
   406.00000000000000       0.99665584000000007       -3.3474081400000004E-003   0.0000000000000000        0.0000000000000000        0.0000000000000000     
   407.00000000000000       0.99667572999999998       -3.3278319700000007E-003   0.0000000000000000        0.0000000000000000        0.0000000000000000     
   408.00000000000000       0.99668899000000000       -3.3083322100000002E-003   0.0000000000000000        0.0000000000000000        0.0000000000000000     
   409.00000000000000       0.99670888000000013       -3.2890347200000003E-003   0.0000000000000000        0.0000000000000000        0.0000000000000000     
   410.00000000000006       0.99673214000000010       -3.2698765700000004E-003   0.0000000000000000        0.0000000000000000        0.0000000000000000     
   411.00000000000000       0.99675203000000001       -3.2508577599999998E-003   0.0000000000000000        0.0000000000000000        0.0000000000000000     
   412.00000000000000       0.99676529000000003       -3.2320445900000006E-003   0.0000000000000000        0.0000000000000000        0.0000000000000000     
   413.00000000000000       0.99678518000000005       -3.2133044600000001E-003   0.0000000000000000        0.0000000000000000        0.0000000000000000     
   414.00000000000000       0.99680844000000013       -3.1947036700000001E-003   0.0000000000000000        0.0000000000000000        0.0000000000000000     
   415.00000000000006       0.99682170000000014       -3.1763051500000006E-003   0.0000000000000000        0.0000000000000000        0.0000000000000000     
   416.00000000000000       0.99684159000000006       -3.1579796699999999E-003   0.0000000000000000        0.0000000000000000        0.0000000000000000     
   417.00000000000000       0.99686148000000019       -3.1398598299999998E-003   0.0000000000000000        0.0000000000000000        0.0000000000000000     
   418.00000000000000       0.99687811000000004       -3.1218130300000001E-003   0.0000000000000000        0.0000000000000000        0.0000000000000000     
   419.00000000000000       0.99689800000000006       -3.1039022000000000E-003   0.0000000000000000        0.0000000000000000        0.0000000000000000     
   420.00000000000006       0.99691126000000008       -3.0861970100000001E-003   0.0000000000000000        0.0000000000000000        0.0000000000000000     
   421.00000000000000       0.99693115000000010       -3.0685648600000002E-003   0.0000000000000000        0.0000000000000000        0.0000000000000000     
   422.00000000000000       0.99694441000000000       -3.0510720500000004E-003   0.0000000000000000        0.0000000000000000        0.0000000000000000     
   423.00000000000000       0.99696767000000008       -3.0337152099999998E-003   0.0000000000000000        0.0000000000000000        0.0000000000000000     
   424.00000000000000       0.99698093000000010       -3.0164977100000006E-003   0.0000000000000000        0.0000000000000000        0.0000000000000000     
   425.00000000000006       0.99700082000000001       -2.9993498800000005E-003   0.0000000000000000        0.0000000000000000        0.0000000000000000     
   426.00000000000000       0.99701408000000002       -2.9824076900000001E-003   0.0000000000000000        0.0000000000000000        0.0000000000000000     
   427.00000000000000       0.99703734000000011       -2.9655385400000002E-003   0.0000000000000000        0.0000000000000000        0.0000000000000000     
   428.00000000000000       0.99705060000000012       -2.9488053600000000E-003   0.0000000000000000        0.0000000000000000        0.0000000000000000     
   429.00000000000000       0.99707049000000003       -2.9322115199999998E-003   0.0000000000000000        0.0000000000000000        0.0000000000000000     
   430.00000000000000       0.99708375000000005       -2.9156907200000000E-003   0.0000000000000000        0.0000000000000000        0.0000000000000000     
   431.00000000000006       0.99710038000000001       -2.8993688200000005E-003   0.0000000000000000        0.0000000000000000        0.0000000000000000     
   432.00000000000000       0.99712027000000014       -2.8831233300000000E-003   0.0000000000000000        0.0000000000000000        0.0000000000000000     
   433.00000000000000       0.99713353000000016       -2.8669475100000000E-003   0.0000000000000000        0.0000000000000000        0.0000000000000000     
   434.00000000000000       0.99714678999999995       -2.8509773300000002E-003   0.0000000000000000        0.0000000000000000        0.0000000000000000     
   435.00000000000000       0.99716668000000008       -2.8350768200000004E-003   0.0000000000000000        0.0000000000000000        0.0000000000000000     
   436.00000000000006       0.99718331000000004       -2.8193122799999998E-003   0.0000000000000000        0.0000000000000000        0.0000000000000000     
   437.00000000000000       0.99719657000000006       -2.8036207800000001E-003   0.0000000000000000        0.0000000000000000        0.0000000000000000     
   438.00000000000000       0.99720983000000007       -2.7880652500000000E-003   0.0000000000000000        0.0000000000000000        0.0000000000000000     
   439.00000000000000       0.99722972000000010       -2.7726490600000001E-003   0.0000000000000000        0.0000000000000000        0.0000000000000000     
   440.00000000000000       0.99724298000000000       -2.7573025400000005E-003   0.0000000000000000        0.0000000000000000        0.0000000000000000     
   441.00000000000006       0.99725960999999996       -2.7420290599999998E-003   0.0000000000000000        0.0000000000000000        0.0000000000000000     
   442.00000000000000       0.99727286999999998       -2.7269578500000000E-003   0.0000000000000000        0.0000000000000000        0.0000000000000000     
   443.00000000000000       0.99728612999999999       -2.7119596800000002E-003   0.0000000000000000        0.0000000000000000        0.0000000000000000     
   444.00000000000000       0.99729939000000001       -2.6970278100000001E-003   0.0000000000000000        0.0000000000000000        0.0000000000000000     
   445.00000000000000       0.99731928000000014       -2.6822386500000000E-003   0.0000000000000000        0.0000000000000000        0.0000000000000000     
   446.00000000000006       0.99733590999999999       -2.6675157900000000E-003   0.0000000000000000        0.0000000000000000        0.0000000000000000     
   447.00000000000000       0.99734917000000001       -2.6529322700000000E-003   0.0000000000000000        0.0000000000000000        0.0000000000000000     
   448.00000000000000       0.99736243000000002       -2.6384184200000005E-003   0.0000000000000000        0.0000000000000000        0.0000000000000000     
   449.00000000000000       0.99737569000000004       -2.6240439100000002E-003   0.0000000000000000        0.0000000000000000        0.0000000000000000     
   450.00000000000000       0.99738895000000005       -2.6097357000000000E-003   0.0000000000000000        0.0000000000000000        0.0000000000000000     
   451.00000000000006       0.99740558000000001       -2.5955702000000002E-003   0.0000000000000000        0.0000000000000000        0.0000000000000000     
   452.00000000000000       0.99741884000000003       -2.5814710000000001E-003   0.0000000000000000        0.0000000000000000        0.0000000000000000     
   453.00000000000000       0.99743210000000004       -2.5675111400000005E-003   0.0000000000000000        0.0000000000000000        0.0000000000000000     
   454.00000000000000       0.99744536000000006       -2.5535512800000000E-003   0.0000000000000000        0.0000000000000000        0.0000000000000000     
   455.00000000000000       0.99745862000000007       -2.5397970600000001E-003   0.0000000000000000        0.0000000000000000        0.0000000000000000     
   456.00000000000000       0.99747525000000015       -2.5260495800000001E-003   0.0000000000000000        0.0000000000000000        0.0000000000000000     
   457.00000000000006       0.99748851000000005       -2.5124347000000003E-003   0.0000000000000000        0.0000000000000000        0.0000000000000000     
   458.00000000000000       0.99750177000000007       -2.4989591600000000E-003   0.0000000000000000        0.0000000000000000        0.0000000000000000     
   459.00000000000000       0.99751503000000008       -2.4854869900000002E-003   0.0000000000000000        0.0000000000000000        0.0000000000000000     
   460.00000000000000       0.99752829000000010       -2.4721507900000001E-003   0.0000000000000000        0.0000000000000000        0.0000000000000000     
   461.00000000000000       0.99754155000000011       -2.4588876300000000E-003   0.0000000000000000        0.0000000000000000        0.0000000000000000     
   462.00000000000006       0.99755818000000007       -2.4457570700000004E-003   0.0000000000000000        0.0000000000000000        0.0000000000000000     
   463.00000000000000       0.99756481000000008       -2.4326995500000004E-003   0.0000000000000000        0.0000000000000000        0.0000000000000000     
   464.00000000000000       0.99757806999999998       -2.4197117000000004E-003   0.0000000000000000        0.0000000000000000        0.0000000000000000     
   465.00000000000000       0.99759133000000000       -2.4067935200000000E-003   0.0000000000000000        0.0000000000000000        0.0000000000000000     
   466.00000000000000       0.99760459000000001       -2.3940113099999998E-003   0.0000000000000000        0.0000000000000000        0.0000000000000000     
   467.00000000000006       0.99761785000000003       -2.3812987700000000E-003   0.0000000000000000        0.0000000000000000        0.0000000000000000     
   468.00000000000000       0.99763448000000010       -2.3686558999999998E-003   0.0000000000000000        0.0000000000000000        0.0000000000000000     
   469.00000000000000       0.99764774000000012       -2.3560860700000000E-003   0.0000000000000000        0.0000000000000000        0.0000000000000000     
   470.00000000000000       0.99765437000000001       -2.3436488399999999E-003   0.0000000000000000        0.0000000000000000        0.0000000000000000     
   471.00000000000000       0.99766763000000003       -2.3312183500000003E-003   0.0000000000000000        0.0000000000000000        0.0000000000000000     
   472.00000000000006       0.99768089000000004       -2.3189238300000002E-003   0.0000000000000000        0.0000000000000000        0.0000000000000000     
   473.00000000000000       0.99769415000000006       -2.3066956100000003E-003   0.0000000000000000        0.0000000000000000        0.0000000000000000     
   474.00000000000000       0.99770415000000012       -2.2945404299999999E-003   0.0000000000000000        0.0000000000000000        0.0000000000000000     
   475.00000000000000       0.99771741000000014       -2.2825212200000000E-003   0.0000000000000000        0.0000000000000000        0.0000000000000000     
   476.00000000000000       0.99773067000000015       -2.2705053800000001E-003   0.0000000000000000        0.0000000000000000        0.0000000000000000     
   477.00000000000006       0.99774393000000017       -2.2586255100000003E-003   0.0000000000000000        0.0000000000000000        0.0000000000000000     
   478.00000000000006       0.99775056000000006       -2.2468153100000002E-003   0.0000000000000000        0.0000000000000000        0.0000000000000000     
   479.00000000000000       0.99776382000000008       -2.2350084800000000E-003   0.0000000000000000        0.0000000000000000        0.0000000000000000     
   480.00000000000000       0.99778045000000004       -2.2233376200000003E-003   0.0000000000000000        0.0000000000000000        0.0000000000000000     
   481.00000000000000       0.99778707999999994       -2.2117364300000002E-003   0.0000000000000000        0.0000000000000000        0.0000000000000000     
   482.00000000000000       0.99780033999999995       -2.2002015400000002E-003   0.0000000000000000        0.0000000000000000        0.0000000000000000     
   483.00000000000006       0.99781359999999997       -2.1888059900000002E-003   0.0000000000000000        0.0000000000000000        0.0000000000000000     
   484.00000000000000       0.99782023000000009       -2.1774138100000002E-003   0.0000000000000000        0.0000000000000000        0.0000000000000000     
   485.00000000000000       0.99783349000000010       -2.1660913000000003E-003   0.0000000000000000        0.0000000000000000        0.0000000000000000     
   486.00000000000000       0.99784349000000017       -2.1549047600000000E-003   0.0000000000000000        0.0000000000000000        0.0000000000000000     
   487.00000000000000       0.99785675000000018       -2.1437215900000002E-003   0.0000000000000000        0.0000000000000000        0.0000000000000000     
   488.00000000000006       0.99787001000000020       -2.1326047199999999E-003   0.0000000000000000        0.0000000000000000        0.0000000000000000     
   489.00000000000000       0.99787664000000009       -2.1216271900000002E-003   0.0000000000000000        0.0000000000000000        0.0000000000000000     
   490.00000000000000       0.99788990000000011       -2.1106496600000000E-003   0.0000000000000000        0.0000000000000000        0.0000000000000000     
   491.00000000000000       0.99789653000000000       -2.0998114700000003E-003   0.0000000000000000        0.0000000000000000        0.0000000000000000     
   492.00000000000000       0.99790979000000002       -2.0889732799999998E-003   0.0000000000000000        0.0000000000000000        0.0000000000000000     
   493.00000000000006       0.99792641999999998       -2.0782710600000002E-003   0.0000000000000000        0.0000000000000000        0.0000000000000000     
   494.00000000000000       0.99793305000000010       -2.0675755800000002E-003   0.0000000000000000        0.0000000000000000        0.0000000000000000     
   495.00000000000000       0.99794630999999989       -2.0570127000000002E-003   0.0000000000000000        0.0000000000000000        0.0000000000000000     
   496.00000000000000       0.99795294000000001       -2.0464531899999998E-003   0.0000000000000000        0.0000000000000000        0.0000000000000000     
   497.00000000000000       0.99796620000000003       -2.0359599799999999E-003   0.0000000000000000        0.0000000000000000        0.0000000000000000     
   498.00000000000006       0.99797282999999992       -2.0256061100000001E-003   0.0000000000000000        0.0000000000000000        0.0000000000000000     
   499.00000000000000       0.99798608999999994       -2.0152522400000003E-003   0.0000000000000000        0.0000000000000000        0.0000000000000000     
   500.00000000000000       0.99799609000000000       -2.0049714100000000E-003   0.0000000000000000        0.0000000000000000        0.0000000000000000     
   501.00000000000000       0.99800935000000002       -1.9947568800000003E-003   0.0000000000000000        0.0000000000000000        0.0000000000000000     
   502.00000000000000       0.99801598000000014       -1.9846120200000001E-003   0.0000000000000000        0.0000000000000000        0.0000000000000000     
   503.00000000000006       0.99802261000000003       -1.9745368300000000E-003   0.0000000000000000        0.0000000000000000        0.0000000000000000     
   504.00000000000006       0.99803587000000005       -1.9644650100000003E-003   0.0000000000000000        0.0000000000000000        0.0000000000000000     
   505.00000000000000       0.99804250000000017       -1.9545257899999998E-003   0.0000000000000000        0.0000000000000000        0.0000000000000000     
   506.00000000000000       0.99805576000000018       -1.9446562400000002E-003   0.0000000000000000        0.0000000000000000        0.0000000000000000     
   507.00000000000000       0.99806576000000002       -1.9347934300000000E-003   0.0000000000000000        0.0000000000000000        0.0000000000000000     
   508.00000000000000       0.99807902000000004       -1.9249969200000000E-003   0.0000000000000000        0.0000000000000000        0.0000000000000000     
   509.00000000000006       0.99808565000000016       -1.9153330100000001E-003   0.0000000000000000        0.0000000000000000        0.0000000000000000     
   510.00000000000000       0.99809228000000005       -1.9056758400000002E-003   0.0000000000000000        0.0000000000000000        0.0000000000000000     
   511.00000000000000       0.99810554000000007       -1.8960186700000001E-003   0.0000000000000000        0.0000000000000000        0.0000000000000000     
   512.00000000000000       0.99811216999999997       -1.8864974700000003E-003   0.0000000000000000        0.0000000000000000        0.0000000000000000     
   513.00000000000000       0.99811880000000008       -1.8770459400000001E-003   0.0000000000000000        0.0000000000000000        0.0000000000000000     
   514.00000000000000       0.99813206000000010       -1.8675977800000001E-003   0.0000000000000000        0.0000000000000000        0.0000000000000000     
   515.00000000000000       0.99814206000000016       -1.8582159200000001E-003   0.0000000000000000        0.0000000000000000        0.0000000000000000     
   516.00000000000000       0.99815532000000018       -1.8489037300000002E-003   0.0000000000000000        0.0000000000000000        0.0000000000000000     
   517.00000000000000       0.99816195000000008       -1.8396612100000003E-003   0.0000000000000000        0.0000000000000000        0.0000000000000000     
   518.00000000000000       0.99816858000000019       -1.8304849900000000E-003   0.0000000000000000        0.0000000000000000        0.0000000000000000     
   519.00000000000000       0.99817521000000009       -1.8213155100000001E-003   0.0000000000000000        0.0000000000000000        0.0000000000000000     
   520.00000000000000       0.99818847000000011       -1.8122123300000001E-003   0.0000000000000000        0.0000000000000000        0.0000000000000000     
   521.00000000000000       0.99819510000000000       -1.8031788200000003E-003   0.0000000000000000        0.0000000000000000        0.0000000000000000     
   522.00000000000000       0.99820173000000012       -1.7942116100000001E-003   0.0000000000000000        0.0000000000000000        0.0000000000000000     
   523.00000000000000       0.99821836000000008       -1.7853140700000000E-003   0.0000000000000000        0.0000000000000000        0.0000000000000000     
   524.00000000000000       0.99822498999999998       -1.7764198999999999E-003   0.0000000000000000        0.0000000000000000        0.0000000000000000     
   525.00000000000000       0.99823162000000010       -1.7675954000000002E-003   0.0000000000000000        0.0000000000000000        0.0000000000000000     
   526.00000000000000       0.99823824999999999       -1.7588372000000001E-003   0.0000000000000000        0.0000000000000000        0.0000000000000000     
   527.00000000000000       0.99825151000000001       -1.7500823699999998E-003   0.0000000000000000        0.0000000000000000        0.0000000000000000     
   528.00000000000000       0.99825814000000013       -1.7414635100000001E-003   0.0000000000000000        0.0000000000000000        0.0000000000000000     
   529.00000000000000       0.99826477000000002       -1.7328446500000003E-003   0.0000000000000000        0.0000000000000000        0.0000000000000000     
   530.00000000000000       0.99827140000000014       -1.7242291600000001E-003   0.0000000000000000        0.0000000000000000        0.0000000000000000     
   531.00000000000000       0.99828803000000010       -1.7157496400000000E-003   0.0000000000000000        0.0000000000000000        0.0000000000000000     
   532.00000000000000       0.99829466000000000       -1.7072701200000001E-003   0.0000000000000000        0.0000000000000000        0.0000000000000000     
   533.00000000000000       0.99830129000000001       -1.6988602700000000E-003   0.0000000000000000        0.0000000000000000        0.0000000000000000     
   534.00000000000000       0.99830792000000002       -1.6905200899999999E-003   0.0000000000000000        0.0000000000000000        0.0000000000000000     
   535.00000000000000       0.99832118000000003       -1.6821799100000003E-003   0.0000000000000000        0.0000000000000000        0.0000000000000000     
   536.00000000000000       0.99832781000000004       -1.6739094000000003E-003   0.0000000000000000        0.0000000000000000        0.0000000000000000     
   537.00000000000000       0.99833444000000005       -1.6657085600000000E-003   0.0000000000000000        0.0000000000000000        0.0000000000000000     
   538.00000000000000       0.99834107000000005       -1.6575077199999998E-003   0.0000000000000000        0.0000000000000000        0.0000000000000000     
   539.00000000000000       0.99834770000000006       -1.6493765499999999E-003   0.0000000000000000        0.0000000000000000        0.0000000000000000     
   540.00000000000000       0.99835770000000013       -1.6413116800000000E-003   0.0000000000000000        0.0000000000000000        0.0000000000000000     
   541.00000000000000       0.99837095999999992       -1.6333164800000001E-003   0.0000000000000000        0.0000000000000000        0.0000000000000000     
   542.00000000000000       0.99837759000000004       -1.6253246500000000E-003   0.0000000000000000        0.0000000000000000        0.0000000000000000     
   543.00000000000000       0.99838421999999993       -1.6173991200000000E-003   0.0000000000000000        0.0000000000000000        0.0000000000000000     
   544.00000000000000       0.99839085000000005       -1.6094769599999999E-003   0.0000000000000000        0.0000000000000000        0.0000000000000000     
   545.00000000000000       0.99839747999999995       -1.6016244700000001E-003   0.0000000000000000        0.0000000000000000        0.0000000000000000     
   546.00000000000000       0.99840411000000007       -1.5938382800000002E-003   0.0000000000000000        0.0000000000000000        0.0000000000000000     
   547.00000000000000       0.99841073999999996       -1.5860554600000002E-003   0.0000000000000000        0.0000000000000000        0.0000000000000000     
   548.00000000000000       0.99841737000000008       -1.5783389400000002E-003   0.0000000000000000        0.0000000000000000        0.0000000000000000     
   549.00000000000000       0.99843063000000010       -1.5706920900000001E-003   0.0000000000000000        0.0000000000000000        0.0000000000000000     
   550.00000000000000       0.99844063000000005       -1.5630452399999998E-003   0.0000000000000000        0.0000000000000000        0.0000000000000000     
