   1.0000000000000000        1.5175711000000000E-002 -0.98482592999999996        0.0000000000000000        0.0000000000000000        0.0000000000000000     
   2.0000000000000000       0.15513873000000000      -0.84486127000000000        0.0000000000000000        0.0000000000000000        0.0000000000000000     
   3.0000000000000000       0.30660778999999999      -0.69339221000000006        0.0000000000000000        0.0000000000000000        0.0000000000000000     
   4.0000000000000000       0.42063420000000007      -0.57936580000000004        0.0000000000000000        0.0000000000000000        0.0000000000000000     
   5.0000000000000000       0.50405082000000001      -0.49594918000000004        0.0000000000000000        0.0000000000000000        0.0000000000000000     
   6.0000000000000000       0.56636464999999991      -0.43363534999999997        0.0000000000000000        0.0000000000000000        0.0000000000000000     
   7.0000000000000000       0.61445005000000008      -0.38554994999999997        0.0000000000000000        0.0000000000000000        0.0000000000000000     
   8.0000000000000000       0.65248225999999998      -0.34751774000000002        0.0000000000000000        0.0000000000000000        0.0000000000000000     
   9.0000000000000000       0.68325879000000000      -0.31674121000000000        0.0000000000000000        0.0000000000000000        0.0000000000000000     
   10.000000000000000       0.70864693000000001      -0.29135306999999999        0.0000000000000000        0.0000000000000000        0.0000000000000000     
   11.000000000000000       0.72992711999999993      -0.27007288000000002        0.0000000000000000        0.0000000000000000        0.0000000000000000     
   12.000000000000000       0.74803295000000003      -0.25196705000000003        0.0000000000000000        0.0000000000000000        0.0000000000000000     
   13.000000000000000       0.76360138000000011      -0.23639862000000000        0.0000000000000000        0.0000000000000000        0.0000000000000000     
   14.000000000000000       0.77715241000000002      -0.22284758999999998        0.0000000000000000        0.0000000000000000        0.0000000000000000     
   15.000000000000000       0.78905625999999995      -0.21094373999999999        0.0000000000000000        0.0000000000000000        0.0000000000000000     
   16.000000000000000       0.79959629999999993      -0.20040370000000002        0.0000000000000000        0.0000000000000000        0.0000000000000000     
   17.000000000000000       0.80899927000000005      -0.19100073000000001        0.0000000000000000        0.0000000000000000        0.0000000000000000     
   18.000000000000000       0.81743865000000004      -0.18256135000000001        0.0000000000000000        0.0000000000000000        0.0000000000000000     
   19.000000000000000       0.82506107000000006      -0.17493893000000002        0.0000000000000000        0.0000000000000000        0.0000000000000000     
   20.000000000000000       0.83197989999999999      -0.16802010000000001        0.0000000000000000        0.0000000000000000        0.0000000000000000     
   21.000000000000000       0.83830188000000005      -0.16169812000000000        0.0000000000000000        0.0000000000000000        0.0000000000000000     
   22.000000000000000       0.84409364000000009      -0.15590636000000002        0.0000000000000000        0.0000000000000000        0.0000000000000000     
   23.000000000000000       0.84942855000000006      -0.15057145000000000        0.0000000000000000        0.0000000000000000        0.0000000000000000     
   24.000000000000000       0.85435335000000001      -0.14564732400000002        0.0000000000000000        0.0000000000000000        0.0000000000000000     
   25.000000000000000       0.85892130000000000      -0.14107735200000002        0.0000000000000000        0.0000000000000000        0.0000000000000000     
   26.000000000000000       0.86317914000000007      -0.13682153400000002        0.0000000000000000        0.0000000000000000        0.0000000000000000     
   27.000000000000000       0.86714687000000001      -0.13285447800000000        0.0000000000000000        0.0000000000000000        0.0000000000000000     
   28.000000000000000       0.87086112000000004      -0.12913921700000000        0.0000000000000000        0.0000000000000000        0.0000000000000000     
   29.000000000000000       0.87434526000000012      -0.12565339200000000        0.0000000000000000        0.0000000000000000        0.0000000000000000     
   30.000000000000000       0.87762929000000001      -0.12236936200000001        0.0000000000000000        0.0000000000000000        0.0000000000000000     
   31.000000000000000       0.88071995000000003      -0.11928038700000002        0.0000000000000000        0.0000000000000000        0.0000000000000000     
   32.000000000000000       0.88364713000000017      -0.11635388100000001        0.0000000000000000        0.0000000000000000        0.0000000000000000     
   33.000000000000000       0.88641420000000004      -0.11358478899999999        0.0000000000000000        0.0000000000000000        0.0000000000000000     
   34.000000000000000       0.88904453000000006      -0.11095479600000002        0.0000000000000000        0.0000000000000000        0.0000000000000000     
   35.000000000000000       0.89154475000000000      -0.10845356500000000        0.0000000000000000        0.0000000000000000        0.0000000000000000     
   36.000000000000000       0.89392822999999999      -0.10607075900000001        0.0000000000000000        0.0000000000000000        0.0000000000000000     
   37.000000000000000       0.89619834000000009      -0.10380300800000000        0.0000000000000000        0.0000000000000000        0.0000000000000000     
   38.000000000000000       0.89836497000000004      -0.10163368200000000        0.0000000000000000        0.0000000000000000        0.0000000000000000     
   39.000000000000000       0.90044486000000012       -9.9554466000000022E-002   0.0000000000000000        0.0000000000000000        0.0000000000000000     
   40.000000000000000       0.90243137999999989       -9.7568619999999995E-002   0.0000000000000000        0.0000000000000000        0.0000000000000000     
   41.000000000000000       0.90434442000000015       -9.5654906000000012E-002   0.0000000000000000        0.0000000000000000        0.0000000000000000     
   42.000000000000000       0.90617746000000010       -9.3823888000000008E-002   0.0000000000000000        0.0000000000000000        0.0000000000000000     
   43.000000000000000       0.90794039000000004       -9.2061295000000015E-002   0.0000000000000000        0.0000000000000000        0.0000000000000000     
   44.000000000000000       0.90964321000000015       -9.0358138000000005E-002   0.0000000000000000        0.0000000000000000        0.0000000000000000     
   45.000000000000000       0.91127266000000007       -8.8726666000000010E-002   0.0000000000000000        0.0000000000000000        0.0000000000000000     
   46.000000000000000       0.91285537000000005       -8.7145304000000007E-002   0.0000000000000000        0.0000000000000000        0.0000000000000000     
   47.000000000000000       0.91438134000000004       -8.5619671000000008E-002   0.0000000000000000        0.0000000000000000        0.0000000000000000     
   48.000000000000000       0.91585720000000004       -8.4141789000000008E-002   0.0000000000000000        0.0000000000000000        0.0000000000000000     
   49.000000000000000       0.91728969000000005       -8.2710646999999998E-002   0.0000000000000000        0.0000000000000000        0.0000000000000000     
   50.000000000000000       0.91866881000000000       -8.1331864000000004E-002   0.0000000000000000        0.0000000000000000        0.0000000000000000     
   51.000000000000000       0.92000781999999992       -7.9991169000000001E-002   0.0000000000000000        0.0000000000000000        0.0000000000000000     
   52.000000000000000       0.92131346000000003       -7.8687551000000008E-002   0.0000000000000000        0.0000000000000000        0.0000000000000000     
   53.000000000000000       0.92257236000000009       -7.7426966000000000E-002   0.0000000000000000        0.0000000000000000        0.0000000000000000     
   54.000000000000000       0.92380452000000002       -7.6195479999999996E-002   0.0000000000000000        0.0000000000000000        0.0000000000000000     
   55.000000000000000       0.92499331000000007       -7.5002690000000011E-002   0.0000000000000000        0.0000000000000000        0.0000000000000000     
   56.000000000000000       0.92615873000000004       -7.3841629000000006E-002   0.0000000000000000        0.0000000000000000        0.0000000000000000     
   57.000000000000000       0.92729404000000004       -7.2710623000000002E-002   0.0000000000000000        0.0000000000000000        0.0000000000000000     
   58.000000000000000       0.92838935000000000       -7.1608672000000012E-002   0.0000000000000000        0.0000000000000000        0.0000000000000000     
   59.000000000000007       0.92946455000000006       -7.0534102000000015E-002   0.0000000000000000        0.0000000000000000        0.0000000000000000     
   60.000000000000000       0.93050974999999991       -6.9486249999999999E-002   0.0000000000000000        0.0000000000000000        0.0000000000000000     
   61.000000000000007       0.93153821000000003       -6.8463441999999999E-002   0.0000000000000000        0.0000000000000000        0.0000000000000000     
   62.000000000000000       0.93253667000000007       -6.7464015000000002E-002   0.0000000000000000        0.0000000000000000        0.0000000000000000     
   63.000000000000007       0.93351501999999997       -6.6487631999999991E-002   0.0000000000000000        0.0000000000000000        0.0000000000000000     
   64.000000000000000       0.93446337000000002       -6.5532956000000003E-002   0.0000000000000000        0.0000000000000000        0.0000000000000000     
   65.000000000000000       0.93539835000000005       -6.4598987000000010E-002   0.0000000000000000        0.0000000000000000        0.0000000000000000     
   66.000000000000000       0.93631659000000000       -6.3685387999999996E-002   0.0000000000000000        0.0000000000000000        0.0000000000000000     
   67.000000000000000       0.93720819999999994       -6.2790821999999996E-002   0.0000000000000000        0.0000000000000000        0.0000000000000000     
   68.000000000000000       0.93808970000000003       -6.1913625999999999E-002   0.0000000000000000        0.0000000000000000        0.0000000000000000     
   69.000000000000000       0.93894456999999998       -6.1054126000000000E-002   0.0000000000000000        0.0000000000000000        0.0000000000000000     
   70.000000000000000       0.93978933000000009       -6.0211659000000008E-002   0.0000000000000000        0.0000000000000000        0.0000000000000000     
   71.000000000000000       0.94061746000000002       -5.9385551000000009E-002   0.0000000000000000        0.0000000000000000        0.0000000000000000     
   72.000000000000000       0.94142885000000009       -5.8574139000000004E-002   0.0000000000000000        0.0000000000000000        0.0000000000000000     
   73.000000000000000       0.94222024000000004       -5.7777749000000003E-002   0.0000000000000000        0.0000000000000000        0.0000000000000000     
   74.000000000000000       0.94300163000000015       -5.6996380999999999E-002   0.0000000000000000        0.0000000000000000        0.0000000000000000     
   75.000000000000000       0.94376965000000013       -5.6228035000000003E-002   0.0000000000000000        0.0000000000000000        0.0000000000000000     
   76.000000000000000       0.94452430000000009       -5.5472711000000008E-002   0.0000000000000000        0.0000000000000000        0.0000000000000000     
   77.000000000000000       0.94526895000000000       -5.4730735000000010E-002   0.0000000000000000        0.0000000000000000        0.0000000000000000     
   78.000000000000000       0.94600023000000011       -5.4000444000000009E-002   0.0000000000000000        0.0000000000000000        0.0000000000000000     
   79.000000000000000       0.94671813999999999       -5.3282164000000000E-002   0.0000000000000000        0.0000000000000000        0.0000000000000000     
   80.000000000000000       0.94742279000000007       -5.2575569000000003E-002   0.0000000000000000        0.0000000000000000        0.0000000000000000     
   81.000000000000000       0.94812070000000004       -5.1879648000000007E-002   0.0000000000000000        0.0000000000000000        0.0000000000000000     
   82.000000000000000       0.94880523999999999       -5.1195075000000007E-002   0.0000000000000000        0.0000000000000000        0.0000000000000000     
   83.000000000000000       0.94948315000000005       -5.0520838999999998E-002   0.0000000000000000        0.0000000000000000        0.0000000000000000     
   84.000000000000000       0.95014106000000009       -4.9855613999999999E-002   0.0000000000000000        0.0000000000000000        0.0000000000000000     
   85.000000000000000       0.95079560000000007       -4.9201726000000001E-002   0.0000000000000000        0.0000000000000000        0.0000000000000000     
   86.000000000000000       0.95144351000000005       -4.8556545700000009E-002   0.0000000000000000        0.0000000000000000        0.0000000000000000     
   87.000000000000000       0.95207805000000012       -4.7920635000000003E-002   0.0000000000000000        0.0000000000000000        0.0000000000000000     
   88.000000000000000       0.95270922000000002       -4.7293229800000003E-002   0.0000000000000000        0.0000000000000000        0.0000000000000000     
   89.000000000000000       0.95332375999999996       -4.6675521300000009E-002   0.0000000000000000        0.0000000000000000        0.0000000000000000     
   90.000000000000000       0.95393167000000001       -4.6065318300000005E-002   0.0000000000000000        0.0000000000000000        0.0000000000000000     
   91.000000000000000       0.95453621000000011       -4.5463879400000004E-002   0.0000000000000000        0.0000000000000000        0.0000000000000000     
   92.000000000000000       0.95512737999999997       -4.4871036100000004E-002   0.0000000000000000        0.0000000000000000        0.0000000000000000     
   93.000000000000000       0.95571529000000000       -4.4285361299999999E-002   0.0000000000000000        0.0000000000000000        0.0000000000000000     
   94.000000000000000       0.95628983000000001       -4.3707416899999997E-002   0.0000000000000000        0.0000000000000000        0.0000000000000000     
   95.000000000000000       0.95686437000000002       -4.3137697400000001E-002   0.0000000000000000        0.0000000000000000        0.0000000000000000     
   96.000000000000000       0.95742891000000008       -4.2574843100000002E-002   0.0000000000000000        0.0000000000000000        0.0000000000000000     
   97.000000000000000       0.95797682000000006       -4.2019382200000004E-002   0.0000000000000000        0.0000000000000000        0.0000000000000000     
   98.000000000000000       0.95853136000000005       -4.1470550600000003E-002   0.0000000000000000        0.0000000000000000        0.0000000000000000     
   99.000000000000000       0.95907264000000003       -4.0929606899999998E-002   0.0000000000000000        0.0000000000000000        0.0000000000000000     
   100.00000000000000       0.95960718000000012       -4.0394461000000000E-002   0.0000000000000000        0.0000000000000000        0.0000000000000000     
   101.00000000000000       0.96013183000000013       -3.9867034500000002E-002   0.0000000000000000        0.0000000000000000        0.0000000000000000     
   102.00000000000000       0.96065636999999993       -3.9345271000000001E-002   0.0000000000000000        0.0000000000000000        0.0000000000000000     
   103.00000000000000       0.96117102000000010       -3.8831058400000007E-002   0.0000000000000000        0.0000000000000000        0.0000000000000000     
   104.00000000000000       0.96167893000000004       -3.8322374000000006E-002   0.0000000000000000        0.0000000000000000        0.0000000000000000     
   105.00000000000001       0.96218358000000004       -3.7820442700000005E-002   0.0000000000000000        0.0000000000000000        0.0000000000000000     
   106.00000000000000       0.96267823000000008       -3.7324567800000000E-002   0.0000000000000000        0.0000000000000000        0.0000000000000000     
   107.00000000000000       0.96316288000000005       -3.6834681899999999E-002   0.0000000000000000        0.0000000000000000        0.0000000000000000     
   108.00000000000000       0.96365090000000009       -3.6350717599999999E-002   0.0000000000000000        0.0000000000000000        0.0000000000000000     
   109.00000000000001       0.96412555000000011       -3.5873304199999997E-002   0.0000000000000000        0.0000000000000000        0.0000000000000000     
   110.00000000000000       0.96459694000000007       -3.5401048300000001E-002   0.0000000000000000        0.0000000000000000        0.0000000000000000     
   111.00000000000000       0.96506496000000008       -3.4935242200000001E-002   0.0000000000000000        0.0000000000000000        0.0000000000000000     
   112.00000000000000       0.96552634999999998       -3.4474492500000002E-002   0.0000000000000000        0.0000000000000000        0.0000000000000000     
   113.00000000000000       0.96597774000000003       -3.4020125200000001E-002   0.0000000000000000        0.0000000000000000        0.0000000000000000     
   114.00000000000000       0.96642913000000008       -3.3570713200000005E-002   0.0000000000000000        0.0000000000000000        0.0000000000000000     
   115.00000000000000       0.96687389000000001       -3.3127582500000002E-002   0.0000000000000000        0.0000000000000000        0.0000000000000000     
   116.00000000000000       0.96731202000000005       -3.2689373400000006E-002   0.0000000000000000        0.0000000000000000        0.0000000000000000     
   117.00000000000000       0.96774015000000013       -3.2256681500000002E-002   0.0000000000000000        0.0000000000000000        0.0000000000000000     
   118.00000000000001       0.96816828000000010       -3.1829506800000004E-002   0.0000000000000000        0.0000000000000000        0.0000000000000000     
   119.00000000000000       0.96858978000000007       -3.1407152600000002E-002   0.0000000000000000        0.0000000000000000        0.0000000000000000     
   120.00000000000000       0.96901128000000014       -3.0990214500000005E-002   0.0000000000000000        0.0000000000000000        0.0000000000000000     
   121.00000000000000       0.96942278000000015       -3.0578726200000000E-002   0.0000000000000000        0.0000000000000000        0.0000000000000000     
   122.00000000000001       0.96983102000000010       -3.0172586599999999E-002   0.0000000000000000        0.0000000000000000        0.0000000000000000     
   123.00000000000000       0.97022589000000004       -2.9771132700000001E-002   0.0000000000000000        0.0000000000000000        0.0000000000000000     
   124.00000000000000       0.97062413000000003       -2.9375027500000001E-002   0.0000000000000000        0.0000000000000000        0.0000000000000000     
   125.00000000000000       0.97101573999999991       -2.8983574300000002E-002   0.0000000000000000        0.0000000000000000        0.0000000000000000     
   126.00000000000001       0.97140398000000006       -2.8597402399999999E-002   0.0000000000000000        0.0000000000000000        0.0000000000000000     
   127.00000000000000       0.97178559000000009       -2.8216511800000000E-002   0.0000000000000000        0.0000000000000000        0.0000000000000000     
   128.00000000000000       0.97216057000000011       -2.7840172100000005E-002   0.0000000000000000        0.0000000000000000        0.0000000000000000     
   129.00000000000000       0.97252892000000002       -2.7468383300000000E-002   0.0000000000000000        0.0000000000000000        0.0000000000000000     
   130.00000000000000       0.97289727000000004       -2.7101145400000002E-002   0.0000000000000000        0.0000000000000000        0.0000000000000000     
   131.00000000000000       0.97326225000000011       -2.6739087700000001E-002   0.0000000000000000        0.0000000000000000        0.0000000000000000     
   132.00000000000000       0.97361734000000011       -2.6382210199999999E-002   0.0000000000000000        0.0000000000000000        0.0000000000000000     
   133.00000000000000       0.97396906000000016       -2.6029153200000002E-002   0.0000000000000000        0.0000000000000000        0.0000000000000000     
   134.00000000000000       0.97432078000000000       -2.5681209000000003E-002   0.0000000000000000        0.0000000000000000        0.0000000000000000     
   135.00000000000000       0.97465924000000004       -2.5337714600000002E-002   0.0000000000000000        0.0000000000000000        0.0000000000000000     
   136.00000000000000       0.97500433000000009       -2.4998669999999997E-002   0.0000000000000000        0.0000000000000000        0.0000000000000000     
   137.00000000000000       0.97533278999999995       -2.4664738200000001E-002   0.0000000000000000        0.0000000000000000        0.0000000000000000     
   138.00000000000000       0.97566462000000009       -2.4334525800000003E-002   0.0000000000000000        0.0000000000000000        0.0000000000000000     
   139.00000000000000       0.97599308000000007       -2.4008695800000000E-002   0.0000000000000000        0.0000000000000000        0.0000000000000000     
   140.00000000000000       0.97631164999999998       -2.3687944900000001E-002   0.0000000000000000        0.0000000000000000        0.0000000000000000     
   141.00000000000000       0.97662685000000005       -2.3370879700000000E-002   0.0000000000000000        0.0000000000000000        0.0000000000000000     
   142.00000000000000       0.97694205000000012       -2.3058859900000003E-002   0.0000000000000000        0.0000000000000000        0.0000000000000000     
   143.00000000000000       0.97725062000000007       -2.2750492099999998E-002   0.0000000000000000        0.0000000000000000        0.0000000000000000     
   144.00000000000000       0.97754918999999996       -2.2446506700000004E-002   0.0000000000000000        0.0000000000000000        0.0000000000000000     
   145.00000000000000       0.97785113000000012       -2.2146139600000000E-002   0.0000000000000000        0.0000000000000000        0.0000000000000000     
   146.00000000000000       0.97815306999999996       -2.1850784200000001E-002   0.0000000000000000        0.0000000000000000        0.0000000000000000     
   147.00000000000000       0.97843838000000005       -2.1559047100000003E-002   0.0000000000000000        0.0000000000000000        0.0000000000000000     
   148.00000000000000       0.97872705999999998       -2.1271625000000002E-002   0.0000000000000000        0.0000000000000000        0.0000000000000000     
   149.00000000000000       0.97901237000000019       -2.0987854900000002E-002   0.0000000000000000        0.0000000000000000        0.0000000000000000     
   150.00000000000000       0.97929105000000005       -2.0708332400000001E-002   0.0000000000000000        0.0000000000000000        0.0000000000000000     
   151.00000000000000       0.97956646999999997       -2.0433091200000003E-002   0.0000000000000000        0.0000000000000000        0.0000000000000000     
   152.00000000000000       0.97983851999999994       -2.0161434600000000E-002   0.0000000000000000        0.0000000000000000        0.0000000000000000     
   153.00000000000000       0.98011057000000013       -1.9893396300000001E-002   0.0000000000000000        0.0000000000000000        0.0000000000000000     
   154.00000000000000       0.98036936000000008       -1.9629571900000004E-002   0.0000000000000000        0.0000000000000000        0.0000000000000000     
   155.00000000000000       0.98063141000000009       -1.9369365800000000E-002   0.0000000000000000        0.0000000000000000        0.0000000000000000     
   156.00000000000000       0.98088357000000004       -1.9112710599999999E-002   0.0000000000000000        0.0000000000000000        0.0000000000000000     
   157.00000000000000       0.98114236000000010       -1.8860269300000003E-002   0.0000000000000000        0.0000000000000000        0.0000000000000000     
   158.00000000000000       0.98138451999999998       -1.8610749600000000E-002   0.0000000000000000        0.0000000000000000        0.0000000000000000     
   159.00000000000000       0.98163668000000004       -1.8365443799999999E-002   0.0000000000000000        0.0000000000000000        0.0000000000000000     
   160.00000000000000       0.98187221000000013       -1.8123655200000002E-002   0.0000000000000000        0.0000000000000000        0.0000000000000000     
   161.00000000000000       0.98211774000000007       -1.7884788199999998E-002   0.0000000000000000        0.0000000000000000        0.0000000000000000     
   162.00000000000000       0.98234664000000005       -1.7650067700000001E-002   0.0000000000000000        0.0000000000000000        0.0000000000000000     
   163.00000000000000       0.98258217000000014       -1.7418898100000000E-002   0.0000000000000000        0.0000000000000000        0.0000000000000000     
   164.00000000000000       0.98280781000000017       -1.7190582700000002E-002   0.0000000000000000        0.0000000000000000        0.0000000000000000     
   165.00000000000000       0.98303670999999992       -1.6966481200000001E-002   0.0000000000000000        0.0000000000000000        0.0000000000000000     
   166.00000000000000       0.98325235000000011       -1.6745200200000001E-002   0.0000000000000000        0.0000000000000000        0.0000000000000000     
   167.00000000000000       0.98347461999999997       -1.6526739700000005E-002   0.0000000000000000        0.0000000000000000        0.0000000000000000     
   168.00000000000000       0.98369026000000004       -1.6311796400000002E-002   0.0000000000000000        0.0000000000000000        0.0000000000000000     
   169.00000000000000       0.98389926999999999       -1.6100370300000000E-002   0.0000000000000000        0.0000000000000000        0.0000000000000000     
   170.00000000000000       0.98410828000000006       -1.5892427700000000E-002   0.0000000000000000        0.0000000000000000        0.0000000000000000     
   171.00000000000000       0.98431729000000001       -1.5687305600000000E-002   0.0000000000000000        0.0000000000000000        0.0000000000000000     
   172.00000000000000       0.98451630000000001       -1.5485037700000001E-002   0.0000000000000000        0.0000000000000000        0.0000000000000000     
   173.00000000000000       0.98471204999999995       -1.5286219600000001E-002   0.0000000000000000        0.0000000000000000        0.0000000000000000     
   174.00000000000000       0.98490780000000000       -1.5089558999999999E-002   0.0000000000000000        0.0000000000000000        0.0000000000000000     
   175.00000000000000       0.98510018000000010       -1.4897011199999999E-002   0.0000000000000000        0.0000000000000000        0.0000000000000000     
   176.00000000000000       0.98529592999999993       -1.4706654600000001E-002   0.0000000000000000        0.0000000000000000        0.0000000000000000     
   177.00000000000000       0.98548505000000008       -1.4519714100000001E-002   0.0000000000000000        0.0000000000000000        0.0000000000000000     
   178.00000000000000       0.98566417000000006       -1.4334964800000002E-002   0.0000000000000000        0.0000000000000000        0.0000000000000000     
   179.00000000000000       0.98584666000000021       -1.4153631600000001E-002   0.0000000000000000        0.0000000000000000        0.0000000000000000     
   180.00000000000000       0.98602578000000007       -1.3975085200000003E-002   0.0000000000000000        0.0000000000000000        0.0000000000000000     
   181.00000000000000       0.98619827000000004       -1.3798696300000000E-002   0.0000000000000000        0.0000000000000000        0.0000000000000000     
   182.00000000000000       0.98637412999999996       -1.3625757200000001E-002   0.0000000000000000        0.0000000000000000        0.0000000000000000     
   183.00000000000000       0.98654661999999993       -1.3454908200000002E-002   0.0000000000000000        0.0000000000000000        0.0000000000000000     
   184.00000000000000       0.98671248000000000       -1.3286879699999999E-002   0.0000000000000000        0.0000000000000000        0.0000000000000000     
   185.00000000000000       0.98687834000000008       -1.3121604300000001E-002   0.0000000000000000        0.0000000000000000        0.0000000000000000     
   186.00000000000000       0.98704094000000009       -1.2958419000000001E-002   0.0000000000000000        0.0000000000000000        0.0000000000000000     
   187.00000000000000       0.98720017000000004       -1.2798717200000000E-002   0.0000000000000000        0.0000000000000000        0.0000000000000000     
   188.00000000000000       0.98735940000000011       -1.2640442500000000E-002   0.0000000000000000        0.0000000000000000        0.0000000000000000     
   189.00000000000000       0.98751200000000006       -1.2484920899999998E-002   0.0000000000000000        0.0000000000000000        0.0000000000000000     
   190.00000000000000       0.98766460000000011       -1.2332152400000001E-002   0.0000000000000000        0.0000000000000000        0.0000000000000000     
   191.00000000000000       0.98781720000000006       -1.2181507699999998E-002   0.0000000000000000        0.0000000000000000        0.0000000000000000     
   192.00000000000000       0.98796980000000012       -1.2033616100000002E-002   0.0000000000000000        0.0000000000000000        0.0000000000000000     
   193.00000000000000       0.98811577000000006       -1.1887151600000001E-002   0.0000000000000000        0.0000000000000000        0.0000000000000000     
   194.00000000000000       0.98825511000000010       -1.1743440200000000E-002   0.0000000000000000        0.0000000000000000        0.0000000000000000     
   195.00000000000000       0.98840108000000004       -1.1602515600000000E-002   0.0000000000000000        0.0000000000000000        0.0000000000000000     
   196.00000000000000       0.98854042000000009       -1.1462984400000001E-002   0.0000000000000000        0.0000000000000000        0.0000000000000000     
   197.00000000000003       0.98866976000000006       -1.1325543300000001E-002   0.0000000000000000        0.0000000000000000        0.0000000000000000     
   198.00000000000000       0.98880910000000011       -1.1190855300000002E-002   0.0000000000000000        0.0000000000000000        0.0000000000000000     
   199.00000000000000       0.98894181000000014       -1.1058223700000000E-002   0.0000000000000000        0.0000000000000000        0.0000000000000000     
   200.00000000000000       0.98907452000000007       -1.0927052900000001E-002   0.0000000000000000        0.0000000000000000        0.0000000000000000     
   201.00000000000000       0.98919723000000004       -1.0798567799999999E-002   0.0000000000000000        0.0000000000000000        0.0000000000000000     
   202.00000000000000       0.98932993999999996       -1.0671543500000002E-002   0.0000000000000000        0.0000000000000000        0.0000000000000000     
   203.00000000000000       0.98945601999999999       -1.0546575600000000E-002   0.0000000000000000        0.0000000000000000        0.0000000000000000     
   204.00000000000000       0.98957209999999995       -1.0423697800000001E-002   0.0000000000000000        0.0000000000000000        0.0000000000000000     
   205.00000000000003       0.98969817999999998       -1.0302876399999999E-002   0.0000000000000000        0.0000000000000000        0.0000000000000000     
   206.00000000000000       0.98981763000000011       -1.0184111399999999E-002   0.0000000000000000        0.0000000000000000        0.0000000000000000     
   207.00000000000000       0.98993371000000008       -1.0066773500000001E-002   0.0000000000000000        0.0000000000000000        0.0000000000000000     
   208.00000000000000       0.99004653000000009       -9.9514920000000010E-003   0.0000000000000000        0.0000000000000000        0.0000000000000000     
   209.00000000000000       0.99016261000000005       -9.8376039000000019E-003   0.0000000000000000        0.0000000000000000        0.0000000000000000     
   210.00000000000003       0.99027543000000007       -9.7258059000000004E-003   0.0000000000000000        0.0000000000000000        0.0000000000000000     
   211.00000000000000       0.99038488000000013       -9.6154013000000014E-003   0.0000000000000000        0.0000000000000000        0.0000000000000000     
   212.00000000000000       0.99049107000000003       -9.5070194000000004E-003   0.0000000000000000        0.0000000000000000        0.0000000000000000     
   213.00000000000000       0.99060052000000010       -9.4000645999999990E-003   0.0000000000000000        0.0000000000000000        0.0000000000000000     
   214.00000000000000       0.99070671000000021       -9.2951661999999997E-003   0.0000000000000000        0.0000000000000000        0.0000000000000000     
   215.00000000000000       0.99080953000000005       -9.1916612000000012E-003   0.0000000000000000        0.0000000000000000        0.0000000000000000     
   216.00000000000000       0.99091235000000000       -9.0895496000000017E-003   0.0000000000000000        0.0000000000000000        0.0000000000000000     
   217.00000000000000       0.99101191000000011       -8.9888314000000011E-003   0.0000000000000000        0.0000000000000000        0.0000000000000000     
   218.00000000000003       0.99110810000000005       -8.8901696000000009E-003   0.0000000000000000        0.0000000000000000        0.0000000000000000     
   219.00000000000000       0.99120428999999999       -8.7928675000000008E-003   0.0000000000000000        0.0000000000000000        0.0000000000000000     
   220.00000000000000       0.99130385000000010       -8.6969925000000003E-003   0.0000000000000000        0.0000000000000000        0.0000000000000000     
   221.00000000000000       0.99140004000000004       -8.6024772000000017E-003   0.0000000000000000        0.0000000000000000        0.0000000000000000     
   222.00000000000000       0.99148960000000008       -8.5093553000000002E-003   0.0000000000000000        0.0000000000000000        0.0000000000000000     
   223.00000000000003       0.99158253000000007       -8.4176267999999995E-003   0.0000000000000000        0.0000000000000000        0.0000000000000000     
   224.00000000000000       0.99167209000000001       -8.3272579999999988E-003   0.0000000000000000        0.0000000000000000        0.0000000000000000     
   225.00000000000000       0.99176165000000005       -8.2389793000000010E-003   0.0000000000000000        0.0000000000000000        0.0000000000000000     
   226.00000000000000       0.99185121000000009       -8.1513636000000011E-003   0.0000000000000000        0.0000000000000000        0.0000000000000000     
   227.00000000000000       0.99193414000000002       -8.0651750000000008E-003   0.0000000000000000        0.0000000000000000        0.0000000000000000     
   228.00000000000000       0.99202044000000000       -7.9796831000000009E-003   0.0000000000000000        0.0000000000000000        0.0000000000000000     
   229.00000000000000       0.99210337000000015       -7.8962139000000008E-003   0.0000000000000000        0.0000000000000000        0.0000000000000000     
   230.00000000000000       0.99218630000000008       -7.8134750999999999E-003   0.0000000000000000        0.0000000000000000        0.0000000000000000     
   231.00000000000003       0.99226923000000000       -7.7327926999999994E-003   0.0000000000000000        0.0000000000000000        0.0000000000000000     
   232.00000000000000       0.99234553000000003       -7.6528070000000011E-003   0.0000000000000000        0.0000000000000000        0.0000000000000000     
   233.00000000000000       0.99242845999999996       -7.5735179999999996E-003   0.0000000000000000        0.0000000000000000        0.0000000000000000     
   234.00000000000000       0.99250476000000010       -7.4956224000000005E-003   0.0000000000000000        0.0000000000000000        0.0000000000000000     
   235.00000000000000       0.99258106000000002       -7.4190864999999998E-003   0.0000000000000000        0.0000000000000000        0.0000000000000000     
   236.00000000000003       0.99265736000000016       -7.3439440000000007E-003   0.0000000000000000        0.0000000000000000        0.0000000000000000     
   237.00000000000000       0.99272703000000018       -7.2694982000000002E-003   0.0000000000000000        0.0000000000000000        0.0000000000000000     
   238.00000000000000       0.99280333000000009       -7.1964121000000006E-003   0.0000000000000000        0.0000000000000000        0.0000000000000000     
   239.00000000000003       0.99287300000000012       -7.1240564000000011E-003   0.0000000000000000        0.0000000000000000        0.0000000000000000     
   240.00000000000000       0.99294267000000014       -7.0530604000000009E-003   0.0000000000000000        0.0000000000000000        0.0000000000000000     
   241.00000000000000       0.99301897000000006       -6.9826285000000009E-003   0.0000000000000000        0.0000000000000000        0.0000000000000000     
   242.00000000000000       0.99308200999999996       -6.9134237000000008E-003   0.0000000000000000        0.0000000000000000        0.0000000000000000     
   243.00000000000000       0.99315168000000009       -6.8452808000000007E-003   0.0000000000000000        0.0000000000000000        0.0000000000000000     
   244.00000000000003       0.99322135000000000       -6.7780660999999997E-003   0.0000000000000000        0.0000000000000000        0.0000000000000000     
   245.00000000000000       0.99328439000000013       -6.7117806999999995E-003   0.0000000000000000        0.0000000000000000        0.0000000000000000     
   246.00000000000000       0.99335406000000015       -6.6464908999999996E-003   0.0000000000000000        0.0000000000000000        0.0000000000000000     
   247.00000000000000       0.99341710000000005       -6.5820630000000008E-003   0.0000000000000000        0.0000000000000000        0.0000000000000000     
   248.00000000000000       0.99348013999999996       -6.5185307000000005E-003   0.0000000000000000        0.0000000000000000        0.0000000000000000     
   249.00000000000003       0.99354318000000008       -6.4559277000000009E-003   0.0000000000000000        0.0000000000000000        0.0000000000000000     
   250.00000000000000       0.99360622000000021       -6.3941203000000002E-003   0.0000000000000000        0.0000000000000000        0.0000000000000000     
   251.00000000000000       0.99366926000000000       -6.3332422000000003E-003   0.0000000000000000        0.0000000000000000        0.0000000000000000     
   252.00000000000003       0.99372567000000012       -6.2731934000000000E-003   0.0000000000000000        0.0000000000000000        0.0000000000000000     
   253.00000000000000       0.99378534000000007       -6.2138738999999998E-003   0.0000000000000000        0.0000000000000000        0.0000000000000000     
   254.00000000000000       0.99384175000000008       -6.1554836999999996E-003   0.0000000000000000        0.0000000000000000        0.0000000000000000     
   255.00000000000000       0.99390478999999998       -6.0978565000000002E-003   0.0000000000000000        0.0000000000000000        0.0000000000000000     
   256.00000000000000       0.99396119999999999       -6.0409923000000008E-003   0.0000000000000000        0.0000000000000000        0.0000000000000000     
   257.00000000000000       0.99401761000000000       -5.9848675100000002E-003   0.0000000000000000        0.0000000000000000        0.0000000000000000     
   258.00000000000000       0.99407402000000011       -5.9295192000000012E-003   0.0000000000000000        0.0000000000000000        0.0000000000000000     
   259.00000000000000       0.99412706000000006       -5.8749305200000001E-003   0.0000000000000000        0.0000000000000000        0.0000000000000000     
   260.00000000000000       0.99417684000000006       -5.8211014700000003E-003   0.0000000000000000        0.0000000000000000        0.0000000000000000     
   261.00000000000000       0.99423325000000007       -5.7678994499999999E-003   0.0000000000000000        0.0000000000000000        0.0000000000000000     
   262.00000000000000       0.99428303000000007       -5.7154570599999999E-003   0.0000000000000000        0.0000000000000000        0.0000000000000000     
   263.00000000000000       0.99433607000000002       -5.6637113699999995E-003   0.0000000000000000        0.0000000000000000        0.0000000000000000     
   264.00000000000000       0.99438585000000002       -5.6126522699999999E-003   0.0000000000000000        0.0000000000000000        0.0000000000000000     
   265.00000000000000       0.99443563000000001       -5.5622235700000001E-003   0.0000000000000000        0.0000000000000000        0.0000000000000000     
   266.00000000000000       0.99449204000000013       -5.5124185300000003E-003   0.0000000000000000        0.0000000000000000        0.0000000000000000     
   267.00000000000000       0.99453845000000007       -5.4633034500000000E-003   0.0000000000000000        0.0000000000000000        0.0000000000000000     
   268.00000000000000       0.99458160000000007       -5.4148783300000001E-003   0.0000000000000000        0.0000000000000000        0.0000000000000000     
   269.00000000000000       0.99463137999999995       -5.3670105700000005E-003   0.0000000000000000        0.0000000000000000        0.0000000000000000     
   270.00000000000000       0.99467779000000012       -5.3197698400000003E-003   0.0000000000000000        0.0000000000000000        0.0000000000000000     
   271.00000000000000       0.99472757000000012       -5.2730831000000001E-003   0.0000000000000000        0.0000000000000000        0.0000000000000000     
   272.00000000000000       0.99477072000000000       -5.2270166499999993E-003   0.0000000000000000        0.0000000000000000        0.0000000000000000     
   273.00000000000000       0.99482050000000011       -5.1815772299999997E-003   0.0000000000000000        0.0000000000000000        0.0000000000000000     
   274.00000000000000       0.99486028000000004       -5.1366255000000003E-003   0.0000000000000000        0.0000000000000000        0.0000000000000000     
   275.00000000000000       0.99491006000000004       -5.0922940600000004E-003   0.0000000000000000        0.0000000000000000        0.0000000000000000     
   276.00000000000000       0.99495321000000003       -5.0485166100000005E-003   0.0000000000000000        0.0000000000000000        0.0000000000000000     
   277.00000000000000       0.99499299000000008       -5.0052965200000007E-003   0.0000000000000000        0.0000000000000000        0.0000000000000000     
   278.00000000000000       0.99503614000000007       -4.9625641200000004E-003   0.0000000000000000        0.0000000000000000        0.0000000000000000     
   279.00000000000000       0.99507592000000011       -4.9203823400000004E-003   0.0000000000000000        0.0000000000000000        0.0000000000000000     
   280.00000000000000       0.99511907000000011       -4.8786916199999994E-003   0.0000000000000000        0.0000000000000000        0.0000000000000000     
   281.00000000000000       0.99516221999999999       -4.8375515200000004E-003   0.0000000000000000        0.0000000000000000        0.0000000000000000     
   282.00000000000000       0.99520200000000003       -4.7968328100000002E-003   0.0000000000000000        0.0000000000000000        0.0000000000000000     
   283.00000000000000       0.99524515000000013       -4.7566647199999996E-003   0.0000000000000000        0.0000000000000000        0.0000000000000000     
   284.00000000000000       0.99528167000000001       -4.7169843200000000E-003   0.0000000000000000        0.0000000000000000        0.0000000000000000     
   285.00000000000000       0.99532145000000005       -4.6777882399999995E-003   0.0000000000000000        0.0000000000000000        0.0000000000000000     
   286.00000000000000       0.99536460000000004       -4.6390135500000004E-003   0.0000000000000000        0.0000000000000000        0.0000000000000000     
   287.00000000000000       0.99539775000000008       -4.6007198099999999E-003   0.0000000000000000        0.0000000000000000        0.0000000000000000     
   288.00000000000000       0.99544089999999996       -4.5629137600000005E-003   0.0000000000000000        0.0000000000000000        0.0000000000000000     
   289.00000000000000       0.99547405000000011       -4.5255257300000004E-003   0.0000000000000000        0.0000000000000000        0.0000000000000000     
   290.00000000000000       0.99551056999999998       -4.4885557199999997E-003   0.0000000000000000        0.0000000000000000        0.0000000000000000     
   291.00000000000000       0.99554709000000008       -4.4520003599999997E-003   0.0000000000000000        0.0000000000000000        0.0000000000000000     
   292.00000000000000       0.99558687000000012       -4.4159326900000007E-003   0.0000000000000000        0.0000000000000000        0.0000000000000000     
   293.00000000000000       0.99562339000000000       -4.3802133700000002E-003   0.0000000000000000        0.0000000000000000        0.0000000000000000     
   294.00000000000000       0.99565653999999992       -4.3449750000000001E-003   0.0000000000000000        0.0000000000000000        0.0000000000000000     
   295.00000000000000       0.99569306000000002       -4.3100917200000009E-003   0.0000000000000000        0.0000000000000000        0.0000000000000000     
   296.00000000000000       0.99572621000000017       -4.2756197200000002E-003   0.0000000000000000        0.0000000000000000        0.0000000000000000     
   297.00000000000000       0.99575610000000014       -4.2414994400000001E-003   0.0000000000000000        0.0000000000000000        0.0000000000000000     
   298.00000000000000       0.99578925000000007       -4.2078634799999999E-003   0.0000000000000000        0.0000000000000000        0.0000000000000000     
   299.00000000000000       0.99582577000000005       -4.1745095700000002E-003   0.0000000000000000        0.0000000000000000        0.0000000000000000     
   300.00000000000000       0.99585892000000009       -4.1415669400000008E-003   0.0000000000000000        0.0000000000000000        0.0000000000000000     
   301.00000000000000       0.99588881000000007       -4.1089760300000002E-003   0.0000000000000000        0.0000000000000000        0.0000000000000000     
   302.00000000000000       0.99592196000000000       -4.0767997700000003E-003   0.0000000000000000        0.0000000000000000        0.0000000000000000     
   303.00000000000000       0.99595848000000009       -4.0449055600000000E-003   0.0000000000000000        0.0000000000000000        0.0000000000000000     
   304.00000000000000       0.99598500000000001       -4.0134260000000005E-003   0.0000000000000000        0.0000000000000000        0.0000000000000000     
   305.00000000000000       0.99602151999999999       -3.9822947900000003E-003   0.0000000000000000        0.0000000000000000        0.0000000000000000     
   306.00000000000000       0.99604804000000002       -3.9514422600000002E-003   0.0000000000000000        0.0000000000000000        0.0000000000000000     
   307.00000000000000       0.99607793000000011       -3.9209380799999994E-003   0.0000000000000000        0.0000000000000000        0.0000000000000000     
   308.00000000000000       0.99611108000000004       -3.8907822500000000E-003   0.0000000000000000        0.0000000000000000        0.0000000000000000     
   309.00000000000000       0.99614097000000013       -3.8609747700000005E-003   0.0000000000000000        0.0000000000000000        0.0000000000000000     
   310.00000000000000       0.99616749000000016       -3.8314459700000002E-003   0.0000000000000000        0.0000000000000000        0.0000000000000000     
   311.00000000000000       0.99619738000000013       -3.8022621500000001E-003   0.0000000000000000        0.0000000000000000        0.0000000000000000     
   312.00000000000000       0.99622390000000005       -3.7734266800000002E-003   0.0000000000000000        0.0000000000000000        0.0000000000000000     
   313.00000000000000       0.99625042000000008       -3.7448035899999999E-003   0.0000000000000000        0.0000000000000000        0.0000000000000000     
   314.00000000000000       0.99628694000000007       -3.7165288499999998E-003   0.0000000000000000        0.0000000000000000        0.0000000000000000     
   315.00000000000000       0.99631346000000010       -3.6885957200000000E-003   0.0000000000000000        0.0000000000000000        0.0000000000000000     
   316.00000000000000       0.99633672000000006       -3.6608783400000002E-003   0.0000000000000000        0.0000000000000000        0.0000000000000000     
   317.00000000000000       0.99636323999999998       -3.6335059400000001E-003   0.0000000000000000        0.0000000000000000        0.0000000000000000     
   318.00000000000000       0.99639312999999996       -3.6064155899999998E-003   0.0000000000000000        0.0000000000000000        0.0000000000000000     
   319.00000000000000       0.99641964999999999       -3.5796005500000000E-003   0.0000000000000000        0.0000000000000000        0.0000000000000000     
   320.00000000000000       0.99644617000000002       -3.5529978899999999E-003   0.0000000000000000        0.0000000000000000        0.0000000000000000     
   321.00000000000000       0.99647606000000011       -3.5267402100000000E-003   0.0000000000000000        0.0000000000000000        0.0000000000000000     
   322.00000000000000       0.99649595000000002       -3.5007612100000003E-003   0.0000000000000000        0.0000000000000000        0.0000000000000000     
   323.00000000000000       0.99652584000000011       -3.4749945899999997E-003   0.0000000000000000        0.0000000000000000        0.0000000000000000     
   324.00000000000000       0.99655236000000014       -3.4495066500000002E-003   0.0000000000000000        0.0000000000000000        0.0000000000000000     
   325.00000000000000       0.99657562000000000       -3.4242940200000004E-003   0.0000000000000000        0.0000000000000000        0.0000000000000000     
   326.00000000000000       0.99660214000000003       -3.3992937699999998E-003   0.0000000000000000        0.0000000000000000        0.0000000000000000     
   327.00000000000000       0.99662202999999994       -3.3745721999999998E-003   0.0000000000000000        0.0000000000000000        0.0000000000000000     
   328.00000000000000       0.99665192000000014       -3.3501259400000004E-003   0.0000000000000000        0.0000000000000000        0.0000000000000000     
   329.00000000000000       0.99667181000000005       -3.3258920600000002E-003   0.0000000000000000        0.0000000000000000        0.0000000000000000     
   330.00000000000000       0.99669833000000008       -3.3019334899999997E-003   0.0000000000000000        0.0000000000000000        0.0000000000000000     
   331.00000000000000       0.99672158999999994       -3.2781872999999998E-003   0.0000000000000000        0.0000000000000000        0.0000000000000000     
   332.00000000000000       0.99674148000000007       -3.2546534900000004E-003   0.0000000000000000        0.0000000000000000        0.0000000000000000     
   333.00000000000000       0.99677137000000005       -3.2313916200000002E-003   0.0000000000000000        0.0000000000000000        0.0000000000000000     
   334.00000000000000       0.99679125999999996       -3.2083421300000007E-003   0.0000000000000000        0.0000000000000000        0.0000000000000000     
   335.00000000000000       0.99681115000000009       -3.1855050199999999E-003   0.0000000000000000        0.0000000000000000        0.0000000000000000     
   336.00000000000000       0.99684104000000007       -3.1628769200000000E-003   0.0000000000000000        0.0000000000000000        0.0000000000000000     
   337.00000000000000       0.99686093000000009       -3.1405207600000004E-003   0.0000000000000000        0.0000000000000000        0.0000000000000000     
   338.00000000000000       0.99688082000000011       -3.1183140500000003E-003   0.0000000000000000        0.0000000000000000        0.0000000000000000     
   339.00000000000000       0.99690407999999997       -3.0963792800000000E-003   0.0000000000000000        0.0000000000000000        0.0000000000000000     
   340.00000000000000       0.99692396999999999       -3.0745872200000001E-003   0.0000000000000000        0.0000000000000000        0.0000000000000000     
   341.00000000000000       0.99694386000000002       -3.0530738400000000E-003   0.0000000000000000        0.0000000000000000        0.0000000000000000     
   342.00000000000000       0.99696712000000010       -3.0316998000000000E-003   0.0000000000000000        0.0000000000000000        0.0000000000000000     
   343.00000000000000       0.99698701000000012       -3.0106044400000000E-003   0.0000000000000000        0.0000000000000000        0.0000000000000000     
   344.00000000000000       0.99700690000000003       -2.9896484200000002E-003   0.0000000000000000        0.0000000000000000        0.0000000000000000     
   345.00000000000000       0.99703016000000000       -2.9689047800000004E-003   0.0000000000000000        0.0000000000000000        0.0000000000000000     
   346.00000000000000       0.99705005000000002       -2.9483667799999999E-003   0.0000000000000000        0.0000000000000000        0.0000000000000000     
   347.00000000000000       0.99706994000000004       -2.9280377900000004E-003   0.0000000000000000        0.0000000000000000        0.0000000000000000     
   348.00000000000000       0.99709320000000012       -2.9078515100000001E-003   0.0000000000000000        0.0000000000000000        0.0000000000000000     
   349.00000000000000       0.99711309000000004       -2.8878742399999998E-003   0.0000000000000000        0.0000000000000000        0.0000000000000000     
   350.00000000000000       0.99713298000000017       -2.8681059799999997E-003   0.0000000000000000        0.0000000000000000        0.0000000000000000     
   351.00000000000000       0.99714961000000002       -2.8484770600000005E-003   0.0000000000000000        0.0000000000000000        0.0000000000000000     
   352.00000000000000       0.99716950000000004       -2.8290571500000001E-003   0.0000000000000000        0.0000000000000000        0.0000000000000000     
   353.00000000000000       0.99718939000000006       -2.8097799500000002E-003   0.0000000000000000        0.0000000000000000        0.0000000000000000     
   354.00000000000000       0.99721265000000003       -2.7907083900000000E-003   0.0000000000000000        0.0000000000000000        0.0000000000000000     
   355.00000000000000       0.99722591000000005       -2.7717795400000007E-003   0.0000000000000000        0.0000000000000000        0.0000000000000000     
   356.00000000000000       0.99724580000000007       -2.7530597000000002E-003   0.0000000000000000        0.0000000000000000        0.0000000000000000     
   357.00000000000000       0.99726906000000004       -2.7344792000000002E-003   0.0000000000000000        0.0000000000000000        0.0000000000000000     
   358.00000000000000       0.99728232000000006       -2.7161077099999999E-003   0.0000000000000000        0.0000000000000000        0.0000000000000000     
   359.00000000000000       0.99730220999999997       -2.6978755600000001E-003   0.0000000000000000        0.0000000000000000        0.0000000000000000     
   360.00000000000000       0.99731546999999998       -2.6797861200000004E-003   0.0000000000000000        0.0000000000000000        0.0000000000000000     
   361.00000000000000       0.99733873000000006       -2.6619023200000003E-003   0.0000000000000000        0.0000000000000000        0.0000000000000000     
   362.00000000000000       0.99735861999999997       -2.6441612300000003E-003   0.0000000000000000        0.0000000000000000        0.0000000000000000     
   363.00000000000000       0.99737187999999999       -2.6265594800000003E-003   0.0000000000000000        0.0000000000000000        0.0000000000000000     
   364.00000000000000       0.99739514000000007       -2.6091633700000005E-003   0.0000000000000000        0.0000000000000000        0.0000000000000000     
   365.00000000000000       0.99740840000000008       -2.5918436700000003E-003   0.0000000000000000        0.0000000000000000        0.0000000000000000     
   366.00000000000000       0.99742165999999999       -2.5747296100000002E-003   0.0000000000000000        0.0000000000000000        0.0000000000000000     
   367.00000000000000       0.99744155000000012       -2.5577548900000001E-003   0.0000000000000000        0.0000000000000000        0.0000000000000000     
   368.00000000000000       0.99745817999999997       -2.5409228800000001E-003   0.0000000000000000        0.0000000000000000        0.0000000000000000     
   369.00000000000000       0.99747807000000011       -2.5242302099999997E-003   0.0000000000000000        0.0000000000000000        0.0000000000000000     
   370.00000000000000       0.99749133000000012       -2.5076768800000003E-003   0.0000000000000000        0.0000000000000000        0.0000000000000000     
   371.00000000000000       0.99750459000000014       -2.4913291900000001E-003   0.0000000000000000        0.0000000000000000        0.0000000000000000     
   372.00000000000000       0.99752785000000010       -2.4750545400000000E-003   0.0000000000000000        0.0000000000000000        0.0000000000000000     
   373.00000000000000       0.99754111000000001       -2.4589225999999999E-003   0.0000000000000000        0.0000000000000000        0.0000000000000000     
   374.00000000000000       0.99755437000000002       -2.4429266299999999E-003   0.0000000000000000        0.0000000000000000        0.0000000000000000     
   375.00000000000000       0.99757763000000010       -2.4270733700000003E-003   0.0000000000000000        0.0000000000000000        0.0000000000000000     
   376.00000000000000       0.99759089000000012       -2.4114257500000001E-003   0.0000000000000000        0.0000000000000000        0.0000000000000000     
   377.00000000000000       0.99760415000000013       -2.3958511700000002E-003   0.0000000000000000        0.0000000000000000        0.0000000000000000     
   378.00000000000000       0.99761741000000015       -2.3804159300000001E-003   0.0000000000000000        0.0000000000000000        0.0000000000000000     
   379.00000000000000       0.99763404000000011       -2.3650537299999999E-003   0.0000000000000000        0.0000000000000000        0.0000000000000000     
   380.00000000000000       0.99765393000000002       -2.3498971699999999E-003   0.0000000000000000        0.0000000000000000        0.0000000000000000     
   381.00000000000000       0.99766719000000004       -2.3348136500000003E-003   0.0000000000000000        0.0000000000000000        0.0000000000000000     
   382.00000000000000       0.99768045000000005       -2.3199357699999999E-003   0.0000000000000000        0.0000000000000000        0.0000000000000000     
   383.00000000000000       0.99769708000000001       -2.3051275600000001E-003   0.0000000000000000        0.0000000000000000        0.0000000000000000     
   384.00000000000000       0.99771034000000003       -2.2903957600000002E-003   0.0000000000000000        0.0000000000000000        0.0000000000000000     
   385.00000000000000       0.99772360000000004       -2.2758696000000000E-003   0.0000000000000000        0.0000000000000000        0.0000000000000000     
   386.00000000000000       0.99773686000000006       -2.2614131099999999E-003   0.0000000000000000        0.0000000000000000        0.0000000000000000     
   387.00000000000000       0.99775012000000007       -2.2470993300000002E-003   0.0000000000000000        0.0000000000000000        0.0000000000000000     
   388.00000000000000       0.99776675000000004       -2.2329215200000002E-003   0.0000000000000000        0.0000000000000000        0.0000000000000000     
   389.00000000000006       0.99778001000000005       -2.2188167499999998E-003   0.0000000000000000        0.0000000000000000        0.0000000000000000     
   390.00000000000000       0.99779327000000007       -2.2048479500000003E-003   0.0000000000000000        0.0000000000000000        0.0000000000000000     
   391.00000000000000       0.99780653000000008       -2.1909555600000000E-003   0.0000000000000000        0.0000000000000000        0.0000000000000000     
   392.00000000000000       0.99782316000000004       -2.1772654400000003E-003   0.0000000000000000        0.0000000000000000        0.0000000000000000     
   393.00000000000000       0.99783642000000006       -2.1635820600000005E-003   0.0000000000000000        0.0000000000000000        0.0000000000000000     
   394.00000000000006       0.99784968000000007       -2.1501043200000004E-003   0.0000000000000000        0.0000000000000000        0.0000000000000000     
   395.00000000000000       0.99786294000000009       -2.1366996200000003E-003   0.0000000000000000        0.0000000000000000        0.0000000000000000     
   396.00000000000000       0.99787957000000005       -2.1233645900000002E-003   0.0000000000000000        0.0000000000000000        0.0000000000000000     
   397.00000000000000       0.99789283000000006       -2.1101689000000002E-003   0.0000000000000000        0.0000000000000000        0.0000000000000000     
   398.00000000000000       0.99790609000000008       -2.0971091800000004E-003   0.0000000000000000        0.0000000000000000        0.0000000000000000     
   399.00000000000006       0.99791272000000009       -2.0841225000000001E-003   0.0000000000000000        0.0000000000000000        0.0000000000000000     
   400.00000000000000       0.99792598000000010       -2.0712088600000002E-003   0.0000000000000000        0.0000000000000000        0.0000000000000000     
   401.00000000000000       0.99794261000000006       -2.0584311900000000E-003   0.0000000000000000        0.0000000000000000        0.0000000000000000     
   402.00000000000000       0.99795587000000008       -2.0457265600000002E-003   0.0000000000000000        0.0000000000000000        0.0000000000000000     
   403.00000000000000       0.99796912999999998       -2.0331612700000001E-003   0.0000000000000000        0.0000000000000000        0.0000000000000000     
   404.00000000000000       0.99797575999999999       -2.0206656500000001E-003   0.0000000000000000        0.0000000000000000        0.0000000000000000     
   405.00000000000000       0.99798902000000000       -2.0083060000000001E-003   0.0000000000000000        0.0000000000000000        0.0000000000000000     
   406.00000000000000       0.99800565000000008       -1.9960193900000001E-003   0.0000000000000000        0.0000000000000000        0.0000000000000000     
   407.00000000000000       0.99801891000000009       -1.9838058200000001E-003   0.0000000000000000        0.0000000000000000        0.0000000000000000     
   408.00000000000000       0.99802554000000010       -1.9717282200000003E-003   0.0000000000000000        0.0000000000000000        0.0000000000000000     
   409.00000000000000       0.99803880000000000       -1.9597236600000000E-003   0.0000000000000000        0.0000000000000000        0.0000000000000000     
   410.00000000000006       0.99805206000000002       -1.9477887700000002E-003   0.0000000000000000        0.0000000000000000        0.0000000000000000     
   411.00000000000000       0.99806868999999998       -1.9359932200000000E-003   0.0000000000000000        0.0000000000000000        0.0000000000000000     
   412.00000000000000       0.99807532000000010       -1.9242639700000001E-003   0.0000000000000000        0.0000000000000000        0.0000000000000000     
   413.00000000000000       0.99808858000000000       -1.9126111300000002E-003   0.0000000000000000        0.0000000000000000        0.0000000000000000     
   414.00000000000000       0.99809521000000001       -1.9010942600000001E-003   0.0000000000000000        0.0000000000000000        0.0000000000000000     
   415.00000000000006       0.99810847000000003       -1.8896470599999999E-003   0.0000000000000000        0.0000000000000000        0.0000000000000000     
   416.00000000000000       0.99812510000000010       -1.8782729000000001E-003   0.0000000000000000        0.0000000000000000        0.0000000000000000     
   417.00000000000000       0.99813173000000011       -1.8669650400000002E-003   0.0000000000000000        0.0000000000000000        0.0000000000000000     
   418.00000000000000       0.99814499000000012       -1.8557998900000001E-003   0.0000000000000000        0.0000000000000000        0.0000000000000000     
   419.00000000000000       0.99815825000000002       -1.8446347400000000E-003   0.0000000000000000        0.0000000000000000        0.0000000000000000     
   420.00000000000006       0.99816488000000014       -1.8336089300000000E-003   0.0000000000000000        0.0000000000000000        0.0000000000000000     
   421.00000000000000       0.99817814000000016       -1.8226561600000002E-003   0.0000000000000000        0.0000000000000000        0.0000000000000000     
   422.00000000000000       0.99818814000000011       -1.8118359900000001E-003   0.0000000000000000        0.0000000000000000        0.0000000000000000     
   423.00000000000000       0.99820140000000013       -1.8010225600000001E-003   0.0000000000000000        0.0000000000000000        0.0000000000000000     
   424.00000000000000       0.99820803000000002       -1.7903484700000001E-003   0.0000000000000000        0.0000000000000000        0.0000000000000000     
   425.00000000000006       0.99822129000000004       -1.7797406800000000E-003   0.0000000000000000        0.0000000000000000        0.0000000000000000     
   426.00000000000000       0.99822792000000016       -1.7691396300000000E-003   0.0000000000000000        0.0000000000000000        0.0000000000000000     
   427.00000000000000       0.99824454999999990       -1.7586745500000000E-003   0.0000000000000000        0.0000000000000000        0.0000000000000000     
   428.00000000000000       0.99825118000000002       -1.7483454400000001E-003   0.0000000000000000        0.0000000000000000        0.0000000000000000     
   429.00000000000000       0.99826444000000003       -1.7380197000000002E-003   0.0000000000000000        0.0000000000000000        0.0000000000000000     
   430.00000000000000       0.99827106999999993       -1.7277670000000003E-003   0.0000000000000000        0.0000000000000000        0.0000000000000000     
   431.00000000000006       0.99828432999999994       -1.7175839700000000E-003   0.0000000000000000        0.0000000000000000        0.0000000000000000     
   432.00000000000000       0.99829096000000006       -1.7075369100000000E-003   0.0000000000000000        0.0000000000000000        0.0000000000000000     
   433.00000000000000       0.99830096000000013       -1.6974932200000000E-003   0.0000000000000000        0.0000000000000000        0.0000000000000000     
   434.00000000000000       0.99831422000000014       -1.6875888700000001E-003   0.0000000000000000        0.0000000000000000        0.0000000000000000     
   435.00000000000000       0.99832085000000004       -1.6777508200000002E-003   0.0000000000000000        0.0000000000000000        0.0000000000000000     
   436.00000000000006       0.99833411000000005       -1.6679195100000000E-003   0.0000000000000000        0.0000000000000000        0.0000000000000000     
   437.00000000000000       0.99834074000000017       -1.6582241700000002E-003   0.0000000000000000        0.0000000000000000        0.0000000000000000     
   438.00000000000000       0.99834737000000007       -1.6485321999999999E-003   0.0000000000000000        0.0000000000000000        0.0000000000000000     
   439.00000000000000       0.99836400000000003       -1.6389762000000000E-003   0.0000000000000000        0.0000000000000000        0.0000000000000000     
   440.00000000000000       0.99837063000000015       -1.6294898700000000E-003   0.0000000000000000        0.0000000000000000        0.0000000000000000     
   441.00000000000006       0.99837726000000004       -1.6200069100000001E-003   0.0000000000000000        0.0000000000000000        0.0000000000000000     
   442.00000000000000       0.99839052000000006       -1.6106599200000002E-003   0.0000000000000000        0.0000000000000000        0.0000000000000000     
   443.00000000000000       0.99839714999999996       -1.6013196700000001E-003   0.0000000000000000        0.0000000000000000        0.0000000000000000     
   444.00000000000000       0.99840378000000007       -1.5921120200000000E-003   0.0000000000000000        0.0000000000000000        0.0000000000000000     
   445.00000000000000       0.99841704000000009       -1.5829111100000000E-003   0.0000000000000000        0.0000000000000000        0.0000000000000000     
   446.00000000000006       0.99842704000000015       -1.5737765000000000E-003   0.0000000000000000        0.0000000000000000        0.0000000000000000     
   447.00000000000000       0.99843367000000005       -1.5647812300000003E-003   0.0000000000000000        0.0000000000000000        0.0000000000000000     
   448.00000000000000       0.99844693000000007       -1.5557893299999999E-003   0.0000000000000000        0.0000000000000000        0.0000000000000000     
   449.00000000000000       0.99845356000000018       -1.5468637300000002E-003   0.0000000000000000        0.0000000000000000        0.0000000000000000     
   450.00000000000000       0.99846019000000008       -1.5380111700000001E-003   0.0000000000000000        0.0000000000000000        0.0000000000000000     
   451.00000000000006       0.99846681999999998       -1.5292282800000001E-003   0.0000000000000000        0.0000000000000000        0.0000000000000000     
   452.00000000000000       0.99848344999999994       -1.5204487600000002E-003   0.0000000000000000        0.0000000000000000        0.0000000000000000     
   453.00000000000000       0.99849008000000006       -1.5118018400000000E-003   0.0000000000000000        0.0000000000000000        0.0000000000000000     
   454.00000000000000       0.99849670999999995       -1.5031616600000002E-003   0.0000000000000000        0.0000000000000000        0.0000000000000000     
   455.00000000000000       0.99850334000000007       -1.4946540800000001E-003   0.0000000000000000        0.0000000000000000        0.0000000000000000     
   456.00000000000000       0.99851660000000009       -1.4861532399999999E-003   0.0000000000000000        0.0000000000000000        0.0000000000000000     
   457.00000000000006       0.99852322999999998       -1.4777220700000000E-003   0.0000000000000000        0.0000000000000000        0.0000000000000000     
   458.00000000000000       0.99852986000000010       -1.4693572000000002E-003   0.0000000000000000        0.0000000000000000        0.0000000000000000     
   459.00000000000000       0.99853986000000017       -1.4610620000000000E-003   0.0000000000000000        0.0000000000000000        0.0000000000000000     
   460.00000000000000       0.99854649000000006       -1.4527735400000001E-003   0.0000000000000000        0.0000000000000000        0.0000000000000000     
   461.00000000000000       0.99855311999999996       -1.4445513800000003E-003   0.0000000000000000        0.0000000000000000        0.0000000000000000     
   462.00000000000006       0.99856637999999998       -1.4363988900000001E-003   0.0000000000000000        0.0000000000000000        0.0000000000000000     
   463.00000000000000       0.99857301000000009       -1.4283160699999999E-003   0.0000000000000000        0.0000000000000000        0.0000000000000000     
   464.00000000000000       0.99857963999999999       -1.4203029200000000E-003   0.0000000000000000        0.0000000000000000        0.0000000000000000     
   465.00000000000000       0.99858627000000011       -1.4123594399999997E-003   0.0000000000000000        0.0000000000000000        0.0000000000000000     
   466.00000000000000       0.99859290000000001       -1.4044159600000001E-003   0.0000000000000000        0.0000000000000000        0.0000000000000000     
   467.00000000000006       0.99860290000000007       -1.3965455200000000E-003   0.0000000000000000        0.0000000000000000        0.0000000000000000     
   468.00000000000000       0.99860952999999997       -1.3887413800000000E-003   0.0000000000000000        0.0000000000000000        0.0000000000000000     
   469.00000000000000       0.99862278999999998       -1.3809439799999999E-003   0.0000000000000000        0.0000000000000000        0.0000000000000000     
   470.00000000000000       0.99862942000000010       -1.3732128799999999E-003   0.0000000000000000        0.0000000000000000        0.0000000000000000     
   471.00000000000000       0.99863605000000000       -1.3655514499999999E-003   0.0000000000000000        0.0000000000000000        0.0000000000000000     
   472.00000000000006       0.99864268000000012       -1.3579596900000002E-003   0.0000000000000000        0.0000000000000000        0.0000000000000000     
   473.00000000000000       0.99864931000000001       -1.3504342300000001E-003   0.0000000000000000        0.0000000000000000        0.0000000000000000     
   474.00000000000000       0.99865594000000013       -1.3429155100000000E-003   0.0000000000000000        0.0000000000000000        0.0000000000000000     
   475.00000000000000       0.99866594000000009       -1.3354630899999999E-003   0.0000000000000000        0.0000000000000000        0.0000000000000000     
   476.00000000000000       0.99867256999999998       -1.3280803400000001E-003   0.0000000000000000        0.0000000000000000        0.0000000000000000     
   477.00000000000006       0.99867920000000010       -1.3207009600000002E-003   0.0000000000000000        0.0000000000000000        0.0000000000000000     
   478.00000000000006       0.99868583000000000       -1.3133912500000000E-003   0.0000000000000000        0.0000000000000000        0.0000000000000000     
   479.00000000000000       0.99869246000000012       -1.3061478400000002E-003   0.0000000000000000        0.0000000000000000        0.0000000000000000     
   480.00000000000000       0.99869909000000001       -1.2989078000000002E-003   0.0000000000000000        0.0000000000000000        0.0000000000000000     
   481.00000000000000       0.99870572000000002       -1.2917374300000001E-003   0.0000000000000000        0.0000000000000000        0.0000000000000000     
   482.00000000000000       0.99871235000000003       -1.2846367300000001E-003   0.0000000000000000        0.0000000000000000        0.0000000000000000     
   483.00000000000006       0.99872234999999998       -1.2775360300000000E-003   0.0000000000000000        0.0000000000000000        0.0000000000000000     
   484.00000000000000       0.99872898000000010       -1.2705746700000002E-003   0.0000000000000000        0.0000000000000000        0.0000000000000000     
   485.00000000000000       0.99873561000000000       -1.2635470100000000E-003   0.0000000000000000        0.0000000000000000        0.0000000000000000     
   486.00000000000000       0.99874224000000011       -1.2566553200000002E-003   0.0000000000000000        0.0000000000000000        0.0000000000000000     
   487.00000000000000       0.99874887000000001       -1.2497636300000000E-003   0.0000000000000000        0.0000000000000000        0.0000000000000000     
   488.00000000000006       0.99875550000000013       -1.2428753100000001E-003   0.0000000000000000        0.0000000000000000        0.0000000000000000     
   489.00000000000000       0.99876213000000003       -1.2361229600000002E-003   0.0000000000000000        0.0000000000000000        0.0000000000000000     
   490.00000000000000       0.99876876000000014       -1.2293739800000002E-003   0.0000000000000000        0.0000000000000000        0.0000000000000000     
   491.00000000000000       0.99877875999999999       -1.2226250000000000E-003   0.0000000000000000        0.0000000000000000        0.0000000000000000     
   492.00000000000000       0.99878539000000011       -1.2160119900000001E-003   0.0000000000000000        0.0000000000000000        0.0000000000000000     
   493.00000000000006       0.99879202000000000       -1.2093360500000001E-003   0.0000000000000000        0.0000000000000000        0.0000000000000000     
   494.00000000000000       0.99879865000000012       -1.2027960800000002E-003   0.0000000000000000        0.0000000000000000        0.0000000000000000     
   495.00000000000000       0.99880528000000002       -1.1962561099999999E-003   0.0000000000000000        0.0000000000000000        0.0000000000000000     
   496.00000000000000       0.99881191000000014       -1.1897858100000001E-003   0.0000000000000000        0.0000000000000000        0.0000000000000000     
   497.00000000000000       0.99881854000000003       -1.1833155100000000E-003   0.0000000000000000        0.0000000000000000        0.0000000000000000     
   498.00000000000006       0.99882517000000004       -1.1769148800000000E-003   0.0000000000000000        0.0000000000000000        0.0000000000000000     
   499.00000000000000       0.99882517000000004       -1.1705176200000002E-003   0.0000000000000000        0.0000000000000000        0.0000000000000000     
   500.00000000000000       0.99883516999999999       -1.1641900300000002E-003   0.0000000000000000        0.0000000000000000        0.0000000000000000     
   501.00000000000000       0.99884180000000011       -1.1578624400000001E-003   0.0000000000000000        0.0000000000000000        0.0000000000000000     
   502.00000000000000       0.99884843000000001       -1.1516708200000002E-003   0.0000000000000000        0.0000000000000000        0.0000000000000000     
   503.00000000000006       0.99885506000000013       -1.1454129000000000E-003   0.0000000000000000        0.0000000000000000        0.0000000000000000     
   504.00000000000006       0.99886169000000002       -1.1392909499999999E-003   0.0000000000000000        0.0000000000000000        0.0000000000000000     
   505.00000000000000       0.99886832000000014       -1.1331060700000000E-003   0.0000000000000000        0.0000000000000000        0.0000000000000000     
   506.00000000000000       0.99887495000000004       -1.1270571600000001E-003   0.0000000000000000        0.0000000000000000        0.0000000000000000     
   507.00000000000000       0.99887495000000004       -1.1210082500000000E-003   0.0000000000000000        0.0000000000000000        0.0000000000000000     
   508.00000000000000       0.99888158000000016       -1.1149593400000002E-003   0.0000000000000000        0.0000000000000000        0.0000000000000000     
   509.00000000000006       0.99888821000000005       -1.1089834700000001E-003   0.0000000000000000        0.0000000000000000        0.0000000000000000     
   510.00000000000000       0.99889821000000001       -1.1030705300000001E-003   0.0000000000000000        0.0000000000000000        0.0000000000000000     
   511.00000000000000       0.99890484000000002       -1.0971643300000001E-003   0.0000000000000000        0.0000000000000000        0.0000000000000000     
   512.00000000000000       0.99891147000000002       -1.0912581300000002E-003   0.0000000000000000        0.0000000000000000        0.0000000000000000     
   513.00000000000000       0.99891810000000003       -1.0854216000000002E-003   0.0000000000000000        0.0000000000000000        0.0000000000000000     
   514.00000000000000       0.99891810000000003       -1.0796513700000001E-003   0.0000000000000000        0.0000000000000000        0.0000000000000000     
   515.00000000000000       0.99892473000000004       -1.0738845100000001E-003   0.0000000000000000        0.0000000000000000        0.0000000000000000     
   516.00000000000000       0.99893136000000005       -1.0681839500000002E-003   0.0000000000000000        0.0000000000000000        0.0000000000000000     
   517.00000000000000       0.99893799000000005       -1.0624867600000001E-003   0.0000000000000000        0.0000000000000000        0.0000000000000000     
   518.00000000000000       0.99894462000000006       -1.0567929400000001E-003   0.0000000000000000        0.0000000000000000        0.0000000000000000     
   519.00000000000000       0.99894462000000006       -1.0512317200000001E-003   0.0000000000000000        0.0000000000000000        0.0000000000000000     
   520.00000000000000       0.99895462000000013       -1.0456075699999999E-003   0.0000000000000000        0.0000000000000000        0.0000000000000000     
   521.00000000000000       0.99896125000000002       -1.0400497200000001E-003   0.0000000000000000        0.0000000000000000        0.0000000000000000     
   522.00000000000000       0.99896788000000014       -1.0345615400000000E-003   0.0000000000000000        0.0000000000000000        0.0000000000000000     
   523.00000000000000       0.99897451000000004       -1.0290733600000000E-003   0.0000000000000000        0.0000000000000000        0.0000000000000000     
   524.00000000000000       0.99897451000000004       -1.0236548500000000E-003   0.0000000000000000        0.0000000000000000        0.0000000000000000     
   525.00000000000000       0.99898113999999993       -1.0182397100000002E-003   0.0000000000000000        0.0000000000000000        0.0000000000000000     
   526.00000000000000       0.99898777000000005       -1.0128245700000000E-003   0.0000000000000000        0.0000000000000000        0.0000000000000000     
   527.00000000000000       0.99899439999999995       -1.0074757300000000E-003   0.0000000000000000        0.0000000000000000        0.0000000000000000     
   528.00000000000000       0.99899439999999995       -1.0021965600000003E-003   0.0000000000000000        0.0000000000000000        0.0000000000000000     
   529.00000000000000       0.99900103000000007       -9.9692075999999988E-004   0.0000000000000000        0.0000000000000000        0.0000000000000000     
   530.00000000000000       0.99900765999999996       -9.9164496000000014E-004   0.0000000000000000        0.0000000000000000        0.0000000000000000     
   531.00000000000000       0.99901766000000003       -9.8643883000000001E-004   0.0000000000000000        0.0000000000000000        0.0000000000000000     
   532.00000000000000       0.99901766000000003       -9.8123270000000009E-004   0.0000000000000000        0.0000000000000000        0.0000000000000000     
   533.00000000000000       0.99902429000000004       -9.7609624000000021E-004   0.0000000000000000        0.0000000000000000        0.0000000000000000     
   534.00000000000000       0.99903092000000004       -9.7095978000000011E-004   0.0000000000000000        0.0000000000000000        0.0000000000000000     
   535.00000000000000       0.99903755000000005       -9.6582669000000009E-004   0.0000000000000000        0.0000000000000000        0.0000000000000000     
   536.00000000000000       0.99903755000000005       -9.6075990000000003E-004   0.0000000000000000        0.0000000000000000        0.0000000000000000     
   537.00000000000000       0.99904418000000006       -9.5576278000000011E-004   0.0000000000000000        0.0000000000000000        0.0000000000000000     
   538.00000000000000       0.99905081000000007       -9.5076566000000008E-004   0.0000000000000000        0.0000000000000000        0.0000000000000000     
   539.00000000000000       0.99905081000000007       -9.4577191000000003E-004   0.0000000000000000        0.0000000000000000        0.0000000000000000     
   540.00000000000000       0.99905744000000007       -9.4084445999999993E-004   0.0000000000000000        0.0000000000000000        0.0000000000000000     
   541.00000000000000       0.99906407000000008       -9.3591701000000005E-004   0.0000000000000000        0.0000000000000000        0.0000000000000000     
   542.00000000000000       0.99906744000000014       -9.3099630000000012E-004   0.0000000000000000        0.0000000000000000        0.0000000000000000     
   543.00000000000000       0.99907407000000004       -9.2613852000000005E-004   0.0000000000000000        0.0000000000000000        0.0000000000000000     
   544.00000000000000       0.99908070000000015       -9.2135041000000002E-004   0.0000000000000000        0.0000000000000000        0.0000000000000000     
   545.00000000000000       0.99908733000000005       -9.1656567000000019E-004   0.0000000000000000        0.0000000000000000        0.0000000000000000     
   546.00000000000000       0.99908733000000005       -9.1178093000000003E-004   0.0000000000000000        0.0000000000000000        0.0000000000000000     
   547.00000000000000       0.99909396000000017       -9.0699619000000008E-004   0.0000000000000000        0.0000000000000000        0.0000000000000000     
   548.00000000000000       0.99910059000000007       -9.0228112000000017E-004   0.0000000000000000        0.0000000000000000        0.0000000000000000     
   549.00000000000000       0.99910059000000007       -8.9763572000000008E-004   0.0000000000000000        0.0000000000000000        0.0000000000000000     
   550.00000000000000       0.99910722000000018       -8.9299032000000000E-004   0.0000000000000000        0.0000000000000000        0.0000000000000000     
