   1.0000000000000000        1.5592512000000001E-002 -0.98440714000000007        0.0000000000000000        0.0000000000000000        0.0000000000000000     
   2.0000000000000000       0.15946967000000001      -0.84053033000000010        0.0000000000000000        0.0000000000000000        0.0000000000000000     
   3.0000000000000000       0.31522663000000001      -0.68477337000000005        0.0000000000000000        0.0000000000000000        0.0000000000000000     
   4.0000000000000000       0.43251054000000000      -0.56748946000000000        0.0000000000000000        0.0000000000000000        0.0000000000000000     
   5.0000000000000000       0.51833045000000011      -0.48166955000000006        0.0000000000000000        0.0000000000000000        0.0000000000000000     
   6.0000000000000000       0.58244922000000010      -0.41755078000000001        0.0000000000000000        0.0000000000000000        0.0000000000000000     
   7.0000000000000000       0.63193065999999998      -0.36806934000000002        0.0000000000000000        0.0000000000000000        0.0000000000000000     
   8.0000000000000000       0.67105968000000005      -0.32894032000000001        0.0000000000000000        0.0000000000000000        0.0000000000000000     
   9.0000000000000000       0.70271693999999996      -0.29728305999999999        0.0000000000000000        0.0000000000000000        0.0000000000000000     
   10.000000000000000       0.72881951000000000      -0.27118049000000000        0.0000000000000000        0.0000000000000000        0.0000000000000000     
   11.000000000000000       0.75070109000000018      -0.24929891000000004        0.0000000000000000        0.0000000000000000        0.0000000000000000     
   12.000000000000000       0.76929190000000003      -0.23070810000000003        0.0000000000000000        0.0000000000000000        0.0000000000000000     
   13.000000000000000       0.78527216000000011      -0.21472784000000000        0.0000000000000000        0.0000000000000000        0.0000000000000000     
   14.000000000000000       0.79916849999999995      -0.20083150000000000        0.0000000000000000        0.0000000000000000        0.0000000000000000     
   15.000000000000000       0.81136103000000004      -0.18863897000000002        0.0000000000000000        0.0000000000000000        0.0000000000000000     
   16.000000000000000       0.82213660000000011      -0.17786340000000000        0.0000000000000000        0.0000000000000000        0.0000000000000000     
   17.000000000000000       0.83174184000000007      -0.16825816000000002        0.0000000000000000        0.0000000000000000        0.0000000000000000     
   18.000000000000000       0.84034349000000008      -0.15965651000000000        0.0000000000000000        0.0000000000000000        0.0000000000000000     
   19.000000000000000       0.84809829000000003      -0.15190171000000002        0.0000000000000000        0.0000000000000000        0.0000000000000000     
   20.000000000000000       0.85512950000000010      -0.14487049999999999        0.0000000000000000        0.0000000000000000        0.0000000000000000     
   21.000000000000000       0.86152723000000009      -0.13847277000000000        0.0000000000000000        0.0000000000000000        0.0000000000000000     
   22.000000000000000       0.86738148000000004      -0.13261885700000001        0.0000000000000000        0.0000000000000000        0.0000000000000000     
   23.000000000000000       0.87275888000000001      -0.12724078300000002        0.0000000000000000        0.0000000000000000        0.0000000000000000     
   24.000000000000000       0.87770954000000001      -0.12229079700000001        0.0000000000000000        0.0000000000000000        0.0000000000000000     
   25.000000000000000       0.88228672000000008      -0.11771294300000000        0.0000000000000000        0.0000000000000000        0.0000000000000000     
   26.000000000000000       0.88653379000000010      -0.11346519900000002        0.0000000000000000        0.0000000000000000        0.0000000000000000     
   27.000000000000000       0.89048411999999999      -0.10951588000000000        0.0000000000000000        0.0000000000000000        0.0000000000000000     
   28.000000000000000       0.89417097000000001      -0.10582768200000001        0.0000000000000000        0.0000000000000000        0.0000000000000000     
   29.000000000000000       0.89761445000000006      -0.10238453900000001        0.0000000000000000        0.0000000000000000        0.0000000000000000     
   30.000000000000000       0.90084782000000008       -9.9151843000000017E-002   0.0000000000000000        0.0000000000000000        0.0000000000000000     
   31.000000000000000       0.90387781999999994       -9.6122517000000005E-002   0.0000000000000000        0.0000000000000000        0.0000000000000000     
   32.000000000000000       0.90673771000000003       -9.3263638000000010E-002   0.0000000000000000        0.0000000000000000        0.0000000000000000     
   33.000000000000000       0.90943086000000006       -9.0570151000000015E-002   0.0000000000000000        0.0000000000000000        0.0000000000000000     
   34.000000000000000       0.91197064000000005       -8.8030033999999993E-002   0.0000000000000000        0.0000000000000000        0.0000000000000000     
   35.000000000000000       0.91438031000000008       -8.5619016000000006E-002   0.0000000000000000        0.0000000000000000        0.0000000000000000     
   36.000000000000000       0.91666661000000005       -8.3334063999999999E-002   0.0000000000000000        0.0000000000000000        0.0000000000000000     
   37.000000000000000       0.91883617000000006       -8.1166819000000001E-002   0.0000000000000000        0.0000000000000000        0.0000000000000000     
   38.000000000000000       0.92089235999999997       -7.9104640000000004E-002   0.0000000000000000        0.0000000000000000        0.0000000000000000     
   39.000000000000000       0.92286181000000000       -7.7141179000000004E-002   0.0000000000000000        0.0000000000000000        0.0000000000000000     
   40.000000000000000       0.92472789000000000       -7.5268109999999999E-002   0.0000000000000000        0.0000000000000000        0.0000000000000000     
   41.000000000000000       0.92651723000000008       -7.3480758999999993E-002   0.0000000000000000        0.0000000000000000        0.0000000000000000     
   42.000000000000000       0.92822657000000008       -7.1771789000000003E-002   0.0000000000000000        0.0000000000000000        0.0000000000000000     
   43.000000000000000       0.92986579999999996       -7.0135536999999998E-002   0.0000000000000000        0.0000000000000000        0.0000000000000000     
   44.000000000000000       0.93143166000000011       -6.8568328999999997E-002   0.0000000000000000        0.0000000000000000        0.0000000000000000     
   45.000000000000000       0.93293415000000013       -6.7065501999999999E-002   0.0000000000000000        0.0000000000000000        0.0000000000000000     
   46.000000000000000       0.93437664000000009       -6.5621718999999995E-002   0.0000000000000000        0.0000000000000000        0.0000000000000000     
   47.000000000000000       0.93576901999999995       -6.4234643000000008E-002   0.0000000000000000        0.0000000000000000        0.0000000000000000     
   48.000000000000000       0.93710139999999997       -6.2900274000000006E-002   0.0000000000000000        0.0000000000000000        0.0000000000000000     
   49.000000000000000       0.93838704000000006       -6.1615612000000007E-002   0.0000000000000000        0.0000000000000000        0.0000000000000000     
   50.000000000000000       0.93962268000000004       -6.0377320000000005E-002   0.0000000000000000        0.0000000000000000        0.0000000000000000     
   51.000000000000000       0.94081495000000004       -5.9183397999999998E-002   0.0000000000000000        0.0000000000000000        0.0000000000000000     
   52.000000000000000       0.94197048000000005       -5.8030509000000001E-002   0.0000000000000000        0.0000000000000000        0.0000000000000000     
   53.000000000000000       0.94308601000000003       -5.6916990000000001E-002   0.0000000000000000        0.0000000000000000        0.0000000000000000     
   54.000000000000000       0.94415817000000013       -5.5840167000000010E-002   0.0000000000000000        0.0000000000000000        0.0000000000000000     
   55.000000000000000       0.94519696000000009       -5.4798377000000002E-002   0.0000000000000000        0.0000000000000000        0.0000000000000000     
   56.000000000000000       0.94621237999999996       -5.3789946000000012E-002   0.0000000000000000        0.0000000000000000        0.0000000000000000     
   57.000000000000000       0.94718780000000002       -5.2812874000000003E-002   0.0000000000000000        0.0000000000000000        0.0000000000000000     
   58.000000000000000       0.94813648000000006       -5.1865497999999996E-002   0.0000000000000000        0.0000000000000000        0.0000000000000000     
   59.000000000000007       0.94905516000000012       -5.0946143999999999E-002   0.0000000000000000        0.0000000000000000        0.0000000000000000     
   60.000000000000000       0.94994383999999998       -5.0054148999999999E-002   0.0000000000000000        0.0000000000000000        0.0000000000000000     
   61.000000000000007       0.95080914999999999       -4.9187176000000006E-002   0.0000000000000000        0.0000000000000000        0.0000000000000000     
   62.000000000000000       0.95165446000000009       -4.8344225000000005E-002   0.0000000000000000        0.0000000000000000        0.0000000000000000     
   63.000000000000007       0.95247302999999994       -4.7524959000000006E-002   0.0000000000000000        0.0000000000000000        0.0000000000000000     
   64.000000000000000       0.95327497000000005       -4.6727704000000009E-002   0.0000000000000000        0.0000000000000000        0.0000000000000000     
   65.000000000000000       0.95405017000000014       -4.5951471000000001E-002   0.0000000000000000        0.0000000000000000        0.0000000000000000     
   66.000000000000000       0.95480874000000004       -4.5194923000000005E-002   0.0000000000000000        0.0000000000000000        0.0000000000000000     
   67.000000000000000       0.95554394000000009       -4.4458048999999999E-002   0.0000000000000000        0.0000000000000000        0.0000000000000000     
   68.000000000000000       0.95625914000000001       -4.3739523000000002E-002   0.0000000000000000        0.0000000000000000        0.0000000000000000     
   69.000000000000000       0.95696097000000013       -4.3038344999999999E-002   0.0000000000000000        0.0000000000000000        0.0000000000000000     
   70.000000000000000       0.95764617000000007       -4.2353178000000005E-002   0.0000000000000000        0.0000000000000000        0.0000000000000000     
   71.000000000000000       0.95831463000000006       -4.1684684999999999E-002   0.0000000000000000        0.0000000000000000        0.0000000000000000     
   72.000000000000000       0.95896646000000008       -4.1031866000000000E-002   0.0000000000000000        0.0000000000000000        0.0000000000000000     
   73.000000000000000       0.95960829000000003       -4.0393058000000003E-002   0.0000000000000000        0.0000000000000000        0.0000000000000000     
   74.000000000000000       0.96022675000000002       -3.9768587000000001E-002   0.0000000000000000        0.0000000000000000        0.0000000000000000     
   75.000000000000000       0.96084521000000001       -3.9157789999999998E-002   0.0000000000000000        0.0000000000000000        0.0000000000000000     
   76.000000000000000       0.96144367000000008       -3.8560329999999997E-002   0.0000000000000000        0.0000000000000000        0.0000000000000000     
   77.000000000000000       0.96202213000000003       -3.7974870000000008E-002   0.0000000000000000        0.0000000000000000        0.0000000000000000     
   78.000000000000000       0.96260059000000009       -3.7401747000000006E-002   0.0000000000000000        0.0000000000000000        0.0000000000000000     
   79.000000000000000       0.96315905000000002       -3.6840129500000006E-002   0.0000000000000000        0.0000000000000000        0.0000000000000000     
   80.000000000000000       0.96370751000000010       -3.6290141300000002E-002   0.0000000000000000        0.0000000000000000        0.0000000000000000     
   81.000000000000000       0.96425260000000013       -3.5750389000000000E-002   0.0000000000000000        0.0000000000000000        0.0000000000000000     
   82.000000000000000       0.96478106000000008       -3.5221434500000003E-002   0.0000000000000000        0.0000000000000000        0.0000000000000000     
   83.000000000000000       0.96529951999999997       -3.4702378899999997E-002   0.0000000000000000        0.0000000000000000        0.0000000000000000     
   84.000000000000000       0.96580798000000012       -3.4192424400000004E-002   0.0000000000000000        0.0000000000000000        0.0000000000000000     
   85.000000000000000       0.96630644000000010       -3.3692762199999997E-002   0.0000000000000000        0.0000000000000000        0.0000000000000000     
   86.000000000000000       0.96679490000000001       -3.3201897800000005E-002   0.0000000000000000        0.0000000000000000        0.0000000000000000     
   87.000000000000000       0.96728336000000004       -3.2719033400000000E-002   0.0000000000000000        0.0000000000000000        0.0000000000000000     
   88.000000000000000       0.96775518999999999       -3.2245393900000002E-002   0.0000000000000000        0.0000000000000000        0.0000000000000000     
   89.000000000000000       0.96822365000000010       -3.1780181500000004E-002   0.0000000000000000        0.0000000000000000        0.0000000000000000     
   90.000000000000000       0.96867548000000003       -3.1322632099999997E-002   0.0000000000000000        0.0000000000000000        0.0000000000000000     
   91.000000000000000       0.96912730999999996       -3.0872610900000000E-002   0.0000000000000000        0.0000000000000000        0.0000000000000000     
   92.000000000000000       0.96956914000000005       -3.0430679800000002E-002   0.0000000000000000        0.0000000000000000        0.0000000000000000     
   93.000000000000000       0.97000096999999996       -2.9996074700000000E-002   0.0000000000000000        0.0000000000000000        0.0000000000000000     
   94.000000000000000       0.97043280000000010       -2.9568065200000007E-002   0.0000000000000000        0.0000000000000000        0.0000000000000000     
   95.000000000000000       0.97085463000000005       -2.9147246900000000E-002   0.0000000000000000        0.0000000000000000        0.0000000000000000     
   96.000000000000000       0.97126983000000000       -2.8733451300000001E-002   0.0000000000000000        0.0000000000000000        0.0000000000000000     
   97.000000000000000       0.97167503000000000       -2.8326015400000001E-002   0.0000000000000000        0.0000000000000000        0.0000000000000000     
   98.000000000000000       0.97207360000000009       -2.7924838100000002E-002   0.0000000000000000        0.0000000000000000        0.0000000000000000     
   99.000000000000000       0.97246880000000013       -2.7529818300000002E-002   0.0000000000000000        0.0000000000000000        0.0000000000000000     
   100.00000000000000       0.97285737000000005       -2.7141585300000000E-002   0.0000000000000000        0.0000000000000000        0.0000000000000000     
   101.00000000000000       0.97323931000000008       -2.6758779399999998E-002   0.0000000000000000        0.0000000000000000        0.0000000000000000     
   102.00000000000000       0.97361788000000005       -2.6381928799999999E-002   0.0000000000000000        0.0000000000000000        0.0000000000000000     
   103.00000000000000       0.97398981999999990       -2.6010999800000000E-002   0.0000000000000000        0.0000000000000000        0.0000000000000000     
   104.00000000000000       0.97435176000000012       -2.5645329400000003E-002   0.0000000000000000        0.0000000000000000        0.0000000000000000     
   105.00000000000001       0.97471370000000013       -2.5285445800000004E-002   0.0000000000000000        0.0000000000000000        0.0000000000000000     
   106.00000000000000       0.97506564000000007       -2.4931349000000002E-002   0.0000000000000000        0.0000000000000000        0.0000000000000000     
   107.00000000000000       0.97542095000000006       -2.4581679299999999E-002   0.0000000000000000        0.0000000000000000        0.0000000000000000     
   108.00000000000000       0.97576626000000000       -2.4237661600000002E-002   0.0000000000000000        0.0000000000000000        0.0000000000000000     
   109.00000000000001       0.97610493999999992       -2.3898632900000005E-002   0.0000000000000000        0.0000000000000000        0.0000000000000000     
   110.00000000000000       0.97643362000000011       -2.3564559499999999E-002   0.0000000000000000        0.0000000000000000        0.0000000000000000     
   111.00000000000000       0.97676230000000008       -2.3235374000000000E-002   0.0000000000000000        0.0000000000000000        0.0000000000000000     
   112.00000000000000       0.97709098000000005       -2.2911076400000001E-002   0.0000000000000000        0.0000000000000000        0.0000000000000000     
   113.00000000000000       0.97741303000000013       -2.2590902599999997E-002   0.0000000000000000        0.0000000000000000        0.0000000000000000     
   114.00000000000000       0.97772507999999991       -2.2276212300000004E-002   0.0000000000000000        0.0000000000000000        0.0000000000000000     
   115.00000000000000       0.97803713000000014       -2.1965645799999999E-002   0.0000000000000000        0.0000000000000000        0.0000000000000000     
   116.00000000000000       0.97834255000000003       -2.1659135700000002E-002   0.0000000000000000        0.0000000000000000        0.0000000000000000     
   117.00000000000000       0.97864134000000003       -2.1357974300000002E-002   0.0000000000000000        0.0000000000000000        0.0000000000000000     
   118.00000000000001       0.97893676000000007       -2.1060869300000000E-002   0.0000000000000000        0.0000000000000000        0.0000000000000000     
   119.00000000000000       0.97923554999999995       -2.0767719600000002E-002   0.0000000000000000        0.0000000000000000        0.0000000000000000     
   120.00000000000000       0.97952433999999999       -2.0478558899999999E-002   0.0000000000000000        0.0000000000000000        0.0000000000000000     
   121.00000000000000       0.97980650000000002       -2.0193982799999999E-002   0.0000000000000000        0.0000000000000000        0.0000000000000000     
   122.00000000000001       0.98008529000000011       -1.9913362000000000E-002   0.0000000000000000        0.0000000000000000        0.0000000000000000     
   123.00000000000000       0.98036082000000002       -1.9637292100000002E-002   0.0000000000000000        0.0000000000000000        0.0000000000000000     
   124.00000000000000       0.98063298000000010       -1.9364413399999999E-002   0.0000000000000000        0.0000000000000000        0.0000000000000000     
   125.00000000000000       0.98090851000000012       -1.9096085600000003E-002   0.0000000000000000        0.0000000000000000        0.0000000000000000     
   126.00000000000001       0.98116740999999996       -1.8830949000000000E-002   0.0000000000000000        0.0000000000000000        0.0000000000000000     
   127.00000000000000       0.98143294000000014       -1.8570262200000000E-002   0.0000000000000000        0.0000000000000000        0.0000000000000000     
   128.00000000000000       0.98168847000000015       -1.8313395900000001E-002   0.0000000000000000        0.0000000000000000        0.0000000000000000     
   129.00000000000000       0.98194074000000020       -1.8059653400000000E-002   0.0000000000000000        0.0000000000000000        0.0000000000000000     
   130.00000000000000       0.98219301000000003       -1.7809697700000002E-002   0.0000000000000000        0.0000000000000000        0.0000000000000000     
   131.00000000000000       0.98243528000000013       -1.7563495100000003E-002   0.0000000000000000        0.0000000000000000        0.0000000000000000     
   132.00000000000000       0.98267755000000012       -1.7321045600000001E-002   0.0000000000000000        0.0000000000000000        0.0000000000000000     
   133.00000000000000       0.98291982000000000       -1.7081652499999999E-002   0.0000000000000000        0.0000000000000000        0.0000000000000000     
   134.00000000000000       0.98315546000000009       -1.6845978800000001E-002   0.0000000000000000        0.0000000000000000        0.0000000000000000     
   135.00000000000000       0.98338446999999996       -1.6613990799999999E-002   0.0000000000000000        0.0000000000000000        0.0000000000000000     
   136.00000000000000       0.98361348000000004       -1.6385059200000000E-002   0.0000000000000000        0.0000000000000000        0.0000000000000000     
   137.00000000000000       0.98384249000000012       -1.6159813299999999E-002   0.0000000000000000        0.0000000000000000        0.0000000000000000     
   138.00000000000000       0.98406150000000003       -1.5937556400000000E-002   0.0000000000000000        0.0000000000000000        0.0000000000000000     
   139.00000000000000       0.98428388000000000       -1.5718322200000003E-002   0.0000000000000000        0.0000000000000000        0.0000000000000000     
   140.00000000000000       0.98449626000000001       -1.5502706300000000E-002   0.0000000000000000        0.0000000000000000        0.0000000000000000     
   141.00000000000000       0.98470864000000002       -1.5290079400000002E-002   0.0000000000000000        0.0000000000000000        0.0000000000000000     
   142.00000000000000       0.98491776000000009       -1.5081070800000001E-002   0.0000000000000000        0.0000000000000000        0.0000000000000000     
   143.00000000000000       0.98512350999999998       -1.4874388200000000E-002   0.0000000000000000        0.0000000000000000        0.0000000000000000     
   144.00000000000000       0.98532925999999998       -1.4671290200000001E-002   0.0000000000000000        0.0000000000000000        0.0000000000000000     
   145.00000000000000       0.98552838000000009       -1.4471147500000002E-002   0.0000000000000000        0.0000000000000000        0.0000000000000000     
   146.00000000000000       0.98572412999999992       -1.4273926399999999E-002   0.0000000000000000        0.0000000000000000        0.0000000000000000     
   147.00000000000000       0.98592325000000014       -1.4079626900000001E-002   0.0000000000000000        0.0000000000000000        0.0000000000000000     
   148.00000000000000       0.98611574000000002       -1.3888215300000001E-002   0.0000000000000000        0.0000000000000000        0.0000000000000000     
   149.00000000000000       0.98629823000000005       -1.3699759000000001E-002   0.0000000000000000        0.0000000000000000        0.0000000000000000     
   150.00000000000000       0.98648409000000004       -1.3513527600000000E-002   0.0000000000000000        0.0000000000000000        0.0000000000000000     
   151.00000000000000       0.98666658000000007       -1.3330847100000001E-002   0.0000000000000000        0.0000000000000000        0.0000000000000000     
   152.00000000000000       0.98685244000000005       -1.3150391500000001E-002   0.0000000000000000        0.0000000000000000        0.0000000000000000     
   153.00000000000000       0.98702829999999997       -1.2973486800000000E-002   0.0000000000000000        0.0000000000000000        0.0000000000000000     
   154.00000000000000       0.98719752999999999       -1.2798110300000002E-002   0.0000000000000000        0.0000000000000000        0.0000000000000000     
   155.00000000000000       0.98737339000000013       -1.2626284700000002E-002   0.0000000000000000        0.0000000000000000        0.0000000000000000     
   156.00000000000000       0.98754599000000010       -1.2456684000000001E-002   0.0000000000000000        0.0000000000000000        0.0000000000000000     
   157.00000000000000       0.98770859000000011       -1.2289903800000000E-002   0.0000000000000000        0.0000000000000000        0.0000000000000000     
   158.00000000000000       0.98787782000000002       -1.2125314800000000E-002   0.0000000000000000        0.0000000000000000        0.0000000000000000     
   159.00000000000000       0.98804041999999992       -1.1963580000000000E-002   0.0000000000000000        0.0000000000000000        0.0000000000000000     
   160.00000000000000       0.98819301999999998       -1.1804036399999999E-002   0.0000000000000000        0.0000000000000000        0.0000000000000000     
   161.00000000000000       0.98834898999999998       -1.1647313299999998E-002   0.0000000000000000        0.0000000000000000        0.0000000000000000     
   162.00000000000000       0.98850495999999999       -1.1492781400000001E-002   0.0000000000000000        0.0000000000000000        0.0000000000000000     
   163.00000000000000       0.98866092999999999       -1.1340407000000000E-002   0.0000000000000000        0.0000000000000000        0.0000000000000000     
   164.00000000000000       0.98880690000000004       -1.1190819400000000E-002   0.0000000000000000        0.0000000000000000        0.0000000000000000     
   165.00000000000000       0.98895624000000004       -1.1043423000000000E-002   0.0000000000000000        0.0000000000000000        0.0000000000000000     
   166.00000000000000       0.98910557999999993       -1.0898184100000001E-002   0.0000000000000000        0.0000000000000000        0.0000000000000000     
   167.00000000000000       0.98924491999999997       -1.0755069000000001E-002   0.0000000000000000        0.0000000000000000        0.0000000000000000     
   168.00000000000000       0.98938763000000007       -1.0614111400000001E-002   0.0000000000000000        0.0000000000000000        0.0000000000000000     
   169.00000000000000       0.98952697000000012       -1.0475974300000000E-002   0.0000000000000000        0.0000000000000000        0.0000000000000000     
   170.00000000000000       0.98966305000000010       -1.0339298000000000E-002   0.0000000000000000        0.0000000000000000        0.0000000000000000     
   171.00000000000000       0.98979576000000002       -1.0204745499999999E-002   0.0000000000000000        0.0000000000000000        0.0000000000000000     
   172.00000000000000       0.98992847000000017       -1.0072979800000001E-002   0.0000000000000000        0.0000000000000000        0.0000000000000000     
   173.00000000000000       0.99005454999999998       -9.9427086000000008E-003   0.0000000000000000        0.0000000000000000        0.0000000000000000     
   174.00000000000000       0.99018400000000006       -9.8145275000000014E-003   0.0000000000000000        0.0000000000000000        0.0000000000000000     
   175.00000000000000       0.99031008000000009       -9.6884702000000003E-003   0.0000000000000000        0.0000000000000000        0.0000000000000000     
   176.00000000000000       0.99043616000000001       -9.5645704000000015E-003   0.0000000000000000        0.0000000000000000        0.0000000000000000     
   177.00000000000000       0.99055561000000014       -9.4420640000000000E-003   0.0000000000000000        0.0000000000000000        0.0000000000000000     
   178.00000000000000       0.99067506000000005       -9.3223781000000006E-003   0.0000000000000000        0.0000000000000000        0.0000000000000000     
   179.00000000000000       0.99079451000000018       -9.2034562999999993E-003   0.0000000000000000        0.0000000000000000        0.0000000000000000     
   180.00000000000000       0.99091396000000009       -9.0872876000000005E-003   0.0000000000000000        0.0000000000000000        0.0000000000000000     
   181.00000000000000       0.99102678000000011       -8.9725797000000003E-003   0.0000000000000000        0.0000000000000000        0.0000000000000000     
   182.00000000000000       0.99113960000000012       -8.8599619000000011E-003   0.0000000000000000        0.0000000000000000        0.0000000000000000     
   183.00000000000000       0.99125242000000013       -8.7487712000000016E-003   0.0000000000000000        0.0000000000000000        0.0000000000000000     
   184.00000000000000       0.99135861000000003       -8.6397043000000003E-003   0.0000000000000000        0.0000000000000000        0.0000000000000000     
   185.00000000000000       0.99147143000000004       -8.5320645000000004E-003   0.0000000000000000        0.0000000000000000        0.0000000000000000     
   186.00000000000000       0.99157762000000016       -8.4258180999999994E-003   0.0000000000000000        0.0000000000000000        0.0000000000000000     
   187.00000000000000       0.99168044000000011       -8.3216955000000020E-003   0.0000000000000000        0.0000000000000000        0.0000000000000000     
   188.00000000000000       0.99178000000000011       -8.2189663000000017E-003   0.0000000000000000        0.0000000000000000        0.0000000000000000     
   189.00000000000000       0.99187956000000010       -8.1183272000000008E-003   0.0000000000000000        0.0000000000000000        0.0000000000000000     
   190.00000000000000       0.99198575000000000       -8.0184859000000004E-003   0.0000000000000000        0.0000000000000000        0.0000000000000000     
   191.00000000000000       0.99207531000000004       -7.9206672999999998E-003   0.0000000000000000        0.0000000000000000        0.0000000000000000     
   192.00000000000000       0.99217487000000004       -7.8249725000000010E-003   0.0000000000000000        0.0000000000000000        0.0000000000000000     
   193.00000000000000       0.99227105999999998       -7.7300080999999996E-003   0.0000000000000000        0.0000000000000000        0.0000000000000000     
   194.00000000000000       0.99236399000000008       -7.6364370999999999E-003   0.0000000000000000        0.0000000000000000        0.0000000000000000     
   195.00000000000000       0.99245691999999996       -7.5449562000000003E-003   0.0000000000000000        0.0000000000000000        0.0000000000000000     
   196.00000000000000       0.99254648000000012       -7.4549024000000004E-003   0.0000000000000000        0.0000000000000000        0.0000000000000000     
   197.00000000000003       0.99263278000000010       -7.3655789999999997E-003   0.0000000000000000        0.0000000000000000        0.0000000000000000     
   198.00000000000000       0.99272234000000004       -7.2783120000000012E-003   0.0000000000000000        0.0000000000000000        0.0000000000000000     
   199.00000000000000       0.99280864000000002       -7.1918091000000009E-003   0.0000000000000000        0.0000000000000000        0.0000000000000000     
   200.00000000000000       0.99289157000000017       -7.1073289000000003E-003   0.0000000000000000        0.0000000000000000        0.0000000000000000     
   201.00000000000000       0.99297787000000004       -7.0237453999999998E-003   0.0000000000000000        0.0000000000000000        0.0000000000000000     
   202.00000000000000       0.99306080000000008       -6.9416215999999996E-003   0.0000000000000000        0.0000000000000000        0.0000000000000000     
   203.00000000000000       0.99313709999999999       -6.8607260000000002E-003   0.0000000000000000        0.0000000000000000        0.0000000000000000     
   204.00000000000000       0.99321677000000008       -6.7811238000000012E-003   0.0000000000000000        0.0000000000000000        0.0000000000000000     
   205.00000000000003       0.99329970000000001       -6.7027824000000010E-003   0.0000000000000000        0.0000000000000000        0.0000000000000000     
   206.00000000000000       0.99337600000000004       -6.6256355000000001E-003   0.0000000000000000        0.0000000000000000        0.0000000000000000     
   207.00000000000000       0.99344904000000001       -6.5497168000000000E-003   0.0000000000000000        0.0000000000000000        0.0000000000000000     
   208.00000000000000       0.99352534000000015       -6.4749589000000001E-003   0.0000000000000000        0.0000000000000000        0.0000000000000000     
   209.00000000000000       0.99359501000000017       -6.4013955000000004E-003   0.0000000000000000        0.0000000000000000        0.0000000000000000     
   210.00000000000003       0.99367468000000003       -6.3288940000000007E-003   0.0000000000000000        0.0000000000000000        0.0000000000000000     
   211.00000000000000       0.99374435000000005       -6.2575533000000004E-003   0.0000000000000000        0.0000000000000000        0.0000000000000000     
   212.00000000000000       0.99381402000000008       -6.1873745000000004E-003   0.0000000000000000        0.0000000000000000        0.0000000000000000     
   213.00000000000000       0.99388368999999999       -6.1182239000000006E-003   0.0000000000000000        0.0000000000000000        0.0000000000000000     
   214.00000000000000       0.99394673000000000       -6.0501352000000008E-003   0.0000000000000000        0.0000000000000000        0.0000000000000000     
   215.00000000000000       0.99401976999999997       -5.9830747000000004E-003   0.0000000000000000        0.0000000000000000        0.0000000000000000     
   216.00000000000000       0.99408281000000009       -5.9170760999999999E-003   0.0000000000000000        0.0000000000000000        0.0000000000000000     
   217.00000000000000       0.99414585000000022       -5.8520731000000006E-003   0.0000000000000000        0.0000000000000000        0.0000000000000000     
   218.00000000000003       0.99421552000000002       -5.7880657000000000E-003   0.0000000000000000        0.0000000000000000        0.0000000000000000     
   219.00000000000000       0.99427193000000003       -5.7249864999999994E-003   0.0000000000000000        0.0000000000000000        0.0000000000000000     
   220.00000000000000       0.99433497000000015       -5.6629366000000006E-003   0.0000000000000000        0.0000000000000000        0.0000000000000000     
   221.00000000000000       0.99439801000000005       -5.6018485999999998E-003   0.0000000000000000        0.0000000000000000        0.0000000000000000     
   222.00000000000000       0.99445442000000006       -5.5415899000000003E-003   0.0000000000000000        0.0000000000000000        0.0000000000000000     
   223.00000000000003       0.99451746000000008       -5.4823268000000003E-003   0.0000000000000000        0.0000000000000000        0.0000000000000000     
   224.00000000000000       0.99457386999999997       -5.4238929999999999E-003   0.0000000000000000        0.0000000000000000        0.0000000000000000     
   225.00000000000000       0.99463028000000009       -5.3663885000000003E-003   0.0000000000000000        0.0000000000000000        0.0000000000000000     
   226.00000000000000       0.99468668999999998       -5.3097133000000012E-003   0.0000000000000000        0.0000000000000000        0.0000000000000000     
   227.00000000000000       0.99474309999999999       -5.2538673999999999E-003   0.0000000000000000        0.0000000000000000        0.0000000000000000     
   228.00000000000000       0.99479951000000000       -5.1988507999999999E-003   0.0000000000000000        0.0000000000000000        0.0000000000000000     
   229.00000000000000       0.99485592000000012       -5.1446309000000006E-003   0.0000000000000000        0.0000000000000000        0.0000000000000000     
   230.00000000000000       0.99490570000000011       -5.0912740000000007E-003   0.0000000000000000        0.0000000000000000        0.0000000000000000     
   231.00000000000003       0.99496211000000001       -5.0387126999999997E-003   0.0000000000000000        0.0000000000000000        0.0000000000000000     
   232.00000000000000       0.99501189000000001       -4.9868818000000006E-003   0.0000000000000000        0.0000000000000000        0.0000000000000000     
   233.00000000000000       0.99506167000000012       -4.9357801999999999E-003   0.0000000000000000        0.0000000000000000        0.0000000000000000     
   234.00000000000000       0.99511808000000013       -4.8854752999999999E-003   0.0000000000000000        0.0000000000000000        0.0000000000000000     
   235.00000000000000       0.99516786000000013       -4.8359008000000000E-003   0.0000000000000000        0.0000000000000000        0.0000000000000000     
   236.00000000000003       0.99521101000000001       -4.7869859300000003E-003   0.0000000000000000        0.0000000000000000        0.0000000000000000     
   237.00000000000000       0.99525741999999995       -4.7388509100000000E-003   0.0000000000000000        0.0000000000000000        0.0000000000000000     
   238.00000000000000       0.99530720000000006       -4.6914159599999996E-003   0.0000000000000000        0.0000000000000000        0.0000000000000000     
   239.00000000000003       0.99535698000000006       -4.6446147800000004E-003   0.0000000000000000        0.0000000000000000        0.0000000000000000     
   240.00000000000000       0.99540013000000016       -4.5984473699999997E-003   0.0000000000000000        0.0000000000000000        0.0000000000000000     
   241.00000000000000       0.99544991000000005       -4.5530429599999998E-003   0.0000000000000000        0.0000000000000000        0.0000000000000000     
   242.00000000000000       0.99549306000000004       -4.5082060200000006E-003   0.0000000000000000        0.0000000000000000        0.0000000000000000     
   243.00000000000000       0.99553284000000009       -4.4639961100000000E-003   0.0000000000000000        0.0000000000000000        0.0000000000000000     
   244.00000000000003       0.99557599000000008       -4.4204862700000002E-003   0.0000000000000000        0.0000000000000000        0.0000000000000000     
   245.00000000000000       0.99561914000000007       -4.3775371600000001E-003   0.0000000000000000        0.0000000000000000        0.0000000000000000     
   246.00000000000000       0.99566229000000006       -4.3351521499999995E-003   0.0000000000000000        0.0000000000000000        0.0000000000000000     
   247.00000000000000       0.99570544000000005       -4.2933975400000005E-003   0.0000000000000000        0.0000000000000000        0.0000000000000000     
   248.00000000000000       0.99574522000000010       -4.2522699600000000E-003   0.0000000000000000        0.0000000000000000        0.0000000000000000     
   249.00000000000003       0.99578837000000009       -4.2116368100000006E-003   0.0000000000000000        0.0000000000000000        0.0000000000000000     
   250.00000000000000       0.99583152000000008       -4.1716306900000007E-003   0.0000000000000000        0.0000000000000000        0.0000000000000000     
   251.00000000000000       0.99586804000000007       -4.1321190000000001E-003   0.0000000000000000        0.0000000000000000        0.0000000000000000     
   252.00000000000003       0.99590782000000000       -4.0931646700000006E-003   0.0000000000000000        0.0000000000000000        0.0000000000000000     
   253.00000000000000       0.99594434000000009       -4.0547047700000005E-003   0.0000000000000000        0.0000000000000000        0.0000000000000000     
   254.00000000000000       0.99598749000000009       -4.0168056000000002E-003   0.0000000000000000        0.0000000000000000        0.0000000000000000     
   255.00000000000000       0.99602064000000012       -3.9793974900000006E-003   0.0000000000000000        0.0000000000000000        0.0000000000000000     
   256.00000000000000       0.99605716000000011       -3.9425467400000004E-003   0.0000000000000000        0.0000000000000000        0.0000000000000000     
   257.00000000000000       0.99609368000000009       -3.9061241200000004E-003   0.0000000000000000        0.0000000000000000        0.0000000000000000     
   258.00000000000000       0.99612683000000013       -3.8702554900000002E-003   0.0000000000000000        0.0000000000000000        0.0000000000000000     
   259.00000000000000       0.99616335000000000       -3.8348116199999997E-003   0.0000000000000000        0.0000000000000000        0.0000000000000000     
   260.00000000000000       0.99619987000000010       -3.7998554400000004E-003   0.0000000000000000        0.0000000000000000        0.0000000000000000     
   261.00000000000000       0.99623302000000002       -3.7653273899999999E-003   0.0000000000000000        0.0000000000000000        0.0000000000000000     
   262.00000000000000       0.99626954000000012       -3.7312836600000001E-003   0.0000000000000000        0.0000000000000000        0.0000000000000000     
   263.00000000000000       0.99630606000000010       -3.6976646900000005E-003   0.0000000000000000        0.0000000000000000        0.0000000000000000     
   264.00000000000000       0.99633258000000013       -3.6645367799999998E-003   0.0000000000000000        0.0000000000000000        0.0000000000000000     
   265.00000000000000       0.99636910000000012       -3.6317605899999997E-003   0.0000000000000000        0.0000000000000000        0.0000000000000000     
   266.00000000000000       0.99640225000000004       -3.5994720900000003E-003   0.0000000000000000        0.0000000000000000        0.0000000000000000     
   267.00000000000000       0.99643214000000002       -3.5675420500000002E-003   0.0000000000000000        0.0000000000000000        0.0000000000000000     
   268.00000000000000       0.99646203000000000       -3.5360300300000002E-003   0.0000000000000000        0.0000000000000000        0.0000000000000000     
   269.00000000000000       0.99649518000000015       -3.5049394000000000E-003   0.0000000000000000        0.0000000000000000        0.0000000000000000     
   270.00000000000000       0.99652507000000012       -3.4742667900000000E-003   0.0000000000000000        0.0000000000000000        0.0000000000000000     
   271.00000000000000       0.99655158999999993       -3.4439492699999998E-003   0.0000000000000000        0.0000000000000000        0.0000000000000000     
   272.00000000000000       0.99658811000000003       -3.4139834700000005E-003   0.0000000000000000        0.0000000000000000        0.0000000000000000     
   273.00000000000000       0.99661800000000000       -3.3844390600000001E-003   0.0000000000000000        0.0000000000000000        0.0000000000000000     
   274.00000000000000       0.99664452000000003       -3.3552463700000004E-003   0.0000000000000000        0.0000000000000000        0.0000000000000000     
   275.00000000000000       0.99667441000000001       -3.3264717000000004E-003   0.0000000000000000        0.0000000000000000        0.0000000000000000     
   276.00000000000000       0.99670093000000004       -3.2979824500000000E-003   0.0000000000000000        0.0000000000000000        0.0000000000000000     
   277.00000000000000       0.99673082000000002       -3.2698449199999998E-003   0.0000000000000000        0.0000000000000000        0.0000000000000000     
   278.00000000000000       0.99675734000000005       -3.2420557400000007E-003   0.0000000000000000        0.0000000000000000        0.0000000000000000     
   279.00000000000000       0.99678723000000002       -3.2146216500000004E-003   0.0000000000000000        0.0000000000000000        0.0000000000000000     
   280.00000000000000       0.99681375000000005       -3.1875359100000003E-003   0.0000000000000000        0.0000000000000000        0.0000000000000000     
   281.00000000000000       0.99683701000000013       -3.1607355899999998E-003   0.0000000000000000        0.0000000000000000        0.0000000000000000     
   282.00000000000000       0.99686352999999994       -3.1342869900000004E-003   0.0000000000000000        0.0000000000000000        0.0000000000000000     
   283.00000000000000       0.99689342000000003       -3.1081867400000003E-003   0.0000000000000000        0.0000000000000000        0.0000000000000000     
   284.00000000000000       0.99691331000000005       -3.0823022400000002E-003   0.0000000000000000        0.0000000000000000        0.0000000000000000     
   285.00000000000000       0.99694320000000003       -3.0568323900000000E-003   0.0000000000000000        0.0000000000000000        0.0000000000000000     
   286.00000000000000       0.99696972000000006       -3.0315816600000002E-003   0.0000000000000000        0.0000000000000000        0.0000000000000000     
   287.00000000000000       0.99699298000000003       -3.0066792800000001E-003   0.0000000000000000        0.0000000000000000        0.0000000000000000     
   288.00000000000000       0.99701950000000006       -2.9820589500000002E-003   0.0000000000000000        0.0000000000000000        0.0000000000000000     
   289.00000000000000       0.99704276000000003       -2.9577206700000004E-003   0.0000000000000000        0.0000000000000000        0.0000000000000000     
   290.00000000000000       0.99706265000000016       -2.9335981400000002E-003   0.0000000000000000        0.0000000000000000        0.0000000000000000     
   291.00000000000000       0.99709254000000014       -2.9098239599999998E-003   0.0000000000000000        0.0000000000000000        0.0000000000000000     
   292.00000000000000       0.99711243000000005       -2.8863318300000004E-003   0.0000000000000000        0.0000000000000000        0.0000000000000000     
   293.00000000000000       0.99713569000000013       -2.8631183800000002E-003   0.0000000000000000        0.0000000000000000        0.0000000000000000     
   294.00000000000000       0.99716221000000016       -2.8401206800000001E-003   0.0000000000000000        0.0000000000000000        0.0000000000000000     
   295.00000000000000       0.99718547000000002       -2.8174050300000001E-003   0.0000000000000000        0.0000000000000000        0.0000000000000000     
   296.00000000000000       0.99720536000000004       -2.7949680599999999E-003   0.0000000000000000        0.0000000000000000        0.0000000000000000     
   297.00000000000000       0.99722525000000006       -2.7727468400000001E-003   0.0000000000000000        0.0000000000000000        0.0000000000000000     
   298.00000000000000       0.99724851000000014       -2.7508043000000000E-003   0.0000000000000000        0.0000000000000000        0.0000000000000000     
   299.00000000000000       0.99726840000000005       -2.7290741400000000E-003   0.0000000000000000        0.0000000000000000        0.0000000000000000     
   300.00000000000000       0.99729165999999991       -2.7076260300000002E-003   0.0000000000000000        0.0000000000000000        0.0000000000000000     
   301.00000000000000       0.99731155000000005       -2.6863903000000000E-003   0.0000000000000000        0.0000000000000000        0.0000000000000000     
   302.00000000000000       0.99733143999999996       -2.6654366199999999E-003   0.0000000000000000        0.0000000000000000        0.0000000000000000     
   303.00000000000000       0.99735470000000004       -2.6446256500000003E-003   0.0000000000000000        0.0000000000000000        0.0000000000000000     
   304.00000000000000       0.99737459000000017       -2.6240967299999999E-003   0.0000000000000000        0.0000000000000000        0.0000000000000000     
   305.00000000000000       0.99739785000000003       -2.6037768200000001E-003   0.0000000000000000        0.0000000000000000        0.0000000000000000     
   306.00000000000000       0.99741773999999994       -2.5836692900000000E-003   0.0000000000000000        0.0000000000000000        0.0000000000000000     
   307.00000000000000       0.99744100000000002       -2.5638438099999999E-003   0.0000000000000000        0.0000000000000000        0.0000000000000000     
   308.00000000000000       0.99745426000000004       -2.5441610400000004E-003   0.0000000000000000        0.0000000000000000        0.0000000000000000     
   309.00000000000000       0.99747415000000017       -2.5246906500000000E-003   0.0000000000000000        0.0000000000000000        0.0000000000000000     
   310.00000000000000       0.99749741000000014       -2.5054989400000002E-003   0.0000000000000000        0.0000000000000000        0.0000000000000000     
   311.00000000000000       0.99751067000000004       -2.4864533100000001E-003   0.0000000000000000        0.0000000000000000        0.0000000000000000     
   312.00000000000000       0.99753056000000007       -2.4676166900000000E-003   0.0000000000000000        0.0000000000000000        0.0000000000000000     
   313.00000000000000       0.99755382000000004       -2.4489924500000005E-003   0.0000000000000000        0.0000000000000000        0.0000000000000000     
   314.00000000000000       0.99756708000000005       -2.4305109200000001E-003   0.0000000000000000        0.0000000000000000        0.0000000000000000     
   315.00000000000000       0.99759034000000002       -2.4122417700000003E-003   0.0000000000000000        0.0000000000000000        0.0000000000000000     
   316.00000000000000       0.99760360000000003       -2.3941850000000001E-003   0.0000000000000000        0.0000000000000000        0.0000000000000000     
   317.00000000000000       0.99762349000000006       -2.3763372400000004E-003   0.0000000000000000        0.0000000000000000        0.0000000000000000     
   318.00000000000000       0.99764012000000002       -2.3586321900000004E-003   0.0000000000000000        0.0000000000000000        0.0000000000000000     
   319.00000000000000       0.99766001000000004       -2.3411395200000000E-003   0.0000000000000000        0.0000000000000000        0.0000000000000000     
   320.00000000000000       0.99767327000000006       -2.3238558600000001E-003   0.0000000000000000        0.0000000000000000        0.0000000000000000     
   321.00000000000000       0.99769653000000003       -2.3067149100000003E-003   0.0000000000000000        0.0000000000000000        0.0000000000000000     
   322.00000000000000       0.99770979000000004       -2.2897200400000001E-003   0.0000000000000000        0.0000000000000000        0.0000000000000000     
   323.00000000000000       0.99772305000000006       -2.2729341800000000E-003   0.0000000000000000        0.0000000000000000        0.0000000000000000     
   324.00000000000000       0.99774631000000003       -2.2562910300000004E-003   0.0000000000000000        0.0000000000000000        0.0000000000000000     
   325.00000000000000       0.99775957000000004       -2.2398568900000001E-003   0.0000000000000000        0.0000000000000000        0.0000000000000000     
   326.00000000000000       0.99777283000000005       -2.2235654599999997E-003   0.0000000000000000        0.0000000000000000        0.0000000000000000     
   327.00000000000000       0.99779609000000014       -2.2074167399999999E-003   0.0000000000000000        0.0000000000000000        0.0000000000000000     
   328.00000000000000       0.99780935000000015       -2.1914107300000001E-003   0.0000000000000000        0.0000000000000000        0.0000000000000000     
   329.00000000000000       0.99782261000000017       -2.1756137300000000E-003   0.0000000000000000        0.0000000000000000        0.0000000000000000     
   330.00000000000000       0.99783924000000002       -2.1599594400000003E-003   0.0000000000000000        0.0000000000000000        0.0000000000000000     
   331.00000000000000       0.99785250000000003       -2.1444478599999999E-003   0.0000000000000000        0.0000000000000000        0.0000000000000000     
   332.00000000000000       0.99787239000000005       -2.1290789900000003E-003   0.0000000000000000        0.0000000000000000        0.0000000000000000     
   333.00000000000000       0.99788901999999990       -2.1139191300000000E-003   0.0000000000000000        0.0000000000000000        0.0000000000000000     
   334.00000000000000       0.99790227999999992       -2.0988323100000002E-003   0.0000000000000000        0.0000000000000000        0.0000000000000000     
   335.00000000000000       0.99791553999999993       -2.0839545000000000E-003   0.0000000000000000        0.0000000000000000        0.0000000000000000     
   336.00000000000000       0.99792879999999995       -2.0691531000000003E-003   0.0000000000000000        0.0000000000000000        0.0000000000000000     
   337.00000000000000       0.99794543000000002       -2.0545607100000002E-003   0.0000000000000000        0.0000000000000000        0.0000000000000000     
   338.00000000000000       0.99795869000000004       -2.0401076600000002E-003   0.0000000000000000        0.0000000000000000        0.0000000000000000     
   339.00000000000000       0.99797195000000005       -2.0257310200000002E-003   0.0000000000000000        0.0000000000000000        0.0000000000000000     
   340.00000000000000       0.99798858000000013       -2.0115600200000003E-003   0.0000000000000000        0.0000000000000000        0.0000000000000000     
   341.00000000000000       0.99800184000000014       -1.9974654300000004E-003   0.0000000000000000        0.0000000000000000        0.0000000000000000     
   342.00000000000000       0.99801510000000015       -1.9835135500000001E-003   0.0000000000000000        0.0000000000000000        0.0000000000000000     
   343.00000000000000       0.99802836000000017       -1.9697010100000003E-003   0.0000000000000000        0.0000000000000000        0.0000000000000000     
   344.00000000000000       0.99804499000000013       -1.9560311800000002E-003   0.0000000000000000        0.0000000000000000        0.0000000000000000     
   345.00000000000000       0.99805825000000004       -1.9425006899999998E-003   0.0000000000000000        0.0000000000000000        0.0000000000000000     
   346.00000000000000       0.99807151000000005       -1.9291095400000000E-003   0.0000000000000000        0.0000000000000000        0.0000000000000000     
   347.00000000000000       0.99808814000000012       -1.9157948000000000E-003   0.0000000000000000        0.0000000000000000        0.0000000000000000     
   348.00000000000000       0.99809477000000002       -1.9026194000000003E-003   0.0000000000000000        0.0000000000000000        0.0000000000000000     
   349.00000000000000       0.99810803000000003       -1.8895867099999999E-003   0.0000000000000000        0.0000000000000000        0.0000000000000000     
   350.00000000000000       0.99812129000000005       -1.8766270600000003E-003   0.0000000000000000        0.0000000000000000        0.0000000000000000     
   351.00000000000000       0.99813792000000012       -1.8638067500000000E-003   0.0000000000000000        0.0000000000000000        0.0000000000000000     
   352.00000000000000       0.99815118000000014       -1.8511257800000003E-003   0.0000000000000000        0.0000000000000000        0.0000000000000000     
   353.00000000000000       0.99815781000000003       -1.8385875200000001E-003   0.0000000000000000        0.0000000000000000        0.0000000000000000     
   354.00000000000000       0.99817107000000005       -1.8261223000000002E-003   0.0000000000000000        0.0000000000000000        0.0000000000000000     
   355.00000000000000       0.99818770000000012       -1.8137301200000001E-003   0.0000000000000000        0.0000000000000000        0.0000000000000000     
   356.00000000000000       0.99820096000000014       -1.8015435799999999E-003   0.0000000000000000        0.0000000000000000        0.0000000000000000     
   357.00000000000000       0.99820759000000003       -1.7893637800000001E-003   0.0000000000000000        0.0000000000000000        0.0000000000000000     
   358.00000000000000       0.99822085000000005       -1.7773929900000000E-003   0.0000000000000000        0.0000000000000000        0.0000000000000000     
   359.00000000000000       0.99823748000000012       -1.7654918700000001E-003   0.0000000000000000        0.0000000000000000        0.0000000000000000     
   360.00000000000000       0.99824411000000002       -1.7536671600000000E-003   0.0000000000000000        0.0000000000000000        0.0000000000000000     
   361.00000000000000       0.99825737000000003       -1.7419784200000002E-003   0.0000000000000000        0.0000000000000000        0.0000000000000000     
   362.00000000000000       0.99827063000000005       -1.7303660900000000E-003   0.0000000000000000        0.0000000000000000        0.0000000000000000     
   363.00000000000000       0.99828063000000000       -1.7188931000000000E-003   0.0000000000000000        0.0000000000000000        0.0000000000000000     
   364.00000000000000       0.99829389000000002       -1.7074897800000001E-003   0.0000000000000000        0.0000000000000000        0.0000000000000000     
   365.00000000000000       0.99830052000000014       -1.6962291700000000E-003   0.0000000000000000        0.0000000000000000        0.0000000000000000     
   366.00000000000000       0.99831378000000015       -1.6849719300000001E-003   0.0000000000000000        0.0000000000000000        0.0000000000000000     
   367.00000000000000       0.99833041000000011       -1.6739237000000001E-003   0.0000000000000000        0.0000000000000000        0.0000000000000000     
   368.00000000000000       0.99833704000000001       -1.6629451400000002E-003   0.0000000000000000        0.0000000000000000        0.0000000000000000     
   369.00000000000000       0.99835030000000002       -1.6520396199999998E-003   0.0000000000000000        0.0000000000000000        0.0000000000000000     
   370.00000000000000       0.99835693000000014       -1.6412071400000001E-003   0.0000000000000000        0.0000000000000000        0.0000000000000000     
   371.00000000000000       0.99837019000000005       -1.6305140000000000E-003   0.0000000000000000        0.0000000000000000        0.0000000000000000     
   372.00000000000000       0.99838019000000000       -1.6198938999999999E-003   0.0000000000000000        0.0000000000000000        0.0000000000000000     
   373.00000000000000       0.99839345000000002       -1.6093434699999999E-003   0.0000000000000000        0.0000000000000000        0.0000000000000000     
   374.00000000000000       0.99840008000000002       -1.5989323800000002E-003   0.0000000000000000        0.0000000000000000        0.0000000000000000     
   375.00000000000000       0.99841334000000004       -1.5885280300000000E-003   0.0000000000000000        0.0000000000000000        0.0000000000000000     
   376.00000000000000       0.99842334000000010       -1.5782630200000000E-003   0.0000000000000000        0.0000000000000000        0.0000000000000000     
   377.00000000000000       0.99842997000000011       -1.5681339800000002E-003   0.0000000000000000        0.0000000000000000        0.0000000000000000     
   378.00000000000000       0.99844323000000001       -1.5580116799999999E-003   0.0000000000000000        0.0000000000000000        0.0000000000000000     
   379.00000000000000       0.99844986000000013       -1.5480287200000001E-003   0.0000000000000000        0.0000000000000000        0.0000000000000000     
   380.00000000000000       0.99846312000000015       -1.5381188000000000E-003   0.0000000000000000        0.0000000000000000        0.0000000000000000     
   381.00000000000000       0.99847311999999999       -1.5282785499999999E-003   0.0000000000000000        0.0000000000000000        0.0000000000000000     
   382.00000000000000       0.99847975000000011       -1.5185079700000001E-003   0.0000000000000000        0.0000000000000000        0.0000000000000000     
   383.00000000000000       0.99849301000000001       -1.5088801000000002E-003   0.0000000000000000        0.0000000000000000        0.0000000000000000     
   384.00000000000000       0.99849964000000002       -1.4992556000000001E-003   0.0000000000000000        0.0000000000000000        0.0000000000000000     
   385.00000000000000       0.99850627000000003       -1.4897670700000003E-003   0.0000000000000000        0.0000000000000000        0.0000000000000000     
   386.00000000000000       0.99852290000000010       -1.4802852800000002E-003   0.0000000000000000        0.0000000000000000        0.0000000000000000     
   387.00000000000000       0.99852953000000000       -1.4709428300000000E-003   0.0000000000000000        0.0000000000000000        0.0000000000000000     
   388.00000000000000       0.99853616000000012       -1.4616700500000000E-003   0.0000000000000000        0.0000000000000000        0.0000000000000000     
   389.00000000000006       0.99854942000000013       -1.4524703100000003E-003   0.0000000000000000        0.0000000000000000        0.0000000000000000     
   390.00000000000000       0.99855605000000003       -1.4433402400000001E-003   0.0000000000000000        0.0000000000000000        0.0000000000000000     
   391.00000000000000       0.99856604999999998       -1.4342798399999998E-003   0.0000000000000000        0.0000000000000000        0.0000000000000000     
   392.00000000000000       0.99857268000000010       -1.4252924800000001E-003   0.0000000000000000        0.0000000000000000        0.0000000000000000     
   393.00000000000000       0.99858594000000012       -1.4164444600000001E-003   0.0000000000000000        0.0000000000000000        0.0000000000000000     
   394.00000000000006       0.99859257000000001       -1.4075998099999998E-003   0.0000000000000000        0.0000000000000000        0.0000000000000000     
   395.00000000000000       0.99859920000000013       -1.3988248300000001E-003   0.0000000000000000        0.0000000000000000        0.0000000000000000     
   396.00000000000000       0.99860583000000003       -1.3901228900000001E-003   0.0000000000000000        0.0000000000000000        0.0000000000000000     
   397.00000000000000       0.99862245999999999       -1.3814906200000001E-003   0.0000000000000000        0.0000000000000000        0.0000000000000000     
   398.00000000000000       0.99862909000000011       -1.3729313900000002E-003   0.0000000000000000        0.0000000000000000        0.0000000000000000     
   399.00000000000006       0.99863572000000000       -1.3645047600000001E-003   0.0000000000000000        0.0000000000000000        0.0000000000000000     
   400.00000000000000       0.99864235000000012       -1.3560882400000000E-003   0.0000000000000000        0.0000000000000000        0.0000000000000000     
   401.00000000000000       0.99864898000000002       -1.3477380199999999E-003   0.0000000000000000        0.0000000000000000        0.0000000000000000     
   402.00000000000000       0.99865898000000008       -1.3393945400000001E-003   0.0000000000000000        0.0000000000000000        0.0000000000000000     
   403.00000000000000       0.99867224000000010       -1.3311870300000000E-003   0.0000000000000000        0.0000000000000000        0.0000000000000000     
   404.00000000000000       0.99867887000000000       -1.3230525600000001E-003   0.0000000000000000        0.0000000000000000        0.0000000000000000     
   405.00000000000000       0.99868550000000011       -1.3149877599999999E-003   0.0000000000000000        0.0000000000000000        0.0000000000000000     
   406.00000000000000       0.99869213000000001       -1.3069263299999999E-003   0.0000000000000000        0.0000000000000000        0.0000000000000000     
   407.00000000000000       0.99869876000000013       -1.2990008700000002E-003   0.0000000000000000        0.0000000000000000        0.0000000000000000     
   408.00000000000000       0.99870875999999997       -1.2910821500000001E-003   0.0000000000000000        0.0000000000000000        0.0000000000000000     
   409.00000000000000       0.99871539000000009       -1.2832331000000000E-003   0.0000000000000000        0.0000000000000000        0.0000000000000000     
   410.00000000000006       0.99872201999999999       -1.2754537200000001E-003   0.0000000000000000        0.0000000000000000        0.0000000000000000     
   411.00000000000000       0.99873528000000000       -1.2677440100000001E-003   0.0000000000000000        0.0000000000000000        0.0000000000000000     
   412.00000000000000       0.99874191000000012       -1.2601039700000001E-003   0.0000000000000000        0.0000000000000000        0.0000000000000000     
   413.00000000000000       0.99874854000000002       -1.2524706700000000E-003   0.0000000000000000        0.0000000000000000        0.0000000000000000     
   414.00000000000000       0.99875854000000008       -1.2449733400000001E-003   0.0000000000000000        0.0000000000000000        0.0000000000000000     
   415.00000000000006       0.99876517000000020       -1.2374793799999999E-003   0.0000000000000000        0.0000000000000000        0.0000000000000000     
   416.00000000000000       0.99877180000000010       -1.2300550900000002E-003   0.0000000000000000        0.0000000000000000        0.0000000000000000     
   417.00000000000000       0.99877843000000022       -1.2227004700000000E-003   0.0000000000000000        0.0000000000000000        0.0000000000000000     
   418.00000000000000       0.99878506000000011       -1.2153525900000001E-003   0.0000000000000000        0.0000000000000000        0.0000000000000000     
   419.00000000000000       0.99879169000000023       -1.2081373100000000E-003   0.0000000000000000        0.0000000000000000        0.0000000000000000     
   420.00000000000006       0.99879832000000013       -1.2009287700000002E-003   0.0000000000000000        0.0000000000000000        0.0000000000000000     
   421.00000000000000       0.99880831999999997       -1.1937899000000001E-003   0.0000000000000000        0.0000000000000000        0.0000000000000000     
   422.00000000000000       0.99881495000000009       -1.1867173300000001E-003   0.0000000000000000        0.0000000000000000        0.0000000000000000     
   423.00000000000000       0.99882157999999999       -1.1796515000000003E-003   0.0000000000000000        0.0000000000000000        0.0000000000000000     
   424.00000000000000       0.99882821000000011       -1.1726553400000000E-003   0.0000000000000000        0.0000000000000000        0.0000000000000000     
   425.00000000000006       0.99883484000000000       -1.1657288500000001E-003   0.0000000000000000        0.0000000000000000        0.0000000000000000     
   426.00000000000000       0.99884146999999990       -1.1588720300000001E-003   0.0000000000000000        0.0000000000000000        0.0000000000000000     
   427.00000000000000       0.99884810000000002       -1.1520185800000002E-003   0.0000000000000000        0.0000000000000000        0.0000000000000000     
   428.00000000000000       0.99885810000000008       -1.1452381700000002E-003   0.0000000000000000        0.0000000000000000        0.0000000000000000     
   429.00000000000000       0.99886473000000020       -1.1385240599999999E-003   0.0000000000000000        0.0000000000000000        0.0000000000000000     
   430.00000000000000       0.99887136000000010       -1.1318133200000002E-003   0.0000000000000000        0.0000000000000000        0.0000000000000000     
   431.00000000000006       0.99887136000000010       -1.1252385500000002E-003   0.0000000000000000        0.0000000000000000        0.0000000000000000     
   432.00000000000000       0.99887798999999999       -1.1186008500000000E-003   0.0000000000000000        0.0000000000000000        0.0000000000000000     
   433.00000000000000       0.99888462000000011       -1.1120991200000000E-003   0.0000000000000000        0.0000000000000000        0.0000000000000000     
   434.00000000000000       0.99889125000000001       -1.1056041300000002E-003   0.0000000000000000        0.0000000000000000        0.0000000000000000     
   435.00000000000000       0.99890125000000007       -1.0991754400000000E-003   0.0000000000000000        0.0000000000000000        0.0000000000000000     
   436.00000000000006       0.99890787999999997       -1.0928164200000000E-003   0.0000000000000000        0.0000000000000000        0.0000000000000000     
   437.00000000000000       0.99891451000000009       -1.0864607700000000E-003   0.0000000000000000        0.0000000000000000        0.0000000000000000     
   438.00000000000000       0.99892113999999999       -1.0801747900000000E-003   0.0000000000000000        0.0000000000000000        0.0000000000000000     
   439.00000000000000       0.99892777000000010       -1.0738888099999999E-003   0.0000000000000000        0.0000000000000000        0.0000000000000000     
   440.00000000000000       0.99893440000000000       -1.0676758699999999E-003   0.0000000000000000        0.0000000000000000        0.0000000000000000     
   441.00000000000006       0.99893440000000000       -1.0615326000000000E-003   0.0000000000000000        0.0000000000000000        0.0000000000000000     
   442.00000000000000       0.99894440000000007       -1.0553927000000001E-003   0.0000000000000000        0.0000000000000000        0.0000000000000000     
   443.00000000000000       0.99895103000000007       -1.0493191000000000E-003   0.0000000000000000        0.0000000000000000        0.0000000000000000     
   444.00000000000000       0.99895766000000008       -1.0433151699999999E-003   0.0000000000000000        0.0000000000000000        0.0000000000000000     
   445.00000000000000       0.99896428999999998       -1.0373179800000000E-003   0.0000000000000000        0.0000000000000000        0.0000000000000000     
   446.00000000000006       0.99897092000000010       -1.0313870900000000E-003   0.0000000000000000        0.0000000000000000        0.0000000000000000     
   447.00000000000000       0.99897092000000010       -1.0255258700000000E-003   0.0000000000000000        0.0000000000000000        0.0000000000000000     
   448.00000000000000       0.99897754999999999       -1.0196680200000002E-003   0.0000000000000000        0.0000000000000000        0.0000000000000000     
   449.00000000000000       0.99898418000000011       -1.0138101699999999E-003   0.0000000000000000        0.0000000000000000        0.0000000000000000     
   450.00000000000000       0.99899417999999995       -1.0080253599999999E-003   0.0000000000000000        0.0000000000000000        0.0000000000000000     
   451.00000000000006       0.99900081000000007       -1.0023068500000000E-003   0.0000000000000000        0.0000000000000000        0.0000000000000000     
   452.00000000000000       0.99900081000000007       -9.9659171000000000E-004   0.0000000000000000        0.0000000000000000        0.0000000000000000     
   453.00000000000000       0.99900743999999997       -9.9094624000000005E-004   0.0000000000000000        0.0000000000000000        0.0000000000000000     
   454.00000000000000       0.99901407000000009       -9.8537044000000015E-004   0.0000000000000000        0.0000000000000000        0.0000000000000000     
   455.00000000000000       0.99902069999999998       -9.7979801000000000E-004   0.0000000000000000        0.0000000000000000        0.0000000000000000     
   456.00000000000000       0.99902733000000010       -9.7422558000000007E-004   0.0000000000000000        0.0000000000000000        0.0000000000000000     
   457.00000000000006       0.99902733000000010       -9.6872619000000005E-004   0.0000000000000000        0.0000000000000000        0.0000000000000000     
   458.00000000000000       0.99903733000000006       -9.6329310000000008E-004   0.0000000000000000        0.0000000000000000        0.0000000000000000     
   459.00000000000000       0.99904396000000006       -9.5786001000000012E-004   0.0000000000000000        0.0000000000000000        0.0000000000000000     
   460.00000000000000       0.99905059000000007       -9.5249996000000006E-004   0.0000000000000000        0.0000000000000000        0.0000000000000000     
   461.00000000000000       0.99905059000000007       -9.4713991000000010E-004   0.0000000000000000        0.0000000000000000        0.0000000000000000     
   462.00000000000006       0.99905722000000008       -9.4184952999999997E-004   0.0000000000000000        0.0000000000000000        0.0000000000000000     
   463.00000000000000       0.99906385000000009       -9.3656252000000003E-004   0.0000000000000000        0.0000000000000000        0.0000000000000000     
   464.00000000000000       0.99907048000000009       -9.3134518000000013E-004   0.0000000000000000        0.0000000000000000        0.0000000000000000     
   465.00000000000000       0.99907048000000009       -9.2612784000000001E-004   0.0000000000000000        0.0000000000000000        0.0000000000000000     
   466.00000000000000       0.99907711000000010       -9.2098016999999993E-004   0.0000000000000000        0.0000000000000000        0.0000000000000000     
   467.00000000000006       0.99908711000000006       -9.1583587000000004E-004   0.0000000000000000        0.0000000000000000        0.0000000000000000     
   468.00000000000000       0.99908711000000006       -9.1075787000000010E-004   0.0000000000000000        0.0000000000000000        0.0000000000000000     
   469.00000000000000       0.99909374000000017       -9.0568660999999990E-004   0.0000000000000000        0.0000000000000000        0.0000000000000000     
   470.00000000000000       0.99910037000000007       -9.0067828000000010E-004   0.0000000000000000        0.0000000000000000        0.0000000000000000     
   471.00000000000000       0.99910700000000019       -8.9567669000000004E-004   0.0000000000000000        0.0000000000000000        0.0000000000000000     
   472.00000000000006       0.99910700000000019       -8.9074140000000004E-004   0.0000000000000000        0.0000000000000000        0.0000000000000000     
   473.00000000000000       0.99911363000000009       -8.8580948000000002E-004   0.0000000000000000        0.0000000000000000        0.0000000000000000     
   474.00000000000000       0.99912025999999998       -8.8094723000000004E-004   0.0000000000000000        0.0000000000000000        0.0000000000000000     
   475.00000000000000       0.99912025999999998       -8.7608498000000005E-004   0.0000000000000000        0.0000000000000000        0.0000000000000000     
   476.00000000000000       0.99912689000000010       -8.7129239999999999E-004   0.0000000000000000        0.0000000000000000        0.0000000000000000     
   477.00000000000006       0.99913689000000006       -8.6650319000000013E-004   0.0000000000000000        0.0000000000000000        0.0000000000000000     
   478.00000000000006       0.99913689000000006       -8.6171398000000005E-004   0.0000000000000000        0.0000000000000000        0.0000000000000000     
   479.00000000000000       0.99914352000000006       -8.5699444000000000E-004   0.0000000000000000        0.0000000000000000        0.0000000000000000     
   480.00000000000000       0.99915015000000007       -8.5227826999999994E-004   0.0000000000000000        0.0000000000000000        0.0000000000000000     
   481.00000000000000       0.99915015000000007       -8.4762839999999993E-004   0.0000000000000000        0.0000000000000000        0.0000000000000000     
   482.00000000000000       0.99915677999999997       -8.4298190000000001E-004   0.0000000000000000        0.0000000000000000        0.0000000000000000     
   483.00000000000006       0.99916341000000009       -8.3840507000000001E-004   0.0000000000000000        0.0000000000000000        0.0000000000000000     
   484.00000000000000       0.99916341000000009       -8.3382824000000002E-004   0.0000000000000000        0.0000000000000000        0.0000000000000000     
   485.00000000000000       0.99917003999999998       -8.2932108000000006E-004   0.0000000000000000        0.0000000000000000        0.0000000000000000     
   486.00000000000000       0.99918004000000016       -8.2481392000000010E-004   0.0000000000000000        0.0000000000000000        0.0000000000000000     
   487.00000000000000       0.99918004000000016       -8.2031013000000001E-004   0.0000000000000000        0.0000000000000000        0.0000000000000000     
   488.00000000000006       0.99918667000000005       -8.1587600999999995E-004   0.0000000000000000        0.0000000000000000        0.0000000000000000     
   489.00000000000000       0.99918667000000005       -8.1144189000000012E-004   0.0000000000000000        0.0000000000000000        0.0000000000000000     
   490.00000000000000       0.99919329999999995       -8.0701114000000004E-004   0.0000000000000000        0.0000000000000000        0.0000000000000000     
   491.00000000000000       0.99919993000000007       -8.0265006000000011E-004   0.0000000000000000        0.0000000000000000        0.0000000000000000     
   492.00000000000000       0.99919993000000007       -7.9835527999999991E-004   0.0000000000000000        0.0000000000000000        0.0000000000000000     
   493.00000000000006       0.99920655999999997       -7.9406050000000003E-004   0.0000000000000000        0.0000000000000000        0.0000000000000000     
   494.00000000000000       0.99920655999999997       -7.8977246000000011E-004   0.0000000000000000        0.0000000000000000        0.0000000000000000     
   495.00000000000000       0.99921319000000008       -7.8548104999999989E-004   0.0000000000000000        0.0000000000000000        0.0000000000000000     
   496.00000000000000       0.99921981999999998       -7.8126268000000001E-004   0.0000000000000000        0.0000000000000000        0.0000000000000000     
   497.00000000000000       0.99922319000000004       -7.7711061000000007E-004   0.0000000000000000        0.0000000000000000        0.0000000000000000     
   498.00000000000006       0.99922982000000005       -7.7289223999999998E-004   0.0000000000000000        0.0000000000000000        0.0000000000000000     
   499.00000000000000       0.99922982000000005       -7.6880983999999997E-004   0.0000000000000000        0.0000000000000000        0.0000000000000000     
   500.00000000000000       0.99923645000000005       -7.6466450999999999E-004   0.0000000000000000        0.0000000000000000        0.0000000000000000     
   501.00000000000000       0.99924308000000006       -7.6058547999999996E-004   0.0000000000000000        0.0000000000000000        0.0000000000000000     
   502.00000000000000       0.99924308000000006       -7.5650645000000004E-004   0.0000000000000000        0.0000000000000000        0.0000000000000000     
   503.00000000000006       0.99924971000000007       -7.5250046000000003E-004   0.0000000000000000        0.0000000000000000        0.0000000000000000     
   504.00000000000006       0.99924971000000007       -7.4849110000000014E-004   0.0000000000000000        0.0000000000000000        0.0000000000000000     
   505.00000000000000       0.99925634000000008       -7.4448848000000011E-004   0.0000000000000000        0.0000000000000000        0.0000000000000000     
   506.00000000000000       0.99925634000000008       -7.4054878999999993E-004   0.0000000000000000        0.0000000000000000        0.0000000000000000     
   507.00000000000000       0.99926297000000008       -7.3661584000000004E-004   0.0000000000000000        0.0000000000000000        0.0000000000000000     
   508.00000000000000       0.99926634000000014       -7.3268289000000004E-004   0.0000000000000000        0.0000000000000000        0.0000000000000000     
   509.00000000000006       0.99927297000000004       -7.2881623999999999E-004   0.0000000000000000        0.0000000000000000        0.0000000000000000     
   510.00000000000000       0.99927297000000004       -7.2494632999999995E-004   0.0000000000000000        0.0000000000000000        0.0000000000000000     
   511.00000000000000       0.99927959999999993       -7.2110956999999994E-004   0.0000000000000000        0.0000000000000000        0.0000000000000000     
   512.00000000000000       0.99928623000000005       -7.1730270000000009E-004   0.0000000000000000        0.0000000000000000        0.0000000000000000     
   513.00000000000000       0.99928623000000005       -7.1351572000000012E-004   0.0000000000000000        0.0000000000000000        0.0000000000000000     
   514.00000000000000       0.99929285999999995       -7.0975199999999991E-004   0.0000000000000000        0.0000000000000000        0.0000000000000000     
   515.00000000000000       0.99929285999999995       -7.0601817000000007E-004   0.0000000000000000        0.0000000000000000        0.0000000000000000     
   516.00000000000000       0.99929949000000007       -7.0229423000000007E-004   0.0000000000000000        0.0000000000000000        0.0000000000000000     
   517.00000000000000       0.99929949000000007       -6.9861018000000005E-004   0.0000000000000000        0.0000000000000000        0.0000000000000000     
   518.00000000000000       0.99930611999999996       -6.9493602000000008E-004   0.0000000000000000        0.0000000000000000        0.0000000000000000     
   519.00000000000000       0.99930611999999996       -6.9129512000000004E-004   0.0000000000000000        0.0000000000000000        0.0000000000000000     
   520.00000000000000       0.99931275000000008       -6.8766411000000004E-004   0.0000000000000000        0.0000000000000000        0.0000000000000000     
   521.00000000000000       0.99931612000000003       -6.8406636000000007E-004   0.0000000000000000        0.0000000000000000        0.0000000000000000     
   522.00000000000000       0.99932275000000004       -6.8049175999999997E-004   0.0000000000000000        0.0000000000000000        0.0000000000000000     
   523.00000000000000       0.99932275000000004       -6.7693716000000008E-004   0.0000000000000000        0.0000000000000000        0.0000000000000000     
   524.00000000000000       0.99932938000000004       -6.7339907999999999E-004   0.0000000000000000        0.0000000000000000        0.0000000000000000     
   525.00000000000000       0.99932938000000004       -6.6989089000000005E-004   0.0000000000000000        0.0000000000000000        0.0000000000000000     
   526.00000000000000       0.99933601000000005       -6.6639933000000001E-004   0.0000000000000000        0.0000000000000000        0.0000000000000000     
   527.00000000000000       0.99933601000000005       -6.6293429000000004E-004   0.0000000000000000        0.0000000000000000        0.0000000000000000     
   528.00000000000000       0.99934264000000006       -6.5948251000000010E-004   0.0000000000000000        0.0000000000000000        0.0000000000000000     
   529.00000000000000       0.99934264000000006       -6.5605399000000003E-004   0.0000000000000000        0.0000000000000000        0.0000000000000000     
   530.00000000000000       0.99934927000000007       -6.5265199000000002E-004   0.0000000000000000        0.0000000000000000        0.0000000000000000     
   531.00000000000000       0.99934927000000007       -6.4926662000000003E-004   0.0000000000000000        0.0000000000000000        0.0000000000000000     
   532.00000000000000       0.99935590000000007       -6.4590114000000003E-004   0.0000000000000000        0.0000000000000000        0.0000000000000000     
   533.00000000000000       0.99935590000000007       -6.4256217999999999E-004   0.0000000000000000        0.0000000000000000        0.0000000000000000     
   534.00000000000000       0.99935927000000002       -6.3923985000000007E-004   0.0000000000000000        0.0000000000000000        0.0000000000000000     
   535.00000000000000       0.99936590000000014       -6.3593415000000005E-004   0.0000000000000000        0.0000000000000000        0.0000000000000000     
   536.00000000000000       0.99936590000000014       -6.3265497000000010E-004   0.0000000000000000        0.0000000000000000        0.0000000000000000     
   537.00000000000000       0.99937253000000004       -6.2939568000000003E-004   0.0000000000000000        0.0000000000000000        0.0000000000000000     
   538.00000000000000       0.99937253000000004       -6.2614965000000011E-004   0.0000000000000000        0.0000000000000000        0.0000000000000000     
   539.00000000000000       0.99937916000000016       -6.2292688000000005E-004   0.0000000000000000        0.0000000000000000        0.0000000000000000     
   540.00000000000000       0.99937916000000016       -6.1972074000000012E-004   0.0000000000000000        0.0000000000000000        0.0000000000000000     
   541.00000000000000       0.99938579000000005       -6.1654112000000014E-004   0.0000000000000000        0.0000000000000000        0.0000000000000000     
   542.00000000000000       0.99938579000000005       -6.1337476000000008E-004   0.0000000000000000        0.0000000000000000        0.0000000000000000     
   543.00000000000000       0.99939242000000017       -6.1023166000000011E-004   0.0000000000000000        0.0000000000000000        0.0000000000000000     
   544.00000000000000       0.99939242000000017       -6.0710182000000006E-004   0.0000000000000000        0.0000000000000000        0.0000000000000000     
   545.00000000000000       0.99939242000000017       -6.0399187000000000E-004   0.0000000000000000        0.0000000000000000        0.0000000000000000     
   546.00000000000000       0.99939905000000007       -6.0090518000000003E-004   0.0000000000000000        0.0000000000000000        0.0000000000000000     
   547.00000000000000       0.99939905000000007       -5.9783175000000010E-004   0.0000000000000000        0.0000000000000000        0.0000000000000000     
   548.00000000000000       0.99940905000000013       -5.9478158000000002E-004   0.0000000000000000        0.0000000000000000        0.0000000000000000     
   549.00000000000000       0.99940905000000013       -5.9175130000000005E-004   0.0000000000000000        0.0000000000000000        0.0000000000000000     
   550.00000000000000       0.99941568000000003       -5.8873428000000001E-004   0.0000000000000000        0.0000000000000000        0.0000000000000000     
