   1.0000000000000000        1.6147558000000003E-002 -0.98384878999999992        0.0000000000000000        0.0000000000000000        0.0000000000000000     
   2.0000000000000000       0.16522632000000001      -0.83477367999999996        0.0000000000000000        0.0000000000000000        0.0000000000000000     
   3.0000000000000000       0.32668689000000001      -0.67331311000000005        0.0000000000000000        0.0000000000000000        0.0000000000000000     
   4.0000000000000000       0.44831511000000002      -0.55168488999999998        0.0000000000000000        0.0000000000000000        0.0000000000000000     
   5.0000000000000000       0.53733589000000004      -0.46266411000000007        0.0000000000000000        0.0000000000000000        0.0000000000000000     
   6.0000000000000000       0.60386784000000004      -0.39613216000000001        0.0000000000000000        0.0000000000000000        0.0000000000000000     
   7.0000000000000000       0.65520726000000007      -0.34479274000000004        0.0000000000000000        0.0000000000000000        0.0000000000000000     
   8.0000000000000000       0.69579862000000003      -0.30420137999999997        0.0000000000000000        0.0000000000000000        0.0000000000000000     
   9.0000000000000000       0.72862899000000003      -0.27137101000000002        0.0000000000000000        0.0000000000000000        0.0000000000000000     
   10.000000000000000       0.75569859000000006      -0.24430141000000000        0.0000000000000000        0.0000000000000000        0.0000000000000000     
   11.000000000000000       0.77837090000000009      -0.22162910000000002        0.0000000000000000        0.0000000000000000        0.0000000000000000     
   12.000000000000000       0.79761940000000009      -0.20238060000000002        0.0000000000000000        0.0000000000000000        0.0000000000000000     
   13.000000000000000       0.81414094000000015      -0.18585905999999999        0.0000000000000000        0.0000000000000000        0.0000000000000000     
   14.000000000000000       0.82849878000000010      -0.17150122000000001        0.0000000000000000        0.0000000000000000        0.0000000000000000     
   15.000000000000000       0.84107629000000006      -0.15892371000000002        0.0000000000000000        0.0000000000000000        0.0000000000000000     
   16.000000000000000       0.85217695000000004      -0.14782305000000001        0.0000000000000000        0.0000000000000000        0.0000000000000000     
   17.000000000000000       0.86204076000000018      -0.13795924000000001        0.0000000000000000        0.0000000000000000        0.0000000000000000     
   18.000000000000000       0.87086435000000018      -0.12913564999999999        0.0000000000000000        0.0000000000000000        0.0000000000000000     
   19.000000000000000       0.87880446000000001      -0.12119554000000002        0.0000000000000000        0.0000000000000000        0.0000000000000000     
   20.000000000000000       0.88597446000000002      -0.11402688799999999        0.0000000000000000        0.0000000000000000        0.0000000000000000     
   21.000000000000000       0.89248761000000010      -0.10751171600000001        0.0000000000000000        0.0000000000000000        0.0000000000000000     
   22.000000000000000       0.89841739000000009      -0.10158193600000000        0.0000000000000000        0.0000000000000000        0.0000000000000000     
   23.000000000000000       0.90385369000000015       -9.6146310000000013E-002   0.0000000000000000        0.0000000000000000        0.0000000000000000     
   24.000000000000000       0.90883661999999998       -9.1164390999999997E-002   0.0000000000000000        0.0000000000000000        0.0000000000000000     
   25.000000000000000       0.91342607000000009       -8.6573908000000019E-002   0.0000000000000000        0.0000000000000000        0.0000000000000000     
   26.000000000000000       0.91766552000000012       -8.2334827999999999E-002   0.0000000000000000        0.0000000000000000        0.0000000000000000     
   27.000000000000000       0.92159149000000007       -7.8409477000000005E-002   0.0000000000000000        0.0000000000000000        0.0000000000000000     
   28.000000000000000       0.92523746000000007       -7.4766192000000009E-002   0.0000000000000000        0.0000000000000000        0.0000000000000000     
   29.000000000000000       0.92862669000000009       -7.1376299000000004E-002   0.0000000000000000        0.0000000000000000        0.0000000000000000     
   30.000000000000000       0.93178255000000010       -6.8216450000000012E-002   0.0000000000000000        0.0000000000000000        0.0000000000000000     
   31.000000000000000       0.93473504000000007       -6.5264319000000001E-002   0.0000000000000000        0.0000000000000000        0.0000000000000000     
   32.000000000000000       0.93749742000000003       -6.2502895000000003E-002   0.0000000000000000        0.0000000000000000        0.0000000000000000     
   33.000000000000000       0.94008317000000008       -5.9913177999999997E-002   0.0000000000000000        0.0000000000000000        0.0000000000000000     
   34.000000000000000       0.94251881000000015       -5.7481494000000001E-002   0.0000000000000000        0.0000000000000000        0.0000000000000000     
   35.000000000000000       0.94480782000000008       -5.5195843000000008E-002   0.0000000000000000        0.0000000000000000        0.0000000000000000     
   36.000000000000000       0.94695346000000002       -5.3042551000000000E-002   0.0000000000000000        0.0000000000000000        0.0000000000000000     
   37.000000000000000       0.94898573000000008       -5.1012618000000003E-002   0.0000000000000000        0.0000000000000000        0.0000000000000000     
   38.000000000000000       0.95090462999999992       -4.9096044000000005E-002   0.0000000000000000        0.0000000000000000        0.0000000000000000     
   39.000000000000000       0.95271353000000003       -4.7284155000000008E-002   0.0000000000000000        0.0000000000000000        0.0000000000000000     
   40.000000000000000       0.95442906000000005       -4.5568951000000010E-002   0.0000000000000000        0.0000000000000000        0.0000000000000000     
   41.000000000000000       0.95605459000000015       -4.3944095000000002E-002   0.0000000000000000        0.0000000000000000        0.0000000000000000     
   42.000000000000000       0.95759675000000011       -4.2403250000000003E-002   0.0000000000000000        0.0000000000000000        0.0000000000000000     
   43.000000000000000       0.95905890999999999       -4.0940416000000007E-002   0.0000000000000000        0.0000000000000000        0.0000000000000000     
   44.000000000000000       0.96045107000000007       -3.9550256000000006E-002   0.0000000000000000        0.0000000000000000        0.0000000000000000     
   45.000000000000000       0.96177323000000003       -3.8228106999999997E-002   0.0000000000000000        0.0000000000000000        0.0000000000000000     
   46.000000000000000       0.96303201999999999       -3.6969294999999999E-002   0.0000000000000000        0.0000000000000000        0.0000000000000000     
   47.000000000000000       0.96423418000000005       -3.5770146000000003E-002   0.0000000000000000        0.0000000000000000        0.0000000000000000     
   48.000000000000000       0.96537297000000000       -3.4626670999999998E-002   0.0000000000000000        0.0000000000000000        0.0000000000000000     
   49.000000000000000       0.96646513000000001       -3.3535196000000003E-002   0.0000000000000000        0.0000000000000000        0.0000000000000000     
   50.000000000000000       0.96750729000000002       -3.2492721000000002E-002   0.0000000000000000        0.0000000000000000        0.0000000000000000     
   51.000000000000000       0.96850608000000005       -3.1496909000000003E-002   0.0000000000000000        0.0000000000000000        0.0000000000000000     
   52.000000000000000       0.96945824000000003       -3.0544423000000005E-002   0.0000000000000000        0.0000000000000000        0.0000000000000000     
   53.000000000000000       0.97037040000000008       -2.9632937000000005E-002   0.0000000000000000        0.0000000000000000        0.0000000000000000     
   54.000000000000000       0.97124256000000009       -2.8759777000000004E-002   0.0000000000000000        0.0000000000000000        0.0000000000000000     
   55.000000000000000       0.97207472000000017       -2.7923606000000000E-002   0.0000000000000000        0.0000000000000000        0.0000000000000000     
   56.000000000000000       0.97288025000000000       -2.7121761000000001E-002   0.0000000000000000        0.0000000000000000        0.0000000000000000     
   57.000000000000000       0.97364578000000002       -2.6352242000000005E-002   0.0000000000000000        0.0000000000000000        0.0000000000000000     
   58.000000000000000       0.97438794000000006       -2.5613048999999999E-002   0.0000000000000000        0.0000000000000000        0.0000000000000000     
   59.000000000000007       0.97509684000000008       -2.4903508000000001E-002   0.0000000000000000        0.0000000000000000        0.0000000000000000     
   60.000000000000000       0.97578237000000001       -2.4221955999999999E-002   0.0000000000000000        0.0000000000000000        0.0000000000000000     
   61.000000000000007       0.97643126999999996       -2.3566393000000001E-002   0.0000000000000000        0.0000000000000000        0.0000000000000000     
   62.000000000000000       0.97706354000000006       -2.2935819000000000E-002   0.0000000000000000        0.0000000000000000        0.0000000000000000     
   63.000000000000007       0.97767244000000009       -2.2328234000000002E-002   0.0000000000000000        0.0000000000000000        0.0000000000000000     
   64.000000000000000       0.97825471000000008       -2.1743964000000001E-002   0.0000000000000000        0.0000000000000000        0.0000000000000000     
   65.000000000000000       0.97881698000000017       -2.1180683000000002E-002   0.0000000000000000        0.0000000000000000        0.0000000000000000     
   66.000000000000000       0.97936262000000007       -2.0637054000000002E-002   0.0000000000000000        0.0000000000000000        0.0000000000000000     
   67.000000000000000       0.97988826000000007       -2.0114077000000001E-002   0.0000000000000000        0.0000000000000000        0.0000000000000000     
   68.000000000000000       0.98039390000000004       -1.9609415000000002E-002   0.0000000000000000        0.0000000000000000        0.0000000000000000     
   69.000000000000000       0.98087628000000016       -1.9121742000000001E-002   0.0000000000000000        0.0000000000000000        0.0000000000000000     
   70.000000000000000       0.98135192000000004       -1.8650754700000001E-002   0.0000000000000000        0.0000000000000000        0.0000000000000000     
   71.000000000000000       0.98180430000000007       -1.8196183500000001E-002   0.0000000000000000        0.0000000000000000        0.0000000000000000     
   72.000000000000000       0.98224005000000003       -1.7756399100000000E-002   0.0000000000000000        0.0000000000000000        0.0000000000000000     
   73.000000000000000       0.98267243000000004       -1.7331232999999998E-002   0.0000000000000000        0.0000000000000000        0.0000000000000000     
   74.000000000000000       0.98307818000000013       -1.6920415600000002E-002   0.0000000000000000        0.0000000000000000        0.0000000000000000     
   75.000000000000000       0.98347730000000000       -1.6523115400000000E-002   0.0000000000000000        0.0000000000000000        0.0000000000000000     
   76.000000000000000       0.98386305000000007       -1.6138467200000003E-002   0.0000000000000000        0.0000000000000000        0.0000000000000000     
   77.000000000000000       0.98423554000000002       -1.5765605799999999E-002   0.0000000000000000        0.0000000000000000        0.0000000000000000     
   78.000000000000000       0.98459466000000007       -1.5405025700000002E-002   0.0000000000000000        0.0000000000000000        0.0000000000000000     
   79.000000000000000       0.98494714999999999       -1.5055929100000002E-002   0.0000000000000000        0.0000000000000000        0.0000000000000000     
   80.000000000000000       0.98528301000000007       -1.4716855200000000E-002   0.0000000000000000        0.0000000000000000        0.0000000000000000     
   81.000000000000000       0.98560887000000008       -1.4388264800000000E-002   0.0000000000000000        0.0000000000000000        0.0000000000000000     
   82.000000000000000       0.98592809999999997       -1.4070056800000001E-002   0.0000000000000000        0.0000000000000000        0.0000000000000000     
   83.000000000000000       0.98623733000000002       -1.3761467100000001E-002   0.0000000000000000        0.0000000000000000        0.0000000000000000     
   84.000000000000000       0.98653656000000001       -1.3461664199999999E-002   0.0000000000000000        0.0000000000000000        0.0000000000000000     
   85.000000000000000       0.98682579000000015       -1.3170580700000002E-002   0.0000000000000000        0.0000000000000000        0.0000000000000000     
   86.000000000000000       0.98710838999999995       -1.2888778500000002E-002   0.0000000000000000        0.0000000000000000        0.0000000000000000     
   87.000000000000000       0.98738436000000007       -1.2614133800000002E-002   0.0000000000000000        0.0000000000000000        0.0000000000000000     
   88.000000000000000       0.98765033000000013       -1.2347905200000000E-002   0.0000000000000000        0.0000000000000000        0.0000000000000000     
   89.000000000000000       0.98791293000000002       -1.2089362300000000E-002   0.0000000000000000        0.0000000000000000        0.0000000000000000     
   90.000000000000000       0.98816227000000012       -1.1837707300000000E-002   0.0000000000000000        0.0000000000000000        0.0000000000000000     
   91.000000000000000       0.98840824000000005       -1.1593569499999999E-002   0.0000000000000000        0.0000000000000000        0.0000000000000000     
   92.000000000000000       0.98864094999999996       -1.1355555500000000E-002   0.0000000000000000        0.0000000000000000        0.0000000000000000     
   93.000000000000000       0.98887366000000010       -1.1124890200000001E-002   0.0000000000000000        0.0000000000000000        0.0000000000000000     
   94.000000000000000       0.98910300000000007       -1.0900180200000000E-002   0.0000000000000000        0.0000000000000000        0.0000000000000000     
   95.000000000000000       0.98931908000000002       -1.0681425499999999E-002   0.0000000000000000        0.0000000000000000        0.0000000000000000     
   96.000000000000000       0.98953179000000002       -1.0468491300000000E-002   0.0000000000000000        0.0000000000000000        0.0000000000000000     
   97.000000000000000       0.98973787000000002       -1.0261377600000001E-002   0.0000000000000000        0.0000000000000000        0.0000000000000000     
   98.000000000000000       0.98993732000000012       -1.0059320300000001E-002   0.0000000000000000        0.0000000000000000        0.0000000000000000     
   99.000000000000000       0.99013677000000011       -9.8629824000000012E-003   0.0000000000000000        0.0000000000000000        0.0000000000000000     
   100.00000000000000       0.99032622000000003       -9.6716672000000010E-003   0.0000000000000000        0.0000000000000000        0.0000000000000000     
   101.00000000000000       0.99051567000000007       -9.4859365999999997E-003   0.0000000000000000        0.0000000000000000        0.0000000000000000     
   102.00000000000000       0.99069512000000004       -9.3044646000000012E-003   0.0000000000000000        0.0000000000000000        0.0000000000000000     
   103.00000000000000       0.99087130999999995       -9.1271838000000008E-003   0.0000000000000000        0.0000000000000000        0.0000000000000000     
   104.00000000000000       0.99104413000000002       -8.9553865000000007E-003   0.0000000000000000        0.0000000000000000        0.0000000000000000     
   105.00000000000001       0.99121694999999999       -8.7870837000000000E-003   0.0000000000000000        0.0000000000000000        0.0000000000000000     
   106.00000000000000       0.99137314000000010       -8.6235340000000004E-003   0.0000000000000000        0.0000000000000000        0.0000000000000000     
   107.00000000000000       0.99153933000000005       -8.4640406999999997E-003   0.0000000000000000        0.0000000000000000        0.0000000000000000     
   108.00000000000000       0.99169551999999994       -8.3079408000000000E-003   0.0000000000000000        0.0000000000000000        0.0000000000000000     
   109.00000000000001       0.99184508000000005       -8.1565266000000001E-003   0.0000000000000000        0.0000000000000000        0.0000000000000000     
   110.00000000000000       0.99199126999999998       -8.0084383999999998E-003   0.0000000000000000        0.0000000000000000        0.0000000000000000     
   111.00000000000000       0.99213420000000008       -7.8636088000000014E-003   0.0000000000000000        0.0000000000000000        0.0000000000000000     
   112.00000000000000       0.99227376000000000       -7.7228671000000000E-003   0.0000000000000000        0.0000000000000000        0.0000000000000000     
   113.00000000000000       0.99241668999999999       -7.5853177000000001E-003   0.0000000000000000        0.0000000000000000        0.0000000000000000     
   114.00000000000000       0.99254962000000002       -7.4509594999999998E-003   0.0000000000000000        0.0000000000000000        0.0000000000000000     
   115.00000000000000       0.99268255000000005       -7.3198925000000012E-003   0.0000000000000000        0.0000000000000000        0.0000000000000000     
   116.00000000000000       0.99280548000000002       -7.1919504000000000E-003   0.0000000000000000        0.0000000000000000        0.0000000000000000     
   117.00000000000000       0.99293178000000015       -7.0669669000000008E-003   0.0000000000000000        0.0000000000000000        0.0000000000000000     
   118.00000000000001       0.99305471000000001       -6.9450082999999996E-003   0.0000000000000000        0.0000000000000000        0.0000000000000000     
   119.00000000000000       0.99317438000000013       -6.8258420000000004E-003   0.0000000000000000        0.0000000000000000        0.0000000000000000     
   120.00000000000000       0.99329068000000009       -6.7094342999999999E-003   0.0000000000000000        0.0000000000000000        0.0000000000000000     
   121.00000000000000       0.99340698000000005       -6.5956863000000004E-003   0.0000000000000000        0.0000000000000000        0.0000000000000000     
   122.00000000000001       0.99351665000000011       -6.4845969000000003E-003   0.0000000000000000        0.0000000000000000        0.0000000000000000     
   123.00000000000000       0.99362295000000000       -6.3760672000000001E-003   0.0000000000000000        0.0000000000000000        0.0000000000000000     
   124.00000000000000       0.99373262000000007       -6.2699972000000003E-003   0.0000000000000000        0.0000000000000000        0.0000000000000000     
   125.00000000000000       0.99383566000000001       -6.1662868999999999E-003   0.0000000000000000        0.0000000000000000        0.0000000000000000     
   126.00000000000001       0.99393533000000001       -6.0650026000000010E-003   0.0000000000000000        0.0000000000000000        0.0000000000000000     
   127.00000000000000       0.99403500000000000       -5.9659454000000004E-003   0.0000000000000000        0.0000000000000000        0.0000000000000000     
   128.00000000000000       0.99413141000000005       -5.8690816000000002E-003   0.0000000000000000        0.0000000000000000        0.0000000000000000     
   129.00000000000000       0.99422445000000015       -5.7743449000000006E-003   0.0000000000000000        0.0000000000000000        0.0000000000000000     
   130.00000000000000       0.99431749000000003       -5.6817352999999999E-003   0.0000000000000000        0.0000000000000000        0.0000000000000000     
   131.00000000000000       0.99441053000000001       -5.5911865000000003E-003   0.0000000000000000        0.0000000000000000        0.0000000000000000     
   132.00000000000000       0.99449357000000016       -5.5026311000000005E-003   0.0000000000000000        0.0000000000000000        0.0000000000000000     
   133.00000000000000       0.99458661000000004       -5.4160039000000007E-003   0.0000000000000000        0.0000000000000000        0.0000000000000000     
   134.00000000000000       0.99466639000000012       -5.3312375000000006E-003   0.0000000000000000        0.0000000000000000        0.0000000000000000     
   135.00000000000000       0.99474943000000005       -5.2482656000000004E-003   0.0000000000000000        0.0000000000000000        0.0000000000000000     
   136.00000000000000       0.99483584000000014       -5.1671882000000006E-003   0.0000000000000000        0.0000000000000000        0.0000000000000000     
   137.00000000000000       0.99491225000000005       -5.0877390000000000E-003   0.0000000000000000        0.0000000000000000        0.0000000000000000     
   138.00000000000000       0.99499203000000003       -5.0100506000000005E-003   0.0000000000000000        0.0000000000000000        0.0000000000000000     
   139.00000000000000       0.99506844000000005       -4.9339578000000004E-003   0.0000000000000000        0.0000000000000000        0.0000000000000000     
   140.00000000000000       0.99513822000000007       -4.8595269000000010E-003   0.0000000000000000        0.0000000000000000        0.0000000000000000     
   141.00000000000000       0.99521462999999999       -4.7866904999999994E-003   0.0000000000000000        0.0000000000000000        0.0000000000000000     
   142.00000000000000       0.99528441000000001       -4.7153497000000004E-003   0.0000000000000000        0.0000000000000000        0.0000000000000000     
   143.00000000000000       0.99535419000000003       -4.6454707999999999E-003   0.0000000000000000        0.0000000000000000        0.0000000000000000     
   144.00000000000000       0.99542397000000005       -4.5770212000000006E-003   0.0000000000000000        0.0000000000000000        0.0000000000000000     
   145.00000000000000       0.99548712000000006       -4.5100334999999998E-003   0.0000000000000000        0.0000000000000000        0.0000000000000000     
   146.00000000000000       0.99555689999999997       -4.4444413999999996E-003   0.0000000000000000        0.0000000000000000        0.0000000000000000     
   147.00000000000000       0.99561668000000014       -4.3801449000000006E-003   0.0000000000000000        0.0000000000000000        0.0000000000000000     
   148.00000000000000       0.99567983000000004       -4.3172113999999998E-003   0.0000000000000000        0.0000000000000000        0.0000000000000000     
   149.00000000000000       0.99574298000000017       -4.2554735000000007E-003   0.0000000000000000        0.0000000000000000        0.0000000000000000     
   150.00000000000000       0.99580276000000012       -4.1950986000000006E-003   0.0000000000000000        0.0000000000000000        0.0000000000000000     
   151.00000000000000       0.99586591000000002       -4.1358530000000001E-003   0.0000000000000000        0.0000000000000000        0.0000000000000000     
   152.00000000000000       0.99591906000000008       -4.0778704000000001E-003   0.0000000000000000        0.0000000000000000        0.0000000000000000     
   153.00000000000000       0.99598220999999998       -4.0209508000000000E-003   0.0000000000000000        0.0000000000000000        0.0000000000000000     
   154.00000000000000       0.99603536000000004       -3.9652604999999997E-003   0.0000000000000000        0.0000000000000000        0.0000000000000000     
   155.00000000000000       0.99608851000000009       -3.9106006000000004E-003   0.0000000000000000        0.0000000000000000        0.0000000000000000     
   156.00000000000000       0.99614503000000010       -3.8570373999999999E-003   0.0000000000000000        0.0000000000000000        0.0000000000000000     
   157.00000000000000       0.99619818000000016       -3.8045035000000000E-003   0.0000000000000000        0.0000000000000000        0.0000000000000000     
   158.00000000000000       0.99624470000000009       -3.7530999999999997E-003   0.0000000000000000        0.0000000000000000        0.0000000000000000     
   159.00000000000000       0.99629785000000015       -3.7025932000000002E-003   0.0000000000000000        0.0000000000000000        0.0000000000000000     
   160.00000000000000       0.99634437000000009       -3.6531167999999999E-003   0.0000000000000000        0.0000000000000000        0.0000000000000000     
   161.00000000000000       0.99639425999999998       -3.6045371000000001E-003   0.0000000000000000        0.0000000000000000        0.0000000000000000     
   162.00000000000000       0.99644741000000003       -3.5569215000000000E-003   0.0000000000000000        0.0000000000000000        0.0000000000000000     
   163.00000000000000       0.99649392999999997       -3.5102689000000003E-003   0.0000000000000000        0.0000000000000000        0.0000000000000000     
   164.00000000000000       0.99653382000000001       -3.4644141000000003E-003   0.0000000000000000        0.0000000000000000        0.0000000000000000     
   165.00000000000000       0.99657697000000001       -3.4194560000000000E-003   0.0000000000000000        0.0000000000000000        0.0000000000000000     
   166.00000000000000       0.99662349000000006       -3.3753620000000002E-003   0.0000000000000000        0.0000000000000000        0.0000000000000000     
   167.00000000000000       0.99667001000000011       -3.3321321000000003E-003   0.0000000000000000        0.0000000000000000        0.0000000000000000     
   168.00000000000000       0.99670990000000004       -3.2896663000000007E-003   0.0000000000000000        0.0000000000000000        0.0000000000000000     
   169.00000000000000       0.99674979000000008       -3.2479646000000001E-003   0.0000000000000000        0.0000000000000000        0.0000000000000000     
   170.00000000000000       0.99679631000000002       -3.2070270000000003E-003   0.0000000000000000        0.0000000000000000        0.0000000000000000     
   171.00000000000000       0.99683283000000000       -3.1669198000000005E-003   0.0000000000000000        0.0000000000000000        0.0000000000000000     
   172.00000000000000       0.99687272000000005       -3.1274777999999999E-003   0.0000000000000000        0.0000000000000000        0.0000000000000000     
   173.00000000000000       0.99691260999999998       -3.0887662000000007E-003   0.0000000000000000        0.0000000000000000        0.0000000000000000     
   174.00000000000000       0.99694913000000007       -3.0508524000000003E-003   0.0000000000000000        0.0000000000000000        0.0000000000000000     
   175.00000000000000       0.99698902000000000       -3.0135364000000004E-003   0.0000000000000000        0.0000000000000000        0.0000000000000000     
   176.00000000000000       0.99702227999999993       -2.9769181999999999E-003   0.0000000000000000        0.0000000000000000        0.0000000000000000     
   177.00000000000000       0.99705880000000002       -2.9409315000000001E-003   0.0000000000000000        0.0000000000000000        0.0000000000000000     
   178.00000000000000       0.99709869000000007       -2.9056088999999999E-003   0.0000000000000000        0.0000000000000000        0.0000000000000000     
   179.00000000000000       0.99712858000000004       -2.8709178000000000E-003   0.0000000000000000        0.0000000000000000        0.0000000000000000     
   180.00000000000000       0.99716184000000019       -2.8367582000000001E-003   0.0000000000000000        0.0000000000000000        0.0000000000000000     
   181.00000000000000       0.99719836000000006       -2.8032964000000000E-003   0.0000000000000000        0.0000000000000000        0.0000000000000000     
   182.00000000000000       0.99722825000000004       -2.7703661000000003E-003   0.0000000000000000        0.0000000000000000        0.0000000000000000     
   183.00000000000000       0.99726151000000018       -2.7380672999999999E-003   0.0000000000000000        0.0000000000000000        0.0000000000000000     
   184.00000000000000       0.99729140000000005       -2.7063000000000000E-003   0.0000000000000000        0.0000000000000000        0.0000000000000000     
   185.00000000000000       0.99732466000000008       -2.6750642000000001E-003   0.0000000000000000        0.0000000000000000        0.0000000000000000     
   186.00000000000000       0.99735455000000006       -2.6443935999999999E-003   0.0000000000000000        0.0000000000000000        0.0000000000000000     
   187.00000000000000       0.99738444000000004       -2.6142545000000005E-003   0.0000000000000000        0.0000000000000000        0.0000000000000000     
   188.00000000000000       0.99741769999999996       -2.5846132000000000E-003   0.0000000000000000        0.0000000000000000        0.0000000000000000     
   189.00000000000000       0.99744759000000016       -2.5554708000000005E-003   0.0000000000000000        0.0000000000000000        0.0000000000000000     
   190.00000000000000       0.99747085000000002       -2.5268599000000001E-003   0.0000000000000000        0.0000000000000000        0.0000000000000000     
   191.00000000000000       0.99750074000000011       -2.4986479000000000E-003   0.0000000000000000        0.0000000000000000        0.0000000000000000     
   192.00000000000000       0.99753062999999997       -2.4709674000000003E-003   0.0000000000000000        0.0000000000000000        0.0000000000000000     
   193.00000000000000       0.99755726000000000       -2.4437183999999998E-003   0.0000000000000000        0.0000000000000000        0.0000000000000000     
   194.00000000000000       0.99758052000000008       -2.4169683000000003E-003   0.0000000000000000        0.0000000000000000        0.0000000000000000     
   195.00000000000000       0.99761041000000006       -2.3905834000000001E-003   0.0000000000000000        0.0000000000000000        0.0000000000000000     
   196.00000000000000       0.99763367000000003       -2.3646637000000002E-003   0.0000000000000000        0.0000000000000000        0.0000000000000000     
   197.00000000000003       0.99765693000000000       -2.3392092000000001E-003   0.0000000000000000        0.0000000000000000        0.0000000000000000     
   198.00000000000000       0.99768681999999997       -2.3141536000000004E-003   0.0000000000000000        0.0000000000000000        0.0000000000000000     
   199.00000000000000       0.99771008000000005       -2.2894632000000003E-003   0.0000000000000000        0.0000000000000000        0.0000000000000000     
   200.00000000000000       0.99773671000000008       -2.2651717000000001E-003   0.0000000000000000        0.0000000000000000        0.0000000000000000     
   201.00000000000000       0.99775997000000005       -2.2413117000000000E-003   0.0000000000000000        0.0000000000000000        0.0000000000000000     
   202.00000000000000       0.99778323000000002       -2.2178180000000003E-003   0.0000000000000000        0.0000000000000000        0.0000000000000000     
   203.00000000000000       0.99780649000000010       -2.1946558000000001E-003   0.0000000000000000        0.0000000000000000        0.0000000000000000     
   204.00000000000000       0.99782975000000018       -2.1718925000000001E-003   0.0000000000000000        0.0000000000000000        0.0000000000000000     
   205.00000000000003       0.99785301000000004       -2.1494618000000004E-003   0.0000000000000000        0.0000000000000000        0.0000000000000000     
   206.00000000000000       0.99787627000000001       -2.1274693400000003E-003   0.0000000000000000        0.0000000000000000        0.0000000000000000     
   207.00000000000000       0.99789290000000008       -2.1057195900000001E-003   0.0000000000000000        0.0000000000000000        0.0000000000000000     
   208.00000000000000       0.99791616000000005       -2.0843518899999998E-003   0.0000000000000000        0.0000000000000000        0.0000000000000000     
   209.00000000000000       0.99793605000000007       -2.0632932000000000E-003   0.0000000000000000        0.0000000000000000        0.0000000000000000     
   210.00000000000003       0.99795931000000015       -2.0425468900000000E-003   0.0000000000000000        0.0000000000000000        0.0000000000000000     
   211.00000000000000       0.99797594000000012       -2.0221758900000001E-003   0.0000000000000000        0.0000000000000000        0.0000000000000000     
   212.00000000000000       0.99799919999999998       -2.0020476000000001E-003   0.0000000000000000        0.0000000000000000        0.0000000000000000     
   213.00000000000000       0.99801583000000005       -1.9822249500000000E-003   0.0000000000000000        0.0000000000000000        0.0000000000000000     
   214.00000000000000       0.99803909000000002       -1.9627776099999999E-003   0.0000000000000000        0.0000000000000000        0.0000000000000000     
   215.00000000000000       0.99805572000000009       -1.9435066800000001E-003   0.0000000000000000        0.0000000000000000        0.0000000000000000     
   216.00000000000000       0.99807898000000006       -1.9246043199999999E-003   0.0000000000000000        0.0000000000000000        0.0000000000000000     
   217.00000000000000       0.99809561000000002       -1.9059413000000001E-003   0.0000000000000000        0.0000000000000000        0.0000000000000000     
   218.00000000000003       0.99810887000000004       -1.8875839200000000E-003   0.0000000000000000        0.0000000000000000        0.0000000000000000     
   219.00000000000000       0.99813213000000012       -1.8695288100000003E-003   0.0000000000000000        0.0000000000000000        0.0000000000000000     
   220.00000000000000       0.99814876000000008       -1.8516433700000001E-003   0.0000000000000000        0.0000000000000000        0.0000000000000000     
   221.00000000000000       0.99816539000000004       -1.8340635700000000E-003   0.0000000000000000        0.0000000000000000        0.0000000000000000     
   222.00000000000000       0.99818202000000000       -1.8167826700000002E-003   0.0000000000000000        0.0000000000000000        0.0000000000000000     
   223.00000000000003       0.99820191000000014       -1.7996680700000001E-003   0.0000000000000000        0.0000000000000000        0.0000000000000000     
   224.00000000000000       0.99821854000000010       -1.7828557399999999E-003   0.0000000000000000        0.0000000000000000        0.0000000000000000     
   225.00000000000000       0.99823517000000006       -1.7662760100000002E-003   0.0000000000000000        0.0000000000000000        0.0000000000000000     
   226.00000000000000       0.99825180000000002       -1.7499288800000002E-003   0.0000000000000000        0.0000000000000000        0.0000000000000000     
   227.00000000000000       0.99826506000000004       -1.7338143500000003E-003   0.0000000000000000        0.0000000000000000        0.0000000000000000     
   228.00000000000000       0.99828169000000011       -1.7179324200000002E-003   0.0000000000000000        0.0000000000000000        0.0000000000000000     
   229.00000000000000       0.99829831999999996       -1.7022134199999998E-003   0.0000000000000000        0.0000000000000000        0.0000000000000000     
   230.00000000000000       0.99831157999999998       -1.6867899500000001E-003   0.0000000000000000        0.0000000000000000        0.0000000000000000     
   231.00000000000003       0.99832821000000005       -1.6715294100000003E-003   0.0000000000000000        0.0000000000000000        0.0000000000000000     
   232.00000000000000       0.99834484000000012       -1.6565014700000002E-003   0.0000000000000000        0.0000000000000000        0.0000000000000000     
   233.00000000000000       0.99835810000000014       -1.6416993900000001E-003   0.0000000000000000        0.0000000000000000        0.0000000000000000     
   234.00000000000000       0.99837473000000010       -1.6270602400000002E-003   0.0000000000000000        0.0000000000000000        0.0000000000000000     
   235.00000000000000       0.99839136000000006       -1.6126503200000000E-003   0.0000000000000000        0.0000000000000000        0.0000000000000000     
   236.00000000000003       0.99839799000000018       -1.5983999600000002E-003   0.0000000000000000        0.0000000000000000        0.0000000000000000     
   237.00000000000000       0.99841462000000014       -1.5843754600000000E-003   0.0000000000000000        0.0000000000000000        0.0000000000000000     
   238.00000000000000       0.99843125000000010       -1.5705105200000001E-003   0.0000000000000000        0.0000000000000000        0.0000000000000000     
   239.00000000000003       0.99844451000000012       -1.5568051400000000E-003   0.0000000000000000        0.0000000000000000        0.0000000000000000     
   240.00000000000000       0.99845450999999996       -1.5433256200000000E-003   0.0000000000000000        0.0000000000000000        0.0000000000000000     
   241.00000000000000       0.99847114000000003       -1.5300719600000001E-003   0.0000000000000000        0.0000000000000000        0.0000000000000000     
   242.00000000000000       0.99848440000000005       -1.5169115600000001E-003   0.0000000000000000        0.0000000000000000        0.0000000000000000     
   243.00000000000000       0.99849440000000000       -1.5039702800000003E-003   0.0000000000000000        0.0000000000000000        0.0000000000000000     
   244.00000000000003       0.99850766000000002       -1.4911919300000000E-003   0.0000000000000000        0.0000000000000000        0.0000000000000000     
   245.00000000000000       0.99852428999999998       -1.4785664000000001E-003   0.0000000000000000        0.0000000000000000        0.0000000000000000     
   246.00000000000000       0.99853092000000010       -1.4660970600000002E-003   0.0000000000000000        0.0000000000000000        0.0000000000000000     
   247.00000000000000       0.99854755000000006       -1.4537872800000002E-003   0.0000000000000000        0.0000000000000000        0.0000000000000000     
   248.00000000000000       0.99855755000000002       -1.4416303200000000E-003   0.0000000000000000        0.0000000000000000        0.0000000000000000     
   249.00000000000003       0.99857081000000003       -1.4296295500000002E-003   0.0000000000000000        0.0000000000000000        0.0000000000000000     
   250.00000000000000       0.99858080999999999       -1.4177849700000001E-003   0.0000000000000000        0.0000000000000000        0.0000000000000000     
   251.00000000000000       0.99859407000000000       -1.4060932100000000E-003   0.0000000000000000        0.0000000000000000        0.0000000000000000     
   252.00000000000003       0.99860407000000007       -1.3945576400000001E-003   0.0000000000000000        0.0000000000000000        0.0000000000000000     
   253.00000000000000       0.99861733000000008       -1.3831748899999999E-003   0.0000000000000000        0.0000000000000000        0.0000000000000000     
   254.00000000000000       0.99862733000000015       -1.3719449600000000E-003   0.0000000000000000        0.0000000000000000        0.0000000000000000     
   255.00000000000000       0.99864058999999994       -1.3608015500000002E-003   0.0000000000000000        0.0000000000000000        0.0000000000000000     
   256.00000000000000       0.99865059000000012       -1.3498109600000000E-003   0.0000000000000000        0.0000000000000000        0.0000000000000000     
   257.00000000000000       0.99865722000000001       -1.3389765600000001E-003   0.0000000000000000        0.0000000000000000        0.0000000000000000     
   258.00000000000000       0.99867385000000009       -1.3282916100000001E-003   0.0000000000000000        0.0000000000000000        0.0000000000000000     
   259.00000000000000       0.99868048000000020       -1.3176931800000001E-003   0.0000000000000000        0.0000000000000000        0.0000000000000000     
   260.00000000000000       0.99869048000000005       -1.3072442000000000E-003   0.0000000000000000        0.0000000000000000        0.0000000000000000     
   261.00000000000000       0.99870374000000006       -1.2968817400000000E-003   0.0000000000000000        0.0000000000000000        0.0000000000000000     
   262.00000000000000       0.99871374000000013       -1.2867384000000001E-003   0.0000000000000000        0.0000000000000000        0.0000000000000000     
   263.00000000000000       0.99872037000000002       -1.2766119100000002E-003   0.0000000000000000        0.0000000000000000        0.0000000000000000     
   264.00000000000000       0.99873699999999999       -1.2667011700000000E-003   0.0000000000000000        0.0000000000000000        0.0000000000000000     
   265.00000000000000       0.99874363000000010       -1.2568106499999999E-003   0.0000000000000000        0.0000000000000000        0.0000000000000000     
   266.00000000000000       0.99875362999999995       -1.2471358800000001E-003   0.0000000000000000        0.0000000000000000        0.0000000000000000     
   267.00000000000000       0.99876026000000007       -1.2374779600000003E-003   0.0000000000000000        0.0000000000000000        0.0000000000000000     
   268.00000000000000       0.99877352000000008       -1.2279694900000000E-003   0.0000000000000000        0.0000000000000000        0.0000000000000000     
   269.00000000000000       0.99878351999999992       -1.2186070999999998E-003   0.0000000000000000        0.0000000000000000        0.0000000000000000     
   270.00000000000000       0.99879015000000004       -1.2093312300000001E-003   0.0000000000000000        0.0000000000000000        0.0000000000000000     
   271.00000000000000       0.99880015000000011       -1.2001385100000000E-003   0.0000000000000000        0.0000000000000000        0.0000000000000000     
   272.00000000000000       0.99880678000000001       -1.1910918700000000E-003   0.0000000000000000        0.0000000000000000        0.0000000000000000     
   273.00000000000000       0.99881678000000007       -1.1821283800000002E-003   0.0000000000000000        0.0000000000000000        0.0000000000000000     
   274.00000000000000       0.99882341000000008       -1.1732446700000001E-003   0.0000000000000000        0.0000000000000000        0.0000000000000000     
   275.00000000000000       0.99883667000000009       -1.1645104100000000E-003   0.0000000000000000        0.0000000000000000        0.0000000000000000     
   276.00000000000000       0.99884667000000005       -1.1558593000000001E-003   0.0000000000000000        0.0000000000000000        0.0000000000000000     
   277.00000000000000       0.99885330000000006       -1.1472845999999999E-003   0.0000000000000000        0.0000000000000000        0.0000000000000000     
   278.00000000000000       0.99886330000000012       -1.1388593500000000E-003   0.0000000000000000        0.0000000000000000        0.0000000000000000     
   279.00000000000000       0.99886993000000002       -1.1304509500000000E-003   0.0000000000000000        0.0000000000000000        0.0000000000000000     
   280.00000000000000       0.99887656000000014       -1.1221852600000002E-003   0.0000000000000000        0.0000000000000000        0.0000000000000000     
   281.00000000000000       0.99888655999999998       -1.1140027199999999E-003   0.0000000000000000        0.0000000000000000        0.0000000000000000     
   282.00000000000000       0.99889319000000010       -1.1058999600000001E-003   0.0000000000000000        0.0000000000000000        0.0000000000000000     
   283.00000000000000       0.99890319000000005       -1.0978769800000000E-003   0.0000000000000000        0.0000000000000000        0.0000000000000000     
   284.00000000000000       0.99890982000000006       -1.0899967100000000E-003   0.0000000000000000        0.0000000000000000        0.0000000000000000     
   285.00000000000000       0.99891645000000007       -1.0821332900000002E-003   0.0000000000000000        0.0000000000000000        0.0000000000000000     
   286.00000000000000       0.99892645000000002       -1.0744159500000001E-003   0.0000000000000000        0.0000000000000000        0.0000000000000000     
   287.00000000000000       0.99893308000000003       -1.0667750200000000E-003   0.0000000000000000        0.0000000000000000        0.0000000000000000     
   288.00000000000000       0.99893971000000004       -1.0591475700000002E-003   0.0000000000000000        0.0000000000000000        0.0000000000000000     
   289.00000000000000       0.99894971000000010       -1.0516662000000002E-003   0.0000000000000000        0.0000000000000000        0.0000000000000000     
   290.00000000000000       0.99895634000000011       -1.0442612400000000E-003   0.0000000000000000        0.0000000000000000        0.0000000000000000     
   291.00000000000000       0.99896297000000012       -1.0369360600000000E-003   0.0000000000000000        0.0000000000000000        0.0000000000000000     
   292.00000000000000       0.99897297000000007       -1.0296243600000001E-003   0.0000000000000000        0.0000000000000000        0.0000000000000000     
   293.00000000000000       0.99897960000000008       -1.0224553700000001E-003   0.0000000000000000        0.0000000000000000        0.0000000000000000     
   294.00000000000000       0.99898623000000009       -1.0153661600000000E-003   0.0000000000000000        0.0000000000000000        0.0000000000000000     
   295.00000000000000       0.99898960000000003       -1.0083499900000001E-003   0.0000000000000000        0.0000000000000000        0.0000000000000000     
   296.00000000000000       0.99899623000000015       -1.0013506700000002E-003   0.0000000000000000        0.0000000000000000        0.0000000000000000     
   297.00000000000000       0.99900286000000005       -9.9449069000000006E-004   0.0000000000000000        0.0000000000000000        0.0000000000000000     
   298.00000000000000       0.99901286000000011       -9.8764419000000009E-004   0.0000000000000000        0.0000000000000000        0.0000000000000000     
   299.00000000000000       0.99901949000000001       -9.8094040000000016E-004   0.0000000000000000        0.0000000000000000        0.0000000000000000     
   300.00000000000000       0.99902612000000013       -9.7424671999999995E-004   0.0000000000000000        0.0000000000000000        0.0000000000000000     
   301.00000000000000       0.99903611999999997       -9.6763282000000004E-004   0.0000000000000000        0.0000000000000000        0.0000000000000000     
   302.00000000000000       0.99903611999999997       -9.6109196000000003E-004   0.0000000000000000        0.0000000000000000        0.0000000000000000     
   303.00000000000000       0.99904275000000009       -9.5463087999999999E-004   0.0000000000000000        0.0000000000000000        0.0000000000000000     
   304.00000000000000       0.99905275000000004       -9.4824284000000008E-004   0.0000000000000000        0.0000000000000000        0.0000000000000000     
   305.00000000000000       0.99905938000000005       -9.4193458000000002E-004   0.0000000000000000        0.0000000000000000        0.0000000000000000     
   306.00000000000000       0.99906601000000006       -9.3563305999999993E-004   0.0000000000000000        0.0000000000000000        0.0000000000000000     
   307.00000000000000       0.99906601000000006       -9.2941132000000002E-004   0.0000000000000000        0.0000000000000000        0.0000000000000000     
   308.00000000000000       0.99907601000000001       -9.2326261999999991E-004   0.0000000000000000        0.0000000000000000        0.0000000000000000     
   309.00000000000000       0.99908263999999991       -9.1719033000000000E-004   0.0000000000000000        0.0000000000000000        0.0000000000000000     
   310.00000000000000       0.99908927000000003       -9.1112815000000014E-004   0.0000000000000000        0.0000000000000000        0.0000000000000000     
   311.00000000000000       0.99909926999999998       -9.0520530999999992E-004   0.0000000000000000        0.0000000000000000        0.0000000000000000     
   312.00000000000000       0.99909926999999998       -8.9929595000000015E-004   0.0000000000000000        0.0000000000000000        0.0000000000000000     
   313.00000000000000       0.99910590000000010       -8.9338995999999993E-004   0.0000000000000000        0.0000000000000000        0.0000000000000000     
   314.00000000000000       0.99911253000000000       -8.8763004999999995E-004   0.0000000000000000        0.0000000000000000        0.0000000000000000     
   315.00000000000000       0.99911590000000006       -8.8187688000000014E-004   0.0000000000000000        0.0000000000000000        0.0000000000000000     
   316.00000000000000       0.99912252999999995       -8.7620012000000000E-004   0.0000000000000000        0.0000000000000000        0.0000000000000000     
   317.00000000000000       0.99912916000000007       -8.7059640000000009E-004   0.0000000000000000        0.0000000000000000        0.0000000000000000     
   318.00000000000000       0.99913578999999997       -8.6500279000000001E-004   0.0000000000000000        0.0000000000000000        0.0000000000000000     
   319.00000000000000       0.99913916000000003       -8.5948559000000014E-004   0.0000000000000000        0.0000000000000000        0.0000000000000000     
   320.00000000000000       0.99914579000000003       -8.5403806000000008E-004   0.0000000000000000        0.0000000000000000        0.0000000000000000     
   321.00000000000000       0.99915242000000004       -8.4860064000000007E-004   0.0000000000000000        0.0000000000000000        0.0000000000000000     
   322.00000000000000       0.99915579000000010       -8.4323963000000016E-004   0.0000000000000000        0.0000000000000000        0.0000000000000000     
   323.00000000000000       0.99916242000000000       -8.3795165999999994E-004   0.0000000000000000        0.0000000000000000        0.0000000000000000     
   324.00000000000000       0.99916905000000011       -8.3267043000000011E-004   0.0000000000000000        0.0000000000000000        0.0000000000000000     
   325.00000000000000       0.99916905000000011       -8.2746561000000005E-004   0.0000000000000000        0.0000000000000000        0.0000000000000000     
   326.00000000000000       0.99917568000000001       -8.2233383000000011E-004   0.0000000000000000        0.0000000000000000        0.0000000000000000     
   327.00000000000000       0.99918568000000008       -8.1720879000000014E-004   0.0000000000000000        0.0000000000000000        0.0000000000000000     
   328.00000000000000       0.99918568000000008       -8.1215679000000006E-004   0.0000000000000000        0.0000000000000000        0.0000000000000000     
   329.00000000000000       0.99919231000000008       -8.0717783000000011E-004   0.0000000000000000        0.0000000000000000        0.0000000000000000     
   330.00000000000000       0.99919894000000009       -8.0220897999999999E-004   0.0000000000000000        0.0000000000000000        0.0000000000000000     
   331.00000000000000       0.99920231000000004       -7.9724687000000004E-004   0.0000000000000000        0.0000000000000000        0.0000000000000000     
   332.00000000000000       0.99920894000000005       -7.9235780000000010E-004   0.0000000000000000        0.0000000000000000        0.0000000000000000     
   333.00000000000000       0.99920894000000005       -7.8754840000000003E-004   0.0000000000000000        0.0000000000000000        0.0000000000000000     
   334.00000000000000       0.99921556999999994       -7.8275900000000006E-004   0.0000000000000000        0.0000000000000000        0.0000000000000000     
   335.00000000000000       0.99922557000000012       -7.7801611999999993E-004   0.0000000000000000        0.0000000000000000        0.0000000000000000     
   336.00000000000000       0.99922557000000012       -7.7331313000000000E-004   0.0000000000000000        0.0000000000000000        0.0000000000000000     
   337.00000000000000       0.99923220000000001       -7.6865666000000001E-004   0.0000000000000000        0.0000000000000000        0.0000000000000000     
   338.00000000000000       0.99923220000000001       -7.6404008000000002E-004   0.0000000000000000        0.0000000000000000        0.0000000000000000     
   339.00000000000000       0.99923883000000013       -7.5947002000000007E-004   0.0000000000000000        0.0000000000000000        0.0000000000000000     
   340.00000000000000       0.99924882999999998       -7.5493985000000012E-004   0.0000000000000000        0.0000000000000000        0.0000000000000000     
   341.00000000000000       0.99924882999999998       -7.5044957000000004E-004   0.0000000000000000        0.0000000000000000        0.0000000000000000     
   342.00000000000000       0.99925545999999998       -7.4599917999999994E-004   0.0000000000000000        0.0000000000000000        0.0000000000000000     
   343.00000000000000       0.99925545999999998       -7.4158530999999996E-004   0.0000000000000000        0.0000000000000000        0.0000000000000000     
   344.00000000000000       0.99926546000000005       -7.3721132999999997E-004   0.0000000000000000        0.0000000000000000        0.0000000000000000     
   345.00000000000000       0.99926546000000005       -7.3288060999999994E-004   0.0000000000000000        0.0000000000000000        0.0000000000000000     
   346.00000000000000       0.99927209000000006       -7.2858641000000013E-004   0.0000000000000000        0.0000000000000000        0.0000000000000000     
   347.00000000000000       0.99927209000000006       -7.2432210000000004E-004   0.0000000000000000        0.0000000000000000        0.0000000000000000     
   348.00000000000000       0.99927872000000006       -7.2010768000000010E-004   0.0000000000000000        0.0000000000000000        0.0000000000000000     
   349.00000000000000       0.99928872000000002       -7.1592314999999998E-004   0.0000000000000000        0.0000000000000000        0.0000000000000000     
   350.00000000000000       0.99928872000000002       -7.1177851000000006E-004   0.0000000000000000        0.0000000000000000        0.0000000000000000     
   351.00000000000000       0.99929535000000014       -7.0766376000000008E-004   0.0000000000000000        0.0000000000000000        0.0000000000000000     
   352.00000000000000       0.99929535000000014       -7.0359227000000007E-004   0.0000000000000000        0.0000000000000000        0.0000000000000000     
   353.00000000000000       0.99930198000000003       -6.9955730000000006E-004   0.0000000000000000        0.0000000000000000        0.0000000000000000     
   354.00000000000000       0.99930534999999998       -6.9555221999999999E-004   0.0000000000000000        0.0000000000000000        0.0000000000000000     
   355.00000000000000       0.99931198000000010       -6.9158040000000015E-004   0.0000000000000000        0.0000000000000000        0.0000000000000000     
   356.00000000000000       0.99931198000000010       -6.8764847000000009E-004   0.0000000000000000        0.0000000000000000        0.0000000000000000     
   357.00000000000000       0.99931861000000000       -6.8374643000000007E-004   0.0000000000000000        0.0000000000000000        0.0000000000000000     
   358.00000000000000       0.99931861000000000       -6.7987765000000007E-004   0.0000000000000000        0.0000000000000000        0.0000000000000000     
   359.00000000000000       0.99932524000000011       -6.7604212999999999E-004   0.0000000000000000        0.0000000000000000        0.0000000000000000     
   360.00000000000000       0.99932861000000006       -6.7224313000000002E-004   0.0000000000000000        0.0000000000000000        0.0000000000000000     
   361.00000000000000       0.99933524000000018       -6.6846739000000002E-004   0.0000000000000000        0.0000000000000000        0.0000000000000000     
   362.00000000000000       0.99933524000000018       -6.6473154000000001E-004   0.0000000000000000        0.0000000000000000        0.0000000000000000     
   363.00000000000000       0.99933524000000018       -6.6102232000000006E-004   0.0000000000000000        0.0000000000000000        0.0000000000000000     
   364.00000000000000       0.99934187000000008       -6.5734624999999993E-004   0.0000000000000000        0.0000000000000000        0.0000000000000000     
   365.00000000000000       0.99934524000000002       -6.5370018000000005E-004   0.0000000000000000        0.0000000000000000        0.0000000000000000     
   366.00000000000000       0.99935186999999992       -6.5008726000000008E-004   0.0000000000000000        0.0000000000000000        0.0000000000000000     
   367.00000000000000       0.99935186999999992       -6.4650434000000005E-004   0.0000000000000000        0.0000000000000000        0.0000000000000000     
   368.00000000000000       0.99935850000000004       -6.4294794000000009E-004   0.0000000000000000        0.0000000000000000        0.0000000000000000     
   369.00000000000000       0.99935850000000004       -6.3941817000000008E-004   0.0000000000000000        0.0000000000000000        0.0000000000000000     
   370.00000000000000       0.99936512999999993       -6.3592492000000007E-004   0.0000000000000000        0.0000000000000000        0.0000000000000000     
   371.00000000000000       0.99936850000000010       -6.3245830000000002E-004   0.0000000000000000        0.0000000000000000        0.0000000000000000     
   372.00000000000000       0.99937513000000022       -6.2901494000000004E-004   0.0000000000000000        0.0000000000000000        0.0000000000000000     
   373.00000000000000       0.99937513000000022       -6.2560809999999997E-004   0.0000000000000000        0.0000000000000000        0.0000000000000000     
   374.00000000000000       0.99937513000000022       -6.2222126000000000E-004   0.0000000000000000        0.0000000000000000        0.0000000000000000     
   375.00000000000000       0.99938176000000012       -6.1887094000000003E-004   0.0000000000000000        0.0000000000000000        0.0000000000000000     
   376.00000000000000       0.99938176000000012       -6.1553725000000007E-004   0.0000000000000000        0.0000000000000000        0.0000000000000000     
   377.00000000000000       0.99938839000000002       -6.1223345000000005E-004   0.0000000000000000        0.0000000000000000        0.0000000000000000     
   378.00000000000000       0.99939175999999996       -6.0896291000000005E-004   0.0000000000000000        0.0000000000000000        0.0000000000000000     
   379.00000000000000       0.99939175999999996       -6.0571563000000003E-004   0.0000000000000000        0.0000000000000000        0.0000000000000000     
   380.00000000000000       0.99939839000000008       -6.0249161000000009E-004   0.0000000000000000        0.0000000000000000        0.0000000000000000     
   381.00000000000000       0.99939839000000008       -5.9929421999999999E-004   0.0000000000000000        0.0000000000000000        0.0000000000000000     
   382.00000000000000       0.99940501999999998       -5.9612335000000006E-004   0.0000000000000000        0.0000000000000000        0.0000000000000000     
   383.00000000000000       0.99940501999999998       -5.9297911000000009E-004   0.0000000000000000        0.0000000000000000        0.0000000000000000     
   384.00000000000000       0.99940839000000015       -5.8985813000000009E-004   0.0000000000000000        0.0000000000000000        0.0000000000000000     
   385.00000000000000       0.99941502000000004       -5.8676041000000007E-004   0.0000000000000000        0.0000000000000000        0.0000000000000000     
   386.00000000000000       0.99941502000000004       -5.8368595000000013E-004   0.0000000000000000        0.0000000000000000        0.0000000000000000     
   387.00000000000000       0.99942165000000016       -5.8063812000000003E-004   0.0000000000000000        0.0000000000000000        0.0000000000000000     
   388.00000000000000       0.99942165000000016       -5.7761681000000000E-004   0.0000000000000000        0.0000000000000000        0.0000000000000000     
   389.00000000000006       0.99942165000000016       -5.7461550000000006E-004   0.0000000000000000        0.0000000000000000        0.0000000000000000     
   390.00000000000000       0.99942828000000006       -5.7163745000000010E-004   0.0000000000000000        0.0000000000000000        0.0000000000000000     
   391.00000000000000       0.99943165000000000       -5.6867929000000003E-004   0.0000000000000000        0.0000000000000000        0.0000000000000000     
   392.00000000000000       0.99943828000000012       -5.6575439000000009E-004   0.0000000000000000        0.0000000000000000        0.0000000000000000     
   393.00000000000000       0.99943828000000012       -5.6284611999999994E-004   0.0000000000000000        0.0000000000000000        0.0000000000000000     
   394.00000000000006       0.99943828000000012       -5.5996111000000009E-004   0.0000000000000000        0.0000000000000000        0.0000000000000000     
   395.00000000000000       0.99944491000000002       -5.5709273000000004E-004   0.0000000000000000        0.0000000000000000        0.0000000000000000     
   396.00000000000000       0.99944491000000002       -5.5425761000000000E-004   0.0000000000000000        0.0000000000000000        0.0000000000000000     
   397.00000000000000       0.99944491000000002       -5.5143575000000001E-004   0.0000000000000000        0.0000000000000000        0.0000000000000000     
   398.00000000000000       0.99945491000000009       -5.4863715000000009E-004   0.0000000000000000        0.0000000000000000        0.0000000000000000     
   399.00000000000006       0.99945491000000009       -5.4586180999999993E-004   0.0000000000000000        0.0000000000000000        0.0000000000000000     
   400.00000000000000       0.99945491000000009       -5.4310310000000000E-004   0.0000000000000000        0.0000000000000000        0.0000000000000000     
   401.00000000000000       0.99946153999999998       -5.4036765000000004E-004   0.0000000000000000        0.0000000000000000        0.0000000000000000     
   402.00000000000000       0.99946153999999998       -5.3765883000000004E-004   0.0000000000000000        0.0000000000000000        0.0000000000000000     
   403.00000000000000       0.99946153999999998       -5.3496326999999996E-004   0.0000000000000000        0.0000000000000000        0.0000000000000000     
   404.00000000000000       0.99946817000000010       -5.3229097000000007E-004   0.0000000000000000        0.0000000000000000        0.0000000000000000     
   405.00000000000000       0.99946817000000010       -5.2963530000000008E-004   0.0000000000000000        0.0000000000000000        0.0000000000000000     
   406.00000000000000       0.99947154000000005       -5.2700289000000007E-004   0.0000000000000000        0.0000000000000000        0.0000000000000000     
   407.00000000000000       0.99947816999999994       -5.2439374000000003E-004   0.0000000000000000        0.0000000000000000        0.0000000000000000     
   408.00000000000000       0.99947816999999994       -5.2180122000000000E-004   0.0000000000000000        0.0000000000000000        0.0000000000000000     
   409.00000000000000       0.99947816999999994       -5.1922196000000001E-004   0.0000000000000000        0.0000000000000000        0.0000000000000000     
   410.00000000000006       0.99948480000000006       -5.1666932999999996E-004   0.0000000000000000        0.0000000000000000        0.0000000000000000     
   411.00000000000000       0.99948480000000006       -5.1412996000000006E-004   0.0000000000000000        0.0000000000000000        0.0000000000000000     
   412.00000000000000       0.99948480000000006       -5.1161059000000004E-004   0.0000000000000000        0.0000000000000000        0.0000000000000000     
   413.00000000000000       0.99949142999999996       -5.0911111000000002E-004   0.0000000000000000        0.0000000000000000        0.0000000000000000     
   414.00000000000000       0.99949480000000002       -5.0662826000000001E-004   0.0000000000000000        0.0000000000000000        0.0000000000000000     
   415.00000000000006       0.99949480000000002       -5.0416866999999997E-004   0.0000000000000000        0.0000000000000000        0.0000000000000000     
   416.00000000000000       0.99950143000000002       -5.0172570999999994E-004   0.0000000000000000        0.0000000000000000        0.0000000000000000     
   417.00000000000000       0.99950143000000002       -4.9929938000000003E-004   0.0000000000000000        0.0000000000000000        0.0000000000000000     
   418.00000000000000       0.99950143000000002       -4.9688631000000005E-004   0.0000000000000000        0.0000000000000000        0.0000000000000000     
   419.00000000000000       0.99950806000000003       -4.9449324000000005E-004   0.0000000000000000        0.0000000000000000        0.0000000000000000     
   420.00000000000006       0.99950806000000003       -4.9212006000000006E-004   0.0000000000000000        0.0000000000000000        0.0000000000000000     
   421.00000000000000       0.99950806000000003       -4.8976350999999996E-004   0.0000000000000000        0.0000000000000000        0.0000000000000000     
   422.00000000000000       0.99950806000000003       -4.8742358999999999E-004   0.0000000000000000        0.0000000000000000        0.0000000000000000     
   423.00000000000000       0.99951805999999999       -4.8509692999999999E-004   0.0000000000000000        0.0000000000000000        0.0000000000000000     
   424.00000000000000       0.99951805999999999       -4.8279026999999998E-004   0.0000000000000000        0.0000000000000000        0.0000000000000000     
   425.00000000000006       0.99951805999999999       -4.8050350000000003E-004   0.0000000000000000        0.0000000000000000        0.0000000000000000     
   426.00000000000000       0.99952469000000010       -4.7822673000000001E-004   0.0000000000000000        0.0000000000000000        0.0000000000000000     
   427.00000000000000       0.99952469000000010       -4.7596659000000006E-004   0.0000000000000000        0.0000000000000000        0.0000000000000000     
   428.00000000000000       0.99952469000000010       -4.7372634000000005E-004   0.0000000000000000        0.0000000000000000        0.0000000000000000     
   429.00000000000000       0.99952469000000010       -4.7149609000000003E-004   0.0000000000000000        0.0000000000000000        0.0000000000000000     
   430.00000000000000       0.99953132000000000       -4.6928909999999999E-004   0.0000000000000000        0.0000000000000000        0.0000000000000000     
   431.00000000000006       0.99953132000000000       -4.6709211000000000E-004   0.0000000000000000        0.0000000000000000        0.0000000000000000     
   432.00000000000000       0.99953469000000006       -4.6491501000000000E-004   0.0000000000000000        0.0000000000000000        0.0000000000000000     
   433.00000000000000       0.99954132000000007       -4.6275128000000003E-004   0.0000000000000000        0.0000000000000000        0.0000000000000000     
   434.00000000000000       0.99954132000000007       -4.6059744000000001E-004   0.0000000000000000        0.0000000000000000        0.0000000000000000     
   435.00000000000000       0.99954132000000007       -4.5846359999999998E-004   0.0000000000000000        0.0000000000000000        0.0000000000000000     
   436.00000000000006       0.99954132000000007       -4.5634302000000003E-004   0.0000000000000000        0.0000000000000000        0.0000000000000000     
   437.00000000000000       0.99954795000000007       -4.5423906999999999E-004   0.0000000000000000        0.0000000000000000        0.0000000000000000     
   438.00000000000000       0.99954795000000007       -4.5215174999999996E-004   0.0000000000000000        0.0000000000000000        0.0000000000000000     
   439.00000000000000       0.99954795000000007       -4.5007769000000002E-004   0.0000000000000000        0.0000000000000000        0.0000000000000000     
   440.00000000000000       0.99954795000000007       -4.4801700000000004E-004   0.0000000000000000        0.0000000000000000        0.0000000000000000     
   441.00000000000006       0.99955458000000008       -4.4596620000000002E-004   0.0000000000000000        0.0000000000000000        0.0000000000000000     
   442.00000000000000       0.99955795000000003       -4.4393540000000004E-004   0.0000000000000000        0.0000000000000000        0.0000000000000000     
   443.00000000000000       0.99955795000000003       -4.4191786000000004E-004   0.0000000000000000        0.0000000000000000        0.0000000000000000     
   444.00000000000000       0.99955795000000003       -4.3990695000000000E-004   0.0000000000000000        0.0000000000000000        0.0000000000000000     
   445.00000000000000       0.99956457999999992       -4.3791603999999995E-004   0.0000000000000000        0.0000000000000000        0.0000000000000000     
   446.00000000000006       0.99956457999999992       -4.3593839000000004E-004   0.0000000000000000        0.0000000000000000        0.0000000000000000     
   447.00000000000000       0.99956457999999992       -4.3397400000000006E-004   0.0000000000000000        0.0000000000000000        0.0000000000000000     
   448.00000000000000       0.99956457999999992       -4.3202297999999999E-004   0.0000000000000000        0.0000000000000000        0.0000000000000000     
   449.00000000000000       0.99957121000000004       -4.3008522000000002E-004   0.0000000000000000        0.0000000000000000        0.0000000000000000     
   450.00000000000000       0.99957121000000004       -4.2816072000000002E-004   0.0000000000000000        0.0000000000000000        0.0000000000000000     
   451.00000000000006       0.99957121000000004       -4.2624622000000001E-004   0.0000000000000000        0.0000000000000000        0.0000000000000000     
   452.00000000000000       0.99957121000000004       -4.2434835000000002E-004   0.0000000000000000        0.0000000000000000        0.0000000000000000     
   453.00000000000000       0.99958121000000000       -4.2246711000000004E-004   0.0000000000000000        0.0000000000000000        0.0000000000000000     
   454.00000000000000       0.99958121000000000       -4.2058913000000004E-004   0.0000000000000000        0.0000000000000000        0.0000000000000000     
   455.00000000000000       0.99958121000000000       -4.1872452000000002E-004   0.0000000000000000        0.0000000000000000        0.0000000000000000     
   456.00000000000000       0.99958121000000000       -4.1687980000000005E-004   0.0000000000000000        0.0000000000000000        0.0000000000000000     
   457.00000000000006       0.99958784000000012       -4.1503845000000000E-004   0.0000000000000000        0.0000000000000000        0.0000000000000000     
   458.00000000000000       0.99958784000000012       -4.1321699000000000E-004   0.0000000000000000        0.0000000000000000        0.0000000000000000     
   459.00000000000000       0.99958784000000012       -4.1139889999999998E-004   0.0000000000000000        0.0000000000000000        0.0000000000000000     
   460.00000000000000       0.99958784000000012       -4.0960407000000004E-004   0.0000000000000000        0.0000000000000000        0.0000000000000000     
   461.00000000000000       0.99959447000000001       -4.0781587000000000E-004   0.0000000000000000        0.0000000000000000        0.0000000000000000     
   462.00000000000006       0.99959447000000001       -4.0603430000000004E-004   0.0000000000000000        0.0000000000000000        0.0000000000000000     
   463.00000000000000       0.99959447000000001       -4.0426936000000004E-004   0.0000000000000000        0.0000000000000000        0.0000000000000000     
   464.00000000000000       0.99959784000000007       -4.0251442000000003E-004   0.0000000000000000        0.0000000000000000        0.0000000000000000     
   465.00000000000000       0.99959784000000007       -4.0077274000000006E-004   0.0000000000000000        0.0000000000000000        0.0000000000000000     
   466.00000000000000       0.99960447000000019       -3.9904106000000002E-004   0.0000000000000000        0.0000000000000000        0.0000000000000000     
   467.00000000000006       0.99960447000000019       -3.9732264000000007E-004   0.0000000000000000        0.0000000000000000        0.0000000000000000     
   468.00000000000000       0.99960447000000019       -3.9561422000000001E-004   0.0000000000000000        0.0000000000000000        0.0000000000000000     
   469.00000000000000       0.99960447000000019       -3.9391243000000002E-004   0.0000000000000000        0.0000000000000000        0.0000000000000000     
   470.00000000000000       0.99960447000000019       -3.9222726999999999E-004   0.0000000000000000        0.0000000000000000        0.0000000000000000     
   471.00000000000000       0.99961110000000009       -3.9055211000000000E-004   0.0000000000000000        0.0000000000000000        0.0000000000000000     
   472.00000000000006       0.99961110000000009       -3.8888357999999998E-004   0.0000000000000000        0.0000000000000000        0.0000000000000000     
   473.00000000000000       0.99961110000000009       -3.8722831000000005E-004   0.0000000000000000        0.0000000000000000        0.0000000000000000     
   474.00000000000000       0.99961110000000009       -3.8558967000000002E-004   0.0000000000000000        0.0000000000000000        0.0000000000000000     
   475.00000000000000       0.99961772999999998       -3.8395103000000004E-004   0.0000000000000000        0.0000000000000000        0.0000000000000000     
   476.00000000000000       0.99961772999999998       -3.8232902000000007E-004   0.0000000000000000        0.0000000000000000        0.0000000000000000     
   477.00000000000006       0.99962110000000004       -3.8071701000000005E-004   0.0000000000000000        0.0000000000000000        0.0000000000000000     
   478.00000000000006       0.99962110000000004       -3.7910826000000001E-004   0.0000000000000000        0.0000000000000000        0.0000000000000000     
   479.00000000000000       0.99962110000000004       -3.7751951000000006E-004   0.0000000000000000        0.0000000000000000        0.0000000000000000     
   480.00000000000000       0.99962773000000005       -3.7593738999999998E-004   0.0000000000000000        0.0000000000000000        0.0000000000000000     
   481.00000000000000       0.99962773000000005       -3.7436190000000001E-004   0.0000000000000000        0.0000000000000000        0.0000000000000000     
   482.00000000000000       0.99962773000000005       -3.7280304000000006E-004   0.0000000000000000        0.0000000000000000        0.0000000000000000     
   483.00000000000006       0.99962773000000005       -3.7125081000000007E-004   0.0000000000000000        0.0000000000000000        0.0000000000000000     
   484.00000000000000       0.99962773000000005       -3.6970858000000002E-004   0.0000000000000000        0.0000000000000000        0.0000000000000000     
   485.00000000000000       0.99963436000000006       -3.6817298000000004E-004   0.0000000000000000        0.0000000000000000        0.0000000000000000     
   486.00000000000000       0.99963436000000006       -3.6664738000000000E-004   0.0000000000000000        0.0000000000000000        0.0000000000000000     
   487.00000000000000       0.99963436000000006       -3.6513504000000005E-004   0.0000000000000000        0.0000000000000000        0.0000000000000000     
   488.00000000000006       0.99963436000000006       -3.6362933000000001E-004   0.0000000000000000        0.0000000000000000        0.0000000000000000     
   489.00000000000000       0.99963436000000006       -3.6213362000000007E-004   0.0000000000000000        0.0000000000000000        0.0000000000000000     
   490.00000000000000       0.99963773000000011       -3.6064791000000001E-004   0.0000000000000000        0.0000000000000000        0.0000000000000000     
   491.00000000000000       0.99964436000000001       -3.5916883000000003E-004   0.0000000000000000        0.0000000000000000        0.0000000000000000     
   492.00000000000000       0.99964436000000001       -3.5770301000000003E-004   0.0000000000000000        0.0000000000000000        0.0000000000000000     
   493.00000000000006       0.99964436000000001       -3.5624056000000006E-004   0.0000000000000000        0.0000000000000000        0.0000000000000000     
   494.00000000000000       0.99964436000000001       -3.5479137000000001E-004   0.0000000000000000        0.0000000000000000        0.0000000000000000     
   495.00000000000000       0.99964436000000001       -3.5334881000000004E-004   0.0000000000000000        0.0000000000000000        0.0000000000000000     
   496.00000000000000       0.99965099000000013       -3.5191625000000005E-004   0.0000000000000000        0.0000000000000000        0.0000000000000000     
   497.00000000000000       0.99965099000000013       -3.5049369000000001E-004   0.0000000000000000        0.0000000000000000        0.0000000000000000     
   498.00000000000006       0.99965099000000013       -3.4907776000000005E-004   0.0000000000000000        0.0000000000000000        0.0000000000000000     
   499.00000000000000       0.99965099000000013       -3.4766845999999998E-004   0.0000000000000000        0.0000000000000000        0.0000000000000000     
   500.00000000000000       0.99965099000000013       -3.4626578999999999E-004   0.0000000000000000        0.0000000000000000        0.0000000000000000     
   501.00000000000000       0.99965099000000013       -3.4488311999999999E-004   0.0000000000000000        0.0000000000000000        0.0000000000000000     
   502.00000000000000       0.99965762000000002       -3.4349708000000001E-004   0.0000000000000000        0.0000000000000000        0.0000000000000000     
   503.00000000000006       0.99965762000000002       -3.4212766999999999E-004   0.0000000000000000        0.0000000000000000        0.0000000000000000     
   504.00000000000006       0.99965762000000002       -3.4075826000000002E-004   0.0000000000000000        0.0000000000000000        0.0000000000000000     
   505.00000000000000       0.99966098999999997       -3.3940548000000007E-004   0.0000000000000000        0.0000000000000000        0.0000000000000000     
   506.00000000000000       0.99966098999999997       -3.3805270000000006E-004   0.0000000000000000        0.0000000000000000        0.0000000000000000     
   507.00000000000000       0.99966762000000009       -3.3671318000000003E-004   0.0000000000000000        0.0000000000000000        0.0000000000000000     
   508.00000000000000       0.99966762000000009       -3.3538366000000004E-004   0.0000000000000000        0.0000000000000000        0.0000000000000000     
   509.00000000000006       0.99966762000000009       -3.3405414000000001E-004   0.0000000000000000        0.0000000000000000        0.0000000000000000     
   510.00000000000000       0.99966762000000009       -3.3274125000000004E-004   0.0000000000000000        0.0000000000000000        0.0000000000000000     
   511.00000000000000       0.99966762000000009       -3.3142836000000001E-004   0.0000000000000000        0.0000000000000000        0.0000000000000000     
   512.00000000000000       0.99966762000000009       -3.3012873000000002E-004   0.0000000000000000        0.0000000000000000        0.0000000000000000     
   513.00000000000000       0.99966762000000009       -3.2883910000000002E-004   0.0000000000000000        0.0000000000000000        0.0000000000000000     
   514.00000000000000       0.99967424999999999       -3.2754946999999997E-004   0.0000000000000000        0.0000000000000000        0.0000000000000000     
   515.00000000000000       0.99967424999999999       -3.2627310000000006E-004   0.0000000000000000        0.0000000000000000        0.0000000000000000     
   516.00000000000000       0.99967424999999999       -3.2500010000000002E-004   0.0000000000000000        0.0000000000000000        0.0000000000000000     
   517.00000000000000       0.99967424999999999       -3.2373373000000000E-004   0.0000000000000000        0.0000000000000000        0.0000000000000000     
   518.00000000000000       0.99967424999999999       -3.2248062000000001E-004   0.0000000000000000        0.0000000000000000        0.0000000000000000     
   519.00000000000000       0.99967424999999999       -3.2123087999999999E-004   0.0000000000000000        0.0000000000000000        0.0000000000000000     
   520.00000000000000       0.99968088000000010       -3.1998777000000000E-004   0.0000000000000000        0.0000000000000000        0.0000000000000000     
   521.00000000000000       0.99968425000000005       -3.1875466000000000E-004   0.0000000000000000        0.0000000000000000        0.0000000000000000     
   522.00000000000000       0.99968425000000005       -3.1752481000000003E-004   0.0000000000000000        0.0000000000000000        0.0000000000000000     
   523.00000000000000       0.99968425000000005       -3.1630833000000004E-004   0.0000000000000000        0.0000000000000000        0.0000000000000000     
   524.00000000000000       0.99968425000000005       -3.1509511000000004E-004   0.0000000000000000        0.0000000000000000        0.0000000000000000     
   525.00000000000000       0.99968425000000005       -3.1388526000000001E-004   0.0000000000000000        0.0000000000000000        0.0000000000000000     
   526.00000000000000       0.99969088000000017       -3.1268867000000002E-004   0.0000000000000000        0.0000000000000000        0.0000000000000000     
   527.00000000000000       0.99969088000000017       -3.1149545000000000E-004   0.0000000000000000        0.0000000000000000        0.0000000000000000     
   528.00000000000000       0.99969088000000017       -3.1030549000000003E-004   0.0000000000000000        0.0000000000000000        0.0000000000000000     
   529.00000000000000       0.99969088000000017       -3.0912890000000002E-004   0.0000000000000000        0.0000000000000000        0.0000000000000000     
   530.00000000000000       0.99969088000000017       -3.0795557000000000E-004   0.0000000000000000        0.0000000000000000        0.0000000000000000     
   531.00000000000000       0.99969088000000017       -3.0679224000000003E-004   0.0000000000000000        0.0000000000000000        0.0000000000000000     
   532.00000000000000       0.99969088000000017       -3.0563553999999997E-004   0.0000000000000000        0.0000000000000000        0.0000000000000000     
   533.00000000000000       0.99969751000000007       -3.0447884000000001E-004   0.0000000000000000        0.0000000000000000        0.0000000000000000     
   534.00000000000000       0.99969751000000007       -3.0333214000000000E-004   0.0000000000000000        0.0000000000000000        0.0000000000000000     
   535.00000000000000       0.99969751000000007       -3.0219207000000006E-004   0.0000000000000000        0.0000000000000000        0.0000000000000000     
   536.00000000000000       0.99969751000000007       -3.0106200000000000E-004   0.0000000000000000        0.0000000000000000        0.0000000000000000     
   537.00000000000000       0.99969751000000007       -2.9993518999999998E-004   0.0000000000000000        0.0000000000000000        0.0000000000000000     
   538.00000000000000       0.99970088000000001       -2.9881838000000006E-004   0.0000000000000000        0.0000000000000000        0.0000000000000000     
   539.00000000000000       0.99970088000000001       -2.9770493999999997E-004   0.0000000000000000        0.0000000000000000        0.0000000000000000     
   540.00000000000000       0.99970751000000013       -2.9659476000000007E-004   0.0000000000000000        0.0000000000000000        0.0000000000000000     
   541.00000000000000       0.99970751000000013       -2.9549458000000000E-004   0.0000000000000000        0.0000000000000000        0.0000000000000000     
   542.00000000000000       0.99970751000000013       -2.9439439999999999E-004   0.0000000000000000        0.0000000000000000        0.0000000000000000     
   543.00000000000000       0.99970751000000013       -2.9331084999999999E-004   0.0000000000000000        0.0000000000000000        0.0000000000000000     
   544.00000000000000       0.99970751000000013       -2.9222393000000001E-004   0.0000000000000000        0.0000000000000000        0.0000000000000000     
   545.00000000000000       0.99970751000000013       -2.9114701000000002E-004   0.0000000000000000        0.0000000000000000        0.0000000000000000     
   546.00000000000000       0.99970751000000013       -2.9008009000000003E-004   0.0000000000000000        0.0000000000000000        0.0000000000000000     
   547.00000000000000       0.99971414000000003       -2.8900980000000001E-004   0.0000000000000000        0.0000000000000000        0.0000000000000000     
   548.00000000000000       0.99971414000000003       -2.8794951000000004E-004   0.0000000000000000        0.0000000000000000        0.0000000000000000     
   549.00000000000000       0.99971414000000003       -2.8689585000000003E-004   0.0000000000000000        0.0000000000000000        0.0000000000000000     
   550.00000000000000       0.99971414000000003       -2.8585219000000001E-004   0.0000000000000000        0.0000000000000000        0.0000000000000000     
