   1.0000000000000000        1.4849309000000002E-002 -0.98515168000000009        0.0000000000000000        0.0000000000000000        0.0000000000000000     
   2.0000000000000000       0.15175167000000001      -0.84824833000000011        0.0000000000000000        0.0000000000000000        0.0000000000000000     
   3.0000000000000000       0.29987008000000004      -0.70012992000000007        0.0000000000000000        0.0000000000000000        0.0000000000000000     
   4.0000000000000000       0.41135015999999996      -0.58864983999999998        0.0000000000000000        0.0000000000000000        0.0000000000000000     
   5.0000000000000000       0.49288532000000002      -0.50711468000000004        0.0000000000000000        0.0000000000000000        0.0000000000000000     
   6.0000000000000000       0.55378974000000003      -0.44621026000000003        0.0000000000000000        0.0000000000000000        0.0000000000000000     
   7.0000000000000000       0.60078485000000004      -0.39921515000000002        0.0000000000000000        0.0000000000000000        0.0000000000000000     
   8.0000000000000000       0.63796285000000008      -0.36203714999999997        0.0000000000000000        0.0000000000000000        0.0000000000000000     
   9.0000000000000000       0.66804810000000003      -0.33195190000000002        0.0000000000000000        0.0000000000000000        0.0000000000000000     
   10.000000000000000       0.69287125999999999      -0.30712874000000001        0.0000000000000000        0.0000000000000000        0.0000000000000000     
   11.000000000000000       0.71369962000000009      -0.28630038000000002        0.0000000000000000        0.0000000000000000        0.0000000000000000     
   12.000000000000000       0.73141339999999999      -0.26858660000000001        0.0000000000000000        0.0000000000000000        0.0000000000000000     
   13.000000000000000       0.74665967000000011      -0.25334033000000006        0.0000000000000000        0.0000000000000000        0.0000000000000000     
   14.000000000000000       0.75994843000000001      -0.24005157000000002        0.0000000000000000        0.0000000000000000        0.0000000000000000     
   15.000000000000000       0.77162989999999998      -0.22837010000000002        0.0000000000000000        0.0000000000000000        0.0000000000000000     
   16.000000000000000       0.78198418999999997      -0.21801581000000000        0.0000000000000000        0.0000000000000000        0.0000000000000000     
   17.000000000000000       0.79122804000000002      -0.20877196000000001        0.0000000000000000        0.0000000000000000        0.0000000000000000     
   18.000000000000000       0.79954155999999998      -0.20045844000000002        0.0000000000000000        0.0000000000000000        0.0000000000000000     
   19.000000000000000       0.80705475000000004      -0.19294525000000001        0.0000000000000000        0.0000000000000000        0.0000000000000000     
   20.000000000000000       0.81390098000000011      -0.18609902000000000        0.0000000000000000        0.0000000000000000        0.0000000000000000     
   21.000000000000000       0.82014699000000002      -0.17985301000000001        0.0000000000000000        0.0000000000000000        0.0000000000000000     
   22.000000000000000       0.82589277999999999      -0.17410722000000001        0.0000000000000000        0.0000000000000000        0.0000000000000000     
   23.000000000000000       0.83119834999999997      -0.16880165000000003        0.0000000000000000        0.0000000000000000        0.0000000000000000     
   24.000000000000000       0.83610044000000006      -0.16389956000000000        0.0000000000000000        0.0000000000000000        0.0000000000000000     
   25.000000000000000       0.84066568000000008      -0.15933432000000000        0.0000000000000000        0.0000000000000000        0.0000000000000000     
   26.000000000000000       0.84492081000000008      -0.15508053800000002        0.0000000000000000        0.0000000000000000        0.0000000000000000     
   27.000000000000000       0.84890572000000009      -0.15109326900000000        0.0000000000000000        0.0000000000000000        0.0000000000000000     
   28.000000000000000       0.85264389000000007      -0.14735543600000001        0.0000000000000000        0.0000000000000000        0.0000000000000000     
   29.000000000000000       0.85616858000000007      -0.14383243100000001        0.0000000000000000        0.0000000000000000        0.0000000000000000     
   30.000000000000000       0.85948316000000013      -0.14051582900000004        0.0000000000000000        0.0000000000000000        0.0000000000000000     
   31.000000000000000       0.86262762999999998      -0.13737338099999999        0.0000000000000000        0.0000000000000000        0.0000000000000000     
   32.000000000000000       0.86560862000000016      -0.13439205400000001        0.0000000000000000        0.0000000000000000        0.0000000000000000     
   33.000000000000000       0.86843287000000002      -0.13156713000000000        0.0000000000000000        0.0000000000000000        0.0000000000000000     
   34.000000000000000       0.87113364000000004      -0.12886770800000003        0.0000000000000000        0.0000000000000000        0.0000000000000000     
   35.000000000000000       0.87369767000000009      -0.12630266700000001        0.0000000000000000        0.0000000000000000        0.0000000000000000     
   36.000000000000000       0.87615821999999999      -0.12384245400000002        0.0000000000000000        0.0000000000000000        0.0000000000000000     
   37.000000000000000       0.87850866000000005      -0.12149032900000001        0.0000000000000000        0.0000000000000000        0.0000000000000000     
   38.000000000000000       0.88076236000000008      -0.11923662900000001        0.0000000000000000        0.0000000000000000        0.0000000000000000     
   39.000000000000000       0.88292595000000007      -0.11707270200000000        0.0000000000000000        0.0000000000000000        0.0000000000000000     
   40.000000000000000       0.88500280000000009      -0.11499618900000000        0.0000000000000000        0.0000000000000000        0.0000000000000000     
   41.000000000000000       0.88700953999999999      -0.11299147100000000        0.0000000000000000        0.0000000000000000        0.0000000000000000     
   42.000000000000000       0.88893617000000003      -0.11106349300000001        0.0000000000000000        0.0000000000000000        0.0000000000000000     
   43.000000000000000       0.89080269000000012      -0.10919730999999999        0.0000000000000000        0.0000000000000000        0.0000000000000000     
   44.000000000000000       0.89260247000000015      -0.10739820400000000        0.0000000000000000        0.0000000000000000        0.0000000000000000     
   45.000000000000000       0.89434214000000001      -0.10565786000000001        0.0000000000000000        0.0000000000000000        0.0000000000000000     
   46.000000000000000       0.89603169999999999      -0.10396863700000000        0.0000000000000000        0.0000000000000000        0.0000000000000000     
   47.000000000000000       0.89766452000000008      -0.10233548000000001        0.0000000000000000        0.0000000000000000        0.0000000000000000     
   48.000000000000000       0.89925060000000001      -0.10075108500000000        0.0000000000000000        0.0000000000000000        0.0000000000000000     
   49.000000000000000       0.90079320000000007       -9.9207474000000004E-002   0.0000000000000000        0.0000000000000000        0.0000000000000000     
   50.000000000000000       0.90228906000000009       -9.7710603000000007E-002   0.0000000000000000        0.0000000000000000        0.0000000000000000     
   51.000000000000000       0.90374155000000012       -9.6259461000000018E-002   0.0000000000000000        0.0000000000000000        0.0000000000000000     
   52.000000000000000       0.90516056000000011       -9.4839777000000014E-002   0.0000000000000000        0.0000000000000000        0.0000000000000000     
   53.000000000000000       0.90653620000000001       -9.3464137000000003E-002   0.0000000000000000        0.0000000000000000        0.0000000000000000     
   54.000000000000000       0.90788172999999994       -9.2118607000000005E-002   0.0000000000000000        0.0000000000000000        0.0000000000000000     
   55.000000000000000       0.90919052000000011       -9.0809143000000009E-002   0.0000000000000000        0.0000000000000000        0.0000000000000000     
   56.000000000000000       0.91047257000000015       -8.9527766999999994E-002   0.0000000000000000        0.0000000000000000        0.0000000000000000     
   57.000000000000000       0.91171788000000009       -8.8281446000000000E-002   0.0000000000000000        0.0000000000000000        0.0000000000000000     
   58.000000000000000       0.91294308000000002       -8.7055571999999998E-002   0.0000000000000000        0.0000000000000000        0.0000000000000000     
   59.000000000000007       0.91413827999999997       -8.5863405000000004E-002   0.0000000000000000        0.0000000000000000        0.0000000000000000     
   60.000000000000000       0.91531000000000007       -8.4690674000000007E-002   0.0000000000000000        0.0000000000000000        0.0000000000000000     
   61.000000000000007       0.91644835000000013       -8.3549965000000004E-002   0.0000000000000000        0.0000000000000000        0.0000000000000000     
   62.000000000000000       0.91757332999999996       -8.2428018000000006E-002   0.0000000000000000        0.0000000000000000        0.0000000000000000     
   63.000000000000007       0.91866819999999993       -8.1330452000000011E-002   0.0000000000000000        0.0000000000000000        0.0000000000000000     
   64.000000000000000       0.91974307000000000       -8.0257267000000007E-002   0.0000000000000000        0.0000000000000000        0.0000000000000000     
   65.000000000000000       0.92079783000000015       -7.9201158999999993E-002   0.0000000000000000        0.0000000000000000        0.0000000000000000     
   66.000000000000000       0.92183921999999996       -7.8161791000000008E-002   0.0000000000000000        0.0000000000000000        0.0000000000000000     
   67.000000000000000       0.92285387000000019       -7.7144782000000009E-002   0.0000000000000000        0.0000000000000000        0.0000000000000000     
   68.000000000000000       0.92384852000000017       -7.6150468999999998E-002   0.0000000000000000        0.0000000000000000        0.0000000000000000     
   69.000000000000000       0.92483643000000004       -7.5165255000000014E-002   0.0000000000000000        0.0000000000000000        0.0000000000000000     
   70.000000000000000       0.92579760000000011       -7.4201389000000006E-002   0.0000000000000000        0.0000000000000000        0.0000000000000000     
   71.000000000000000       0.92674877000000011       -7.3251904000000007E-002   0.0000000000000000        0.0000000000000000        0.0000000000000000     
   72.000000000000000       0.92767657000000003       -7.2323767000000011E-002   0.0000000000000000        0.0000000000000000        0.0000000000000000     
   73.000000000000000       0.92859763000000006       -7.1402706999999996E-002   0.0000000000000000        0.0000000000000000        0.0000000000000000     
   74.000000000000000       0.92949868999999996       -7.0499006000000003E-002   0.0000000000000000        0.0000000000000000        0.0000000000000000     
   75.000000000000000       0.93039301000000008       -6.9609001000000004E-002   0.0000000000000000        0.0000000000000000        0.0000000000000000     
   76.000000000000000       0.93126733000000006       -6.8732691999999998E-002   0.0000000000000000        0.0000000000000000        0.0000000000000000     
   77.000000000000000       0.93213491000000004       -6.7869079000000013E-002   0.0000000000000000        0.0000000000000000        0.0000000000000000     
   78.000000000000000       0.93298249000000011       -6.7017499000000008E-002   0.0000000000000000        0.0000000000000000        0.0000000000000000     
   79.000000000000000       0.93382007000000011       -6.6178604000000002E-002   0.0000000000000000        0.0000000000000000        0.0000000000000000     
   80.000000000000000       0.93465091000000000       -6.5351405000000001E-002   0.0000000000000000        0.0000000000000000        0.0000000000000000     
   81.000000000000000       0.93546512000000004       -6.4535554000000009E-002   0.0000000000000000        0.0000000000000000        0.0000000000000000     
   82.000000000000000       0.93627259000000007       -6.3730062000000004E-002   0.0000000000000000        0.0000000000000000        0.0000000000000000     
   83.000000000000000       0.93706343000000003       -6.2935581000000004E-002   0.0000000000000000        0.0000000000000000        0.0000000000000000     
   84.000000000000000       0.93784752999999998       -6.2151785000000008E-002   0.0000000000000000        0.0000000000000000        0.0000000000000000     
   85.000000000000000       0.93862500000000004       -6.1377337000000011E-002   0.0000000000000000        0.0000000000000000        0.0000000000000000     
   86.000000000000000       0.93938910000000009       -6.0613563000000009E-002   0.0000000000000000        0.0000000000000000        0.0000000000000000     
   87.000000000000000       0.94014320000000007       -5.9859137000000000E-002   0.0000000000000000        0.0000000000000000        0.0000000000000000     
   88.000000000000000       0.94088730000000009       -5.9113385000000004E-002   0.0000000000000000        0.0000000000000000        0.0000000000000000     
   89.000000000000000       0.94162466000000000       -5.8377307000000003E-002   0.0000000000000000        0.0000000000000000        0.0000000000000000     
   90.000000000000000       0.94234876000000001       -5.7649903000000009E-002   0.0000000000000000        0.0000000000000000        0.0000000000000000     
   91.000000000000000       0.94306949000000007       -5.6931499000000003E-002   0.0000000000000000        0.0000000000000000        0.0000000000000000     
   92.000000000000000       0.94378022000000006       -5.6221701600000000E-002   0.0000000000000000        0.0000000000000000        0.0000000000000000     
   93.000000000000000       0.94448094999999999       -5.5519971600000002E-002   0.0000000000000000        0.0000000000000000        0.0000000000000000     
   94.000000000000000       0.94517168000000007       -5.4826342700000003E-002   0.0000000000000000        0.0000000000000000        0.0000000000000000     
   95.000000000000000       0.94586241000000015       -5.4140646400000006E-002   0.0000000000000000        0.0000000000000000        0.0000000000000000     
   96.000000000000000       0.94653651000000005       -5.3462781600000009E-002   0.0000000000000000        0.0000000000000000        0.0000000000000000     
   97.000000000000000       0.94720724000000012       -5.2793310200000006E-002   0.0000000000000000        0.0000000000000000        0.0000000000000000     
   98.000000000000000       0.94786797000000012       -5.2130771399999998E-002   0.0000000000000000        0.0000000000000000        0.0000000000000000     
   99.000000000000000       0.94852206999999999       -5.1475760799999999E-002   0.0000000000000000        0.0000000000000000        0.0000000000000000     
   100.00000000000000       0.94917280000000015       -5.0828177299999999E-002   0.0000000000000000        0.0000000000000000        0.0000000000000000     
   101.00000000000000       0.94981353000000013       -5.0188549100000000E-002   0.0000000000000000        0.0000000000000000        0.0000000000000000     
   102.00000000000000       0.95044763000000010       -4.9555516500000001E-002   0.0000000000000000        0.0000000000000000        0.0000000000000000     
   103.00000000000000       0.95107173000000000       -4.8929607700000002E-002   0.0000000000000000        0.0000000000000000        0.0000000000000000     
   104.00000000000000       0.95168920000000001       -4.8310126000000009E-002   0.0000000000000000        0.0000000000000000        0.0000000000000000     
   105.00000000000001       0.95230004000000013       -4.7698296299999998E-002   0.0000000000000000        0.0000000000000000        0.0000000000000000     
   106.00000000000000       0.95290414000000001       -4.7093388200000003E-002   0.0000000000000000        0.0000000000000000        0.0000000000000000     
   107.00000000000000       0.95350498000000017       -4.6494671300000005E-002   0.0000000000000000        0.0000000000000000        0.0000000000000000     
   108.00000000000000       0.95409582000000004       -4.5903404200000004E-002   0.0000000000000000        0.0000000000000000        0.0000000000000000     
   109.00000000000001       0.95468329000000018       -4.5318193499999999E-002   0.0000000000000000        0.0000000000000000        0.0000000000000000     
   110.00000000000000       0.95525750000000009       -4.4739668499999996E-002   0.0000000000000000        0.0000000000000000        0.0000000000000000     
   111.00000000000000       0.95583171000000000       -4.4167728100000005E-002   0.0000000000000000        0.0000000000000000        0.0000000000000000     
   112.00000000000000       0.95639592000000007       -4.3601709299999999E-002   0.0000000000000000        0.0000000000000000        0.0000000000000000     
   113.00000000000000       0.95695350000000001       -4.3042870700000006E-002   0.0000000000000000        0.0000000000000000        0.0000000000000000     
   114.00000000000000       0.95751108000000007       -4.2489818900000004E-002   0.0000000000000000        0.0000000000000000        0.0000000000000000     
   115.00000000000000       0.95805865999999995       -4.1943216900000004E-002   0.0000000000000000        0.0000000000000000        0.0000000000000000     
   116.00000000000000       0.95859961000000005       -4.1402963599999995E-002   0.0000000000000000        0.0000000000000000        0.0000000000000000     
   117.00000000000000       0.95913392999999991       -4.0868362300000002E-002   0.0000000000000000        0.0000000000000000        0.0000000000000000     
   118.00000000000001       0.95965825000000016       -4.0340076000000002E-002   0.0000000000000000        0.0000000000000000        0.0000000000000000     
   119.00000000000000       0.96018257000000007       -3.9818037300000005E-002   0.0000000000000000        0.0000000000000000        0.0000000000000000     
   120.00000000000000       0.96069362999999997       -3.9302246200000002E-002   0.0000000000000000        0.0000000000000000        0.0000000000000000     
   121.00000000000000       0.96121132000000009       -3.8792635300000010E-002   0.0000000000000000        0.0000000000000000        0.0000000000000000     
   122.00000000000001       0.96171238000000003       -3.8288507900000004E-002   0.0000000000000000        0.0000000000000000        0.0000000000000000     
   123.00000000000000       0.96220681000000008       -3.7790493300000005E-002   0.0000000000000000        0.0000000000000000        0.0000000000000000     
   124.00000000000000       0.96270124000000012       -3.7298591500000006E-002   0.0000000000000000        0.0000000000000000        0.0000000000000000     
   125.00000000000000       0.96318904000000005       -3.6812105800000001E-002   0.0000000000000000        0.0000000000000000        0.0000000000000000     
   126.00000000000001       0.96366684000000002       -3.6331631800000000E-002   0.0000000000000000        0.0000000000000000        0.0000000000000000     
   127.00000000000000       0.96414464000000000       -3.5856540200000002E-002   0.0000000000000000        0.0000000000000000        0.0000000000000000     
   128.00000000000000       0.96460918000000007       -3.5388055900000007E-002   0.0000000000000000        0.0000000000000000        0.0000000000000000     
   129.00000000000000       0.96507372000000013       -3.4924257300000004E-002   0.0000000000000000        0.0000000000000000        0.0000000000000000     
   130.00000000000000       0.96553163000000009       -3.4467066000000005E-002   0.0000000000000000        0.0000000000000000        0.0000000000000000     
   131.00000000000000       0.96598617000000009       -3.4015122299999999E-002   0.0000000000000000        0.0000000000000000        0.0000000000000000     
   132.00000000000000       0.96643408000000008       -3.3568426200000001E-002   0.0000000000000000        0.0000000000000000        0.0000000000000000     
   133.00000000000000       0.96686873000000007       -3.3127607000000003E-002   0.0000000000000000        0.0000000000000000        0.0000000000000000     
   134.00000000000000       0.96731001000000005       -3.2691968000000002E-002   0.0000000000000000        0.0000000000000000        0.0000000000000000     
   135.00000000000000       0.96773803000000014       -3.2262205900000000E-002   0.0000000000000000        0.0000000000000000        0.0000000000000000     
   136.00000000000000       0.96816605000000011       -3.1837623999999995E-002   0.0000000000000000        0.0000000000000000        0.0000000000000000     
   137.00000000000000       0.96858407000000002       -3.1418154900000002E-002   0.0000000000000000        0.0000000000000000        0.0000000000000000     
   138.00000000000000       0.96899546000000003       -3.1004495300000001E-002   0.0000000000000000        0.0000000000000000        0.0000000000000000     
   139.00000000000000       0.96940022000000003       -3.0595982200000003E-002   0.0000000000000000        0.0000000000000000        0.0000000000000000     
   140.00000000000000       0.96980498000000015       -3.0193211200000000E-002   0.0000000000000000        0.0000000000000000        0.0000000000000000     
   141.00000000000000       0.97020310999999992       -2.9794856300000002E-002   0.0000000000000000        0.0000000000000000        0.0000000000000000     
   142.00000000000000       0.97059461000000002       -2.9402277200000004E-002   0.0000000000000000        0.0000000000000000        0.0000000000000000     
   143.00000000000000       0.97098611000000001       -2.9014743499999999E-002   0.0000000000000000        0.0000000000000000        0.0000000000000000     
   144.00000000000000       0.97136761000000016       -2.8632255199999998E-002   0.0000000000000000        0.0000000000000000        0.0000000000000000     
   145.00000000000000       0.97174248000000008       -2.8254812300000005E-002   0.0000000000000000        0.0000000000000000        0.0000000000000000     
   146.00000000000000       0.97212072000000005       -2.7882381100000003E-002   0.0000000000000000        0.0000000000000000        0.0000000000000000     
   147.00000000000000       0.97248233000000006       -2.7514995300000001E-002   0.0000000000000000        0.0000000000000000        0.0000000000000000     
   148.00000000000000       0.97285057000000008       -2.7152587500000002E-002   0.0000000000000000        0.0000000000000000        0.0000000000000000     
   149.00000000000000       0.97320555000000009       -2.6795191400000005E-002   0.0000000000000000        0.0000000000000000        0.0000000000000000     
   150.00000000000000       0.97356053000000009       -2.6442773300000003E-002   0.0000000000000000        0.0000000000000000        0.0000000000000000     
   151.00000000000000       0.97390551000000003       -2.6094703900000002E-002   0.0000000000000000        0.0000000000000000        0.0000000000000000     
   152.00000000000000       0.97424723000000013       -2.5751545099999999E-002   0.0000000000000000        0.0000000000000000        0.0000000000000000     
   153.00000000000000       0.97458895000000012       -2.5413398000000004E-002   0.0000000000000000        0.0000000000000000        0.0000000000000000     
   154.00000000000000       0.97492067000000004       -2.5079498500000002E-002   0.0000000000000000        0.0000000000000000        0.0000000000000000     
   155.00000000000000       0.97524576000000007       -2.4750543300000000E-002   0.0000000000000000        0.0000000000000000        0.0000000000000000     
   156.00000000000000       0.97557422000000005       -2.4426532400000003E-002   0.0000000000000000        0.0000000000000000        0.0000000000000000     
   157.00000000000000       0.97589268000000007       -2.4106769100000001E-002   0.0000000000000000        0.0000000000000000        0.0000000000000000     
   158.00000000000000       0.97621114000000009       -2.3791287100000003E-002   0.0000000000000000        0.0000000000000000        0.0000000000000000     
   159.00000000000000       0.97652297000000010       -2.3480681999999999E-002   0.0000000000000000        0.0000000000000000        0.0000000000000000     
   160.00000000000000       0.97682817000000011       -2.3174358200000002E-002   0.0000000000000000        0.0000000000000000        0.0000000000000000     
   161.00000000000000       0.97712674000000010       -2.2872248300000002E-002   0.0000000000000000        0.0000000000000000        0.0000000000000000     
   162.00000000000000       0.97742531000000010       -2.2574352300000003E-002   0.0000000000000000        0.0000000000000000        0.0000000000000000     
   163.00000000000000       0.97772051000000004       -2.2280670200000002E-002   0.0000000000000000        0.0000000000000000        0.0000000000000000     
   164.00000000000000       0.97800582000000003       -2.1991898700000002E-002   0.0000000000000000        0.0000000000000000        0.0000000000000000     
   165.00000000000000       0.97829439000000007       -2.1706644399999999E-002   0.0000000000000000        0.0000000000000000        0.0000000000000000     
   166.00000000000000       0.97857306999999993       -2.1426267000000002E-002   0.0000000000000000        0.0000000000000000        0.0000000000000000     
   167.00000000000000       0.97884838000000007       -2.1149440499999998E-002   0.0000000000000000        0.0000000000000000        0.0000000000000000     
   168.00000000000000       0.97912706000000005       -2.0876760500000001E-002   0.0000000000000000        0.0000000000000000        0.0000000000000000     
   169.00000000000000       0.97938911000000006       -2.0607631400000003E-002   0.0000000000000000        0.0000000000000000        0.0000000000000000     
   170.00000000000000       0.97965779000000008       -2.0343345499999999E-002   0.0000000000000000        0.0000000000000000        0.0000000000000000     
   171.00000000000000       0.97991658000000004       -2.0082576800000002E-002   0.0000000000000000        0.0000000000000000        0.0000000000000000     
   172.00000000000000       0.98017200000000004       -1.9825325300000002E-002   0.0000000000000000        0.0000000000000000        0.0000000000000000     
   173.00000000000000       0.98042742000000005       -1.9572220300000002E-002   0.0000000000000000        0.0000000000000000        0.0000000000000000     
   174.00000000000000       0.98067620999999994       -1.9323295500000000E-002   0.0000000000000000        0.0000000000000000        0.0000000000000000     
   175.00000000000000       0.98092500000000005       -1.9077854200000001E-002   0.0000000000000000        0.0000000000000000        0.0000000000000000     
   176.00000000000000       0.98116716000000004       -1.8835896400000000E-002   0.0000000000000000        0.0000000000000000        0.0000000000000000     
   177.00000000000000       0.98140269000000002       -1.8597422100000000E-002   0.0000000000000000        0.0000000000000000        0.0000000000000000     
   178.00000000000000       0.98163822000000001       -1.8363127999999999E-002   0.0000000000000000        0.0000000000000000        0.0000000000000000     
   179.00000000000000       0.98186375000000004       -1.8131620700000000E-002   0.0000000000000000        0.0000000000000000        0.0000000000000000     
   180.00000000000000       0.98209265000000001       -1.7904259900000000E-002   0.0000000000000000        0.0000000000000000        0.0000000000000000     
   181.00000000000000       0.98232155000000010       -1.7679719600000001E-002   0.0000000000000000        0.0000000000000000        0.0000000000000000     
   182.00000000000000       0.98254045000000001       -1.7459292099999999E-002   0.0000000000000000        0.0000000000000000        0.0000000000000000     
   183.00000000000000       0.98275609000000008       -1.7241651400000002E-002   0.0000000000000000        0.0000000000000000        0.0000000000000000     
   184.00000000000000       0.98297173000000004       -1.7027494200000003E-002   0.0000000000000000        0.0000000000000000        0.0000000000000000     
   185.00000000000000       0.98318400000000006       -1.6816786800000001E-002   0.0000000000000000        0.0000000000000000        0.0000000000000000     
   186.00000000000000       0.98339301000000012       -1.6609562899999999E-002   0.0000000000000000        0.0000000000000000        0.0000000000000000     
   187.00000000000000       0.98359202000000012       -1.6405092100000001E-002   0.0000000000000000        0.0000000000000000        0.0000000000000000     
   188.00000000000000       0.98379766000000002       -1.6203408100000000E-002   0.0000000000000000        0.0000000000000000        0.0000000000000000     
   189.00000000000000       0.98399341000000007       -1.6005173900000003E-002   0.0000000000000000        0.0000000000000000        0.0000000000000000     
   190.00000000000000       0.98419242000000007       -1.5810389500000001E-002   0.0000000000000000        0.0000000000000000        0.0000000000000000     
   191.00000000000000       0.98437817000000005       -1.5617728899999999E-002   0.0000000000000000        0.0000000000000000        0.0000000000000000     
   192.00000000000000       0.98457392000000010       -1.5428484400000001E-002   0.0000000000000000        0.0000000000000000        0.0000000000000000     
   193.00000000000000       0.98475966999999998       -1.5242689700000003E-002   0.0000000000000000        0.0000000000000000        0.0000000000000000     
   194.00000000000000       0.98493879000000006       -1.5059018800000002E-002   0.0000000000000000        0.0000000000000000        0.0000000000000000     
   195.00000000000000       0.98511791000000004       -1.4878730300000000E-002   0.0000000000000000        0.0000000000000000        0.0000000000000000     
   196.00000000000000       0.98529703000000002       -1.4700599300000000E-002   0.0000000000000000        0.0000000000000000        0.0000000000000000     
   197.00000000000003       0.98547615000000011       -1.4525850700000001E-002   0.0000000000000000        0.0000000000000000        0.0000000000000000     
   198.00000000000000       0.98564864000000008       -1.4353225900000001E-002   0.0000000000000000        0.0000000000000000        0.0000000000000000     
   199.00000000000000       0.98581450000000004       -1.4183320500000001E-002   0.0000000000000000        0.0000000000000000        0.0000000000000000     
   200.00000000000000       0.98598036000000011       -1.4016201900000001E-002   0.0000000000000000        0.0000000000000000        0.0000000000000000     
   201.00000000000000       0.98614622000000007       -1.3851836399999999E-002   0.0000000000000000        0.0000000000000000        0.0000000000000000     
   202.00000000000000       0.98631208000000004       -1.3690224000000001E-002   0.0000000000000000        0.0000000000000000        0.0000000000000000     
   203.00000000000000       0.98647131000000010       -1.3530668000000001E-002   0.0000000000000000        0.0000000000000000        0.0000000000000000     
   204.00000000000000       0.98662391000000005       -1.3373235800000001E-002   0.0000000000000000        0.0000000000000000        0.0000000000000000     
   205.00000000000003       0.98678314000000000       -1.3218523000000001E-002   0.0000000000000000        0.0000000000000000        0.0000000000000000     
   206.00000000000000       0.98693574000000006       -1.3066563300000000E-002   0.0000000000000000        0.0000000000000000        0.0000000000000000     
   207.00000000000000       0.98707834000000005       -1.2916693700000001E-002   0.0000000000000000        0.0000000000000000        0.0000000000000000     
   208.00000000000000       0.98723094000000000       -1.2768880500000000E-002   0.0000000000000000        0.0000000000000000        0.0000000000000000     
   209.00000000000000       0.98737691000000005       -1.2623820400000001E-002   0.0000000000000000        0.0000000000000000        0.0000000000000000     
   210.00000000000003       0.98752288000000010       -1.2480816700000001E-002   0.0000000000000000        0.0000000000000000        0.0000000000000000     
   211.00000000000000       0.98765885000000009       -1.2339903099999999E-002   0.0000000000000000        0.0000000000000000        0.0000000000000000     
   212.00000000000000       0.98779819000000013       -1.2201045899999999E-002   0.0000000000000000        0.0000000000000000        0.0000000000000000     
   213.00000000000000       0.98793753000000017       -1.2064941799999999E-002   0.0000000000000000        0.0000000000000000        0.0000000000000000     
   214.00000000000000       0.98806687000000015       -1.1930197400000000E-002   0.0000000000000000        0.0000000000000000        0.0000000000000000     
   215.00000000000000       0.98819958000000008       -1.1797576800000001E-002   0.0000000000000000        0.0000000000000000        0.0000000000000000     
   216.00000000000000       0.98832892000000006       -1.1666978900000000E-002   0.0000000000000000        0.0000000000000000        0.0000000000000000     
   217.00000000000000       0.98846163000000009       -1.1538471100000001E-002   0.0000000000000000        0.0000000000000000        0.0000000000000000     
   218.00000000000003       0.98858434000000006       -1.1411986000000001E-002   0.0000000000000000        0.0000000000000000        0.0000000000000000     
   219.00000000000000       0.98871042000000009       -1.1287591000000000E-002   0.0000000000000000        0.0000000000000000        0.0000000000000000     
   220.00000000000000       0.98883313000000006       -1.1165252400000001E-002   0.0000000000000000        0.0000000000000000        0.0000000000000000     
   221.00000000000000       0.98895920999999998       -1.1044307200000002E-002   0.0000000000000000        0.0000000000000000        0.0000000000000000     
   222.00000000000000       0.98907528999999994       -1.0925418400000001E-002   0.0000000000000000        0.0000000000000000        0.0000000000000000     
   223.00000000000003       0.98919474000000007       -1.0807923000000001E-002   0.0000000000000000        0.0000000000000000        0.0000000000000000     
   224.00000000000000       0.98930419000000003       -1.0692484000000000E-002   0.0000000000000000        0.0000000000000000        0.0000000000000000     
   225.00000000000000       0.98942364000000005       -1.0578438400000001E-002   0.0000000000000000        0.0000000000000000        0.0000000000000000     
   226.00000000000000       0.98953309000000012       -1.0466415500000001E-002   0.0000000000000000        0.0000000000000000        0.0000000000000000     
   227.00000000000000       0.98964254000000007       -1.0356482700000001E-002   0.0000000000000000        0.0000000000000000        0.0000000000000000     
   228.00000000000000       0.98975536000000008       -1.0247909600000001E-002   0.0000000000000000        0.0000000000000000        0.0000000000000000     
   229.00000000000000       0.98985818000000003       -1.0140729899999999E-002   0.0000000000000000        0.0000000000000000        0.0000000000000000     
   230.00000000000000       0.98996100000000009       -1.0034943600000002E-002   0.0000000000000000        0.0000000000000000        0.0000000000000000     
   231.00000000000003       0.99007045000000005       -9.9311800000000013E-003   0.0000000000000000        0.0000000000000000        0.0000000000000000     
   232.00000000000000       0.99017001000000004       -9.8288098000000011E-003   0.0000000000000000        0.0000000000000000        0.0000000000000000     
   233.00000000000000       0.99027283000000010       -9.7278330000000000E-003   0.0000000000000000        0.0000000000000000        0.0000000000000000     
   234.00000000000000       0.99036902000000004       -9.6282496000000013E-003   0.0000000000000000        0.0000000000000000        0.0000000000000000     
   235.00000000000000       0.99046520999999998       -9.5300258999999991E-003   0.0000000000000000        0.0000000000000000        0.0000000000000000     
   236.00000000000003       0.99056476999999998       -9.4338249000000002E-003   0.0000000000000000        0.0000000000000000        0.0000000000000000     
   237.00000000000000       0.99066096000000003       -9.3383542999999989E-003   0.0000000000000000        0.0000000000000000        0.0000000000000000     
   238.00000000000000       0.99075715000000009       -9.2449401000000014E-003   0.0000000000000000        0.0000000000000000        0.0000000000000000     
   239.00000000000003       0.99084671000000002       -9.1522226000000009E-003   0.0000000000000000        0.0000000000000000        0.0000000000000000     
   240.00000000000000       0.99093627000000017       -9.0608648000000003E-003   0.0000000000000000        0.0000000000000000        0.0000000000000000     
   241.00000000000000       0.99102583000000011       -8.9715634000000020E-003   0.0000000000000000        0.0000000000000000        0.0000000000000000     
   242.00000000000000       0.99111539000000004       -8.8829587000000005E-003   0.0000000000000000        0.0000000000000000        0.0000000000000000     
   243.00000000000000       0.99120832000000014       -8.7957473999999997E-003   0.0000000000000000        0.0000000000000000        0.0000000000000000     
   244.00000000000003       0.99129125000000007       -8.7092327999999993E-003   0.0000000000000000        0.0000000000000000        0.0000000000000000     
   245.00000000000000       0.99137418000000022       -8.6247409000000004E-003   0.0000000000000000        0.0000000000000000        0.0000000000000000     
   246.00000000000000       0.99145711000000003       -8.5409794000000008E-003   0.0000000000000000        0.0000000000000000        0.0000000000000000     
   247.00000000000000       0.99154004000000007       -8.4585776000000012E-003   0.0000000000000000        0.0000000000000000        0.0000000000000000     
   248.00000000000000       0.99162297000000010       -8.3775354999999999E-003   0.0000000000000000        0.0000000000000000        0.0000000000000000     
   249.00000000000003       0.99170590000000014       -8.2972237999999997E-003   0.0000000000000000        0.0000000000000000        0.0000000000000000     
   250.00000000000000       0.99178220000000006       -8.2182718000000012E-003   0.0000000000000000        0.0000000000000000        0.0000000000000000     
   251.00000000000000       0.99185849999999998       -8.1400164999999997E-003   0.0000000000000000        0.0000000000000000        0.0000000000000000     
   252.00000000000003       0.99193480000000012       -8.0631208999999999E-003   0.0000000000000000        0.0000000000000000        0.0000000000000000     
   253.00000000000000       0.99201110000000003       -7.9875850000000002E-003   0.0000000000000000        0.0000000000000000        0.0000000000000000     
   254.00000000000000       0.99208739999999995       -7.9127794999999997E-003   0.0000000000000000        0.0000000000000000        0.0000000000000000     
   255.00000000000000       0.99216369999999998       -7.8393000000000004E-003   0.0000000000000000        0.0000000000000000        0.0000000000000000     
   256.00000000000000       0.99223337000000011       -7.7665509000000013E-003   0.0000000000000000        0.0000000000000000        0.0000000000000000     
   257.00000000000000       0.99230967000000003       -7.6944985000000007E-003   0.0000000000000000        0.0000000000000000        0.0000000000000000     
   258.00000000000000       0.99237597000000000       -7.6238058000000011E-003   0.0000000000000000        0.0000000000000000        0.0000000000000000     
   259.00000000000000       0.99244564000000013       -7.5538098000000001E-003   0.0000000000000000        0.0000000000000000        0.0000000000000000     
   260.00000000000000       0.99251531000000004       -7.4851735000000010E-003   0.0000000000000000        0.0000000000000000        0.0000000000000000     
   261.00000000000000       0.99258497999999995       -7.4172339000000004E-003   0.0000000000000000        0.0000000000000000        0.0000000000000000     
   262.00000000000000       0.99264802000000008       -7.3499910000000002E-003   0.0000000000000000        0.0000000000000000        0.0000000000000000     
   263.00000000000000       0.99271769000000010       -7.2834448000000003E-003   0.0000000000000000        0.0000000000000000        0.0000000000000000     
   264.00000000000000       0.99278073000000011       -7.2182583000000005E-003   0.0000000000000000        0.0000000000000000        0.0000000000000000     
   265.00000000000000       0.99285040000000002       -7.1537685000000002E-003   0.0000000000000000        0.0000000000000000        0.0000000000000000     
   266.00000000000000       0.99291007000000020       -7.0899753999999994E-003   0.0000000000000000        0.0000000000000000        0.0000000000000000     
   267.00000000000000       0.99297311000000010       -7.0275420000000003E-003   0.0000000000000000        0.0000000000000000        0.0000000000000000     
   268.00000000000000       0.99303615000000001       -6.9652749000000003E-003   0.0000000000000000        0.0000000000000000        0.0000000000000000     
   269.00000000000000       0.99309919000000013       -6.9040686000000004E-003   0.0000000000000000        0.0000000000000000        0.0000000000000000     
   270.00000000000000       0.99315560000000014       -6.8435926999999997E-003   0.0000000000000000        0.0000000000000000        0.0000000000000000     
   271.00000000000000       0.99321527000000009       -6.7839461000000004E-003   0.0000000000000000        0.0000000000000000        0.0000000000000000     
   272.00000000000000       0.99327168000000010       -6.7250321699999999E-003   0.0000000000000000        0.0000000000000000        0.0000000000000000     
   273.00000000000000       0.99333472000000012       -6.6668879799999994E-003   0.0000000000000000        0.0000000000000000        0.0000000000000000     
   274.00000000000000       0.99339113000000012       -6.6094337500000010E-003   0.0000000000000000        0.0000000000000000        0.0000000000000000     
   275.00000000000000       0.99344417000000007       -6.5527391500000004E-003   0.0000000000000000        0.0000000000000000        0.0000000000000000     
   276.00000000000000       0.99350057999999997       -6.4967345100000002E-003   0.0000000000000000        0.0000000000000000        0.0000000000000000     
   277.00000000000000       0.99355699000000008       -6.4414198300000005E-003   0.0000000000000000        0.0000000000000000        0.0000000000000000     
   278.00000000000000       0.99361340000000009       -6.3867951100000002E-003   0.0000000000000000        0.0000000000000000        0.0000000000000000     
   279.00000000000000       0.99366644000000004       -6.3327940499999990E-003   0.0000000000000000        0.0000000000000000        0.0000000000000000     
   280.00000000000000       0.99372284999999994       -6.2795458800000000E-003   0.0000000000000000        0.0000000000000000        0.0000000000000000     
   281.00000000000000       0.99377263000000005       -6.2268584400000000E-003   0.0000000000000000        0.0000000000000000        0.0000000000000000     
   282.00000000000000       0.99382567000000011       -6.1748575900000009E-003   0.0000000000000000        0.0000000000000000        0.0000000000000000     
   283.00000000000000       0.99387544999999999       -6.1234770299999994E-003   0.0000000000000000        0.0000000000000000        0.0000000000000000     
   284.00000000000000       0.99392522999999999       -6.0727167600000001E-003   0.0000000000000000        0.0000000000000000        0.0000000000000000     
   285.00000000000000       0.99398164000000011       -6.0225801499999999E-003   0.0000000000000000        0.0000000000000000        0.0000000000000000     
   286.00000000000000       0.99402805000000005       -5.9730638300000008E-003   0.0000000000000000        0.0000000000000000        0.0000000000000000     
   287.00000000000000       0.99407783000000005       -5.9241014999999999E-003   0.0000000000000000        0.0000000000000000        0.0000000000000000     
   288.00000000000000       0.99412423999999999       -5.8756931600000006E-003   0.0000000000000000        0.0000000000000000        0.0000000000000000     
   289.00000000000000       0.99417401999999999       -5.8279051100000000E-003   0.0000000000000000        0.0000000000000000        0.0000000000000000     
   290.00000000000000       0.99421717000000009       -5.7806676799999996E-003   0.0000000000000000        0.0000000000000000        0.0000000000000000     
   291.00000000000000       0.99426358000000004       -5.7339179400000004E-003   0.0000000000000000        0.0000000000000000        0.0000000000000000     
   292.00000000000000       0.99431336000000003       -5.6877884900000007E-003   0.0000000000000000        0.0000000000000000        0.0000000000000000     
   293.00000000000000       0.99435651000000003       -5.6421433600000008E-003   0.0000000000000000        0.0000000000000000        0.0000000000000000     
   294.00000000000000       0.99440292000000008       -5.5970488500000004E-003   0.0000000000000000        0.0000000000000000        0.0000000000000000     
   295.00000000000000       0.99444606999999996       -5.5525083299999998E-003   0.0000000000000000        0.0000000000000000        0.0000000000000000     
   296.00000000000000       0.99449248000000012       -5.5083858300000003E-003   0.0000000000000000        0.0000000000000000        0.0000000000000000     
   297.00000000000000       0.99453563000000000       -5.4648802500000000E-003   0.0000000000000000        0.0000000000000000        0.0000000000000000     
   298.00000000000000       0.99457878000000000       -5.4217926899999998E-003   0.0000000000000000        0.0000000000000000        0.0000000000000000     
   299.00000000000000       0.99461856000000004       -5.3791894500000003E-003   0.0000000000000000        0.0000000000000000        0.0000000000000000     
   300.00000000000000       0.99466171000000003       -5.3370705299999998E-003   0.0000000000000000        0.0000000000000000        0.0000000000000000     
   301.00000000000000       0.99470149000000008       -5.2954359300000009E-003   0.0000000000000000        0.0000000000000000        0.0000000000000000     
   302.00000000000000       0.99474464000000018       -5.2542822799999996E-003   0.0000000000000000        0.0000000000000000        0.0000000000000000     
   303.00000000000000       0.99478779000000006       -5.2135466500000003E-003   0.0000000000000000        0.0000000000000000        0.0000000000000000     
   304.00000000000000       0.99482757000000011       -5.1732953400000000E-003   0.0000000000000000        0.0000000000000000        0.0000000000000000     
   305.00000000000000       0.99487071999999999       -5.1334586800000004E-003   0.0000000000000000        0.0000000000000000        0.0000000000000000     
   306.00000000000000       0.99490387000000013       -5.0940366700000005E-003   0.0000000000000000        0.0000000000000000        0.0000000000000000     
   307.00000000000000       0.99494702000000013       -5.0550989800000005E-003   0.0000000000000000        0.0000000000000000        0.0000000000000000     
   308.00000000000000       0.99498017000000005       -5.0165759400000003E-003   0.0000000000000000        0.0000000000000000        0.0000000000000000     
   309.00000000000000       0.99502332000000004       -4.9784012500000002E-003   0.0000000000000000        0.0000000000000000        0.0000000000000000     
   310.00000000000000       0.99505646999999997       -4.9407108800000000E-003   0.0000000000000000        0.0000000000000000        0.0000000000000000     
   311.00000000000000       0.99509961999999996       -4.9034317900000001E-003   0.0000000000000000        0.0000000000000000        0.0000000000000000     
   312.00000000000000       0.99513277000000011       -4.8665044199999999E-003   0.0000000000000000        0.0000000000000000        0.0000000000000000     
   313.00000000000000       0.99516929000000021       -4.8299883299999999E-003   0.0000000000000000        0.0000000000000000        0.0000000000000000     
   314.00000000000000       0.99520244000000013       -4.7938205900000001E-003   0.0000000000000000        0.0000000000000000        0.0000000000000000     
   315.00000000000000       0.99524559000000012       -4.7580675000000001E-003   0.0000000000000000        0.0000000000000000        0.0000000000000000     
   316.00000000000000       0.99527874000000005       -4.7227290599999999E-003   0.0000000000000000        0.0000000000000000        0.0000000000000000     
   317.00000000000000       0.99531526000000003       -4.6877389699999999E-003   0.0000000000000000        0.0000000000000000        0.0000000000000000     
   318.00000000000000       0.99534840999999996       -4.6530938600000005E-003   0.0000000000000000        0.0000000000000000        0.0000000000000000     
   319.00000000000000       0.99538492999999995       -4.6187971000000005E-003   0.0000000000000000        0.0000000000000000        0.0000000000000000     
   320.00000000000000       0.99541144999999998       -4.5848453200000002E-003   0.0000000000000000        0.0000000000000000        0.0000000000000000     
   321.00000000000000       0.99544797000000007       -4.5513081900000005E-003   0.0000000000000000        0.0000000000000000        0.0000000000000000     
   322.00000000000000       0.99548112000000000       -4.5180497400000002E-003   0.0000000000000000        0.0000000000000000        0.0000000000000000     
   323.00000000000000       0.99551764000000009       -4.4851362699999996E-003   0.0000000000000000        0.0000000000000000        0.0000000000000000     
   324.00000000000000       0.99554416000000012       -4.4525711500000001E-003   0.0000000000000000        0.0000000000000000        0.0000000000000000     
   325.00000000000000       0.99558068000000011       -4.4203510100000003E-003   0.0000000000000000        0.0000000000000000        0.0000000000000000     
   326.00000000000000       0.99561383000000003       -4.3884758499999994E-003   0.0000000000000000        0.0000000000000000        0.0000000000000000     
   327.00000000000000       0.99564035000000006       -4.3568827399999999E-003   0.0000000000000000        0.0000000000000000        0.0000000000000000     
   328.00000000000000       0.99567687000000005       -4.3256312400000007E-003   0.0000000000000000        0.0000000000000000        0.0000000000000000     
   329.00000000000000       0.99570339000000008       -4.2946617899999994E-003   0.0000000000000000        0.0000000000000000        0.0000000000000000     
   330.00000000000000       0.99573991000000006       -4.2639676500000005E-003   0.0000000000000000        0.0000000000000000        0.0000000000000000     
   331.00000000000000       0.99576643000000009       -4.2336218599999999E-003   0.0000000000000000        0.0000000000000000        0.0000000000000000     
   332.00000000000000       0.99579632000000018       -4.2036176800000005E-003   0.0000000000000000        0.0000000000000000        0.0000000000000000     
   333.00000000000000       0.99582947000000011       -4.1738258799999999E-003   0.0000000000000000        0.0000000000000000        0.0000000000000000     
   334.00000000000000       0.99585599000000014       -4.1443790600000007E-003   0.0000000000000000        0.0000000000000000        0.0000000000000000     
   335.00000000000000       0.99588588000000011       -4.1152109200000000E-003   0.0000000000000000        0.0000000000000000        0.0000000000000000     
   336.00000000000000       0.99591240000000014       -4.0863180900000007E-003   0.0000000000000000        0.0000000000000000        0.0000000000000000     
   337.00000000000000       0.99594229000000012       -4.0577039399999999E-003   0.0000000000000000        0.0000000000000000        0.0000000000000000     
   338.00000000000000       0.99596881000000015       -4.0293684700000000E-003   0.0000000000000000        0.0000000000000000        0.0000000000000000     
   339.00000000000000       0.99599533000000018       -4.0013083099999999E-003   0.0000000000000000        0.0000000000000000        0.0000000000000000     
   340.00000000000000       0.99602522000000004       -3.9735268300000008E-003   0.0000000000000000        0.0000000000000000        0.0000000000000000     
   341.00000000000000       0.99605174000000007       -3.9460206599999997E-003   0.0000000000000000        0.0000000000000000        0.0000000000000000     
   342.00000000000000       0.99608162999999994       -3.9187268700000008E-003   0.0000000000000000        0.0000000000000000        0.0000000000000000     
   343.00000000000000       0.99610814999999997       -3.8917083900000000E-003   0.0000000000000000        0.0000000000000000        0.0000000000000000     
   344.00000000000000       0.99613467000000000       -3.8649685900000001E-003   0.0000000000000000        0.0000000000000000        0.0000000000000000     
   345.00000000000000       0.99616455999999998       -3.8385041000000000E-003   0.0000000000000000        0.0000000000000000        0.0000000000000000     
   346.00000000000000       0.99618445000000011       -3.8122486200000000E-003   0.0000000000000000        0.0000000000000000        0.0000000000000000     
   347.00000000000000       0.99621096999999992       -3.7862021500000005E-003   0.0000000000000000        0.0000000000000000        0.0000000000000000     
   348.00000000000000       0.99624086000000012       -3.7604343599999999E-003   0.0000000000000000        0.0000000000000000        0.0000000000000000     
   349.00000000000000       0.99626738000000015       -3.7349418800000003E-003   0.0000000000000000        0.0000000000000000        0.0000000000000000     
   350.00000000000000       0.99629064000000001       -3.7096584099999999E-003   0.0000000000000000        0.0000000000000000        0.0000000000000000     
   351.00000000000000       0.99631716000000003       -3.6845839500000005E-003   0.0000000000000000        0.0000000000000000        0.0000000000000000     
   352.00000000000000       0.99633704999999995       -3.6597184999999999E-003   0.0000000000000000        0.0000000000000000        0.0000000000000000     
   353.00000000000000       0.99636694000000015       -3.6351283600000004E-003   0.0000000000000000        0.0000000000000000        0.0000000000000000     
   354.00000000000000       0.99638683000000006       -3.6107472300000000E-003   0.0000000000000000        0.0000000000000000        0.0000000000000000     
   355.00000000000000       0.99641335000000009       -3.5866447800000003E-003   0.0000000000000000        0.0000000000000000        0.0000000000000000     
   356.00000000000000       0.99643661000000006       -3.5626816700000002E-003   0.0000000000000000        0.0000000000000000        0.0000000000000000     
   357.00000000000000       0.99646313000000009       -3.5389938700000003E-003   0.0000000000000000        0.0000000000000000        0.0000000000000000     
   358.00000000000000       0.99648302000000011       -3.5154487799999999E-003   0.0000000000000000        0.0000000000000000        0.0000000000000000     
   359.00000000000000       0.99650627999999997       -3.4921756300000007E-003   0.0000000000000000        0.0000000000000000        0.0000000000000000     
   360.00000000000000       0.99653280000000000       -3.4690485600000001E-003   0.0000000000000000        0.0000000000000000        0.0000000000000000     
   361.00000000000000       0.99655269000000002       -3.4461934300000006E-003   0.0000000000000000        0.0000000000000000        0.0000000000000000     
   362.00000000000000       0.99657595000000010       -3.4234810100000003E-003   0.0000000000000000        0.0000000000000000        0.0000000000000000     
   363.00000000000000       0.99659584000000012       -3.4010439000000002E-003   0.0000000000000000        0.0000000000000000        0.0000000000000000     
   364.00000000000000       0.99662236000000004       -3.3787461300000001E-003   0.0000000000000000        0.0000000000000000        0.0000000000000000     
   365.00000000000000       0.99664562000000001       -3.3566573700000001E-003   0.0000000000000000        0.0000000000000000        0.0000000000000000     
   366.00000000000000       0.99666551000000003       -3.3347776200000003E-003   0.0000000000000000        0.0000000000000000        0.0000000000000000     
   367.00000000000000       0.99668540000000005       -3.3131035100000001E-003   0.0000000000000000        0.0000000000000000        0.0000000000000000     
   368.00000000000000       0.99670866000000002       -3.2915721100000000E-003   0.0000000000000000        0.0000000000000000        0.0000000000000000     
   369.00000000000000       0.99672855000000016       -3.2702497200000004E-003   0.0000000000000000        0.0000000000000000        0.0000000000000000     
   370.00000000000000       0.99674844000000007       -3.2491329699999997E-003   0.0000000000000000        0.0000000000000000        0.0000000000000000     
   371.00000000000000       0.99676833000000009       -3.2281555599999998E-003   0.0000000000000000        0.0000000000000000        0.0000000000000000     
   372.00000000000000       0.99679159000000006       -3.2073871600000001E-003   0.0000000000000000        0.0000000000000000        0.0000000000000000     
   373.00000000000000       0.99681147999999997       -3.1867581000000005E-003   0.0000000000000000        0.0000000000000000        0.0000000000000000     
   374.00000000000000       0.99683137000000011       -3.1663380500000001E-003   0.0000000000000000        0.0000000000000000        0.0000000000000000     
   375.00000000000000       0.99685463000000007       -3.1461236399999998E-003   0.0000000000000000        0.0000000000000000        0.0000000000000000     
   376.00000000000000       0.99687452000000010       -3.1260519400000001E-003   0.0000000000000000        0.0000000000000000        0.0000000000000000     
   377.00000000000000       0.99689441000000012       -3.1061162099999999E-003   0.0000000000000000        0.0000000000000000        0.0000000000000000     
   378.00000000000000       0.99691767000000009       -3.0863894900000004E-003   0.0000000000000000        0.0000000000000000        0.0000000000000000     
   379.00000000000000       0.99693092999999999       -3.0668054800000000E-003   0.0000000000000000        0.0000000000000000        0.0000000000000000     
   380.00000000000000       0.99695082000000002       -3.0474237400000001E-003   0.0000000000000000        0.0000000000000000        0.0000000000000000     
   381.00000000000000       0.99697071000000004       -3.0281847100000004E-003   0.0000000000000000        0.0000000000000000        0.0000000000000000     
   382.00000000000000       0.99699397000000012       -3.0090850199999998E-003   0.0000000000000000        0.0000000000000000        0.0000000000000000     
   383.00000000000000       0.99700723000000013       -2.9901280400000002E-003   0.0000000000000000        0.0000000000000000        0.0000000000000000     
   384.00000000000000       0.99702712000000004       -2.9713733300000002E-003   0.0000000000000000        0.0000000000000000        0.0000000000000000     
   385.00000000000000       0.99704700999999996       -2.9527613299999999E-003   0.0000000000000000        0.0000000000000000        0.0000000000000000     
   386.00000000000000       0.99706364000000003       -2.9342853000000006E-003   0.0000000000000000        0.0000000000000000        0.0000000000000000     
   387.00000000000000       0.99708353000000005       -2.9160182800000000E-003   0.0000000000000000        0.0000000000000000        0.0000000000000000     
   388.00000000000000       0.99710342000000007       -2.8978243000000003E-003   0.0000000000000000        0.0000000000000000        0.0000000000000000     
   389.00000000000006       0.99712005000000015       -2.8798359600000004E-003   0.0000000000000000        0.0000000000000000        0.0000000000000000     
   390.00000000000000       0.99713994000000006       -2.8619869600000005E-003   0.0000000000000000        0.0000000000000000        0.0000000000000000     
   391.00000000000000       0.99715320000000007       -2.8442773000000002E-003   0.0000000000000000        0.0000000000000000        0.0000000000000000     
   392.00000000000000       0.99717308999999998       -2.8267069800000000E-003   0.0000000000000000        0.0000000000000000        0.0000000000000000     
   393.00000000000000       0.99718972000000006       -2.8092759999999999E-003   0.0000000000000000        0.0000000000000000        0.0000000000000000     
   394.00000000000006       0.99720961000000008       -2.7919809900000003E-003   0.0000000000000000        0.0000000000000000        0.0000000000000000     
   395.00000000000000       0.99722287000000009       -2.7748286900000003E-003   0.0000000000000000        0.0000000000000000        0.0000000000000000     
   396.00000000000000       0.99724276000000001       -2.7578157300000004E-003   0.0000000000000000        0.0000000000000000        0.0000000000000000     
   397.00000000000000       0.99725938999999997       -2.7409421100000001E-003   0.0000000000000000        0.0000000000000000        0.0000000000000000     
   398.00000000000000       0.99727928000000010       -2.7242044599999999E-003   0.0000000000000000        0.0000000000000000        0.0000000000000000     
   399.00000000000006       0.99729254000000012       -2.7075398500000002E-003   0.0000000000000000        0.0000000000000000        0.0000000000000000     
   400.00000000000000       0.99730580000000013       -2.6910842500000001E-003   0.0000000000000000        0.0000000000000000        0.0000000000000000     
   401.00000000000000       0.99732906000000010       -2.6747612500000002E-003   0.0000000000000000        0.0000000000000000        0.0000000000000000     
   402.00000000000000       0.99734232000000012       -2.6585146600000002E-003   0.0000000000000000        0.0000000000000000        0.0000000000000000     
   403.00000000000000       0.99735558000000002       -2.6424074099999999E-003   0.0000000000000000        0.0000000000000000        0.0000000000000000     
   404.00000000000000       0.99737547000000004       -2.6264361300000001E-003   0.0000000000000000        0.0000000000000000        0.0000000000000000     
   405.00000000000000       0.99738873000000006       -2.6106041900000004E-003   0.0000000000000000        0.0000000000000000        0.0000000000000000     
   406.00000000000000       0.99740536000000013       -2.5949115900000003E-003   0.0000000000000000        0.0000000000000000        0.0000000000000000     
   407.00000000000000       0.99741862000000014       -2.5792886600000003E-003   0.0000000000000000        0.0000000000000000        0.0000000000000000     
   408.00000000000000       0.99743851000000006       -2.5638084399999999E-003   0.0000000000000000        0.0000000000000000        0.0000000000000000     
   409.00000000000000       0.99745177000000007       -2.5484641900000004E-003   0.0000000000000000        0.0000000000000000        0.0000000000000000     
   410.00000000000006       0.99746840000000003       -2.5332559100000001E-003   0.0000000000000000        0.0000000000000000        0.0000000000000000     
   411.00000000000000       0.99748166000000005       -2.5181206700000004E-003   0.0000000000000000        0.0000000000000000        0.0000000000000000     
   412.00000000000000       0.99749492000000006       -2.5031247700000002E-003   0.0000000000000000        0.0000000000000000        0.0000000000000000     
   413.00000000000000       0.99750818000000008       -2.4882682100000001E-003   0.0000000000000000        0.0000000000000000        0.0000000000000000     
   414.00000000000000       0.99752807000000010       -2.4734813200000001E-003   0.0000000000000000        0.0000000000000000        0.0000000000000000     
   415.00000000000006       0.99754470000000017       -2.4588304000000001E-003   0.0000000000000000        0.0000000000000000        0.0000000000000000     
   416.00000000000000       0.99755795999999997       -2.4442525200000001E-003   0.0000000000000000        0.0000000000000000        0.0000000000000000     
   417.00000000000000       0.99757121999999998       -2.4298139800000003E-003   0.0000000000000000        0.0000000000000000        0.0000000000000000     
   418.00000000000000       0.99758448000000000       -2.4155114100000001E-003   0.0000000000000000        0.0000000000000000        0.0000000000000000     
   419.00000000000000       0.99760111000000007       -2.4012818800000003E-003   0.0000000000000000        0.0000000000000000        0.0000000000000000     
   420.00000000000006       0.99761437000000008       -2.3871220200000001E-003   0.0000000000000000        0.0000000000000000        0.0000000000000000     
   421.00000000000000       0.99762762999999999       -2.3731678000000001E-003   0.0000000000000000        0.0000000000000000        0.0000000000000000     
   422.00000000000000       0.99764089000000000       -2.3592203200000000E-003   0.0000000000000000        0.0000000000000000        0.0000000000000000     
   423.00000000000000       0.99765415000000002       -2.3454054400000000E-003   0.0000000000000000        0.0000000000000000        0.0000000000000000     
   424.00000000000000       0.99767077999999998       -2.3317299000000001E-003   0.0000000000000000        0.0000000000000000        0.0000000000000000     
   425.00000000000006       0.99768403999999999       -2.3181274000000003E-003   0.0000000000000000        0.0000000000000000        0.0000000000000000     
   426.00000000000000       0.99769730000000001       -2.3046608700000000E-003   0.0000000000000000        0.0000000000000000        0.0000000000000000     
   427.00000000000000       0.99771056000000002       -2.2912673800000003E-003   0.0000000000000000        0.0000000000000000        0.0000000000000000     
   428.00000000000000       0.99772382000000004       -2.2779401900000001E-003   0.0000000000000000        0.0000000000000000        0.0000000000000000     
   429.00000000000000       0.99773382000000010       -2.2647557100000000E-003   0.0000000000000000        0.0000000000000000        0.0000000000000000     
   430.00000000000000       0.99774708000000001       -2.2516375300000004E-003   0.0000000000000000        0.0000000000000000        0.0000000000000000     
   431.00000000000006       0.99776034000000002       -2.2386586900000000E-003   0.0000000000000000        0.0000000000000000        0.0000000000000000     
   432.00000000000000       0.99777360000000004       -2.2257528900000005E-003   0.0000000000000000        0.0000000000000000        0.0000000000000000     
   433.00000000000000       0.99778686000000005       -2.2129133900000001E-003   0.0000000000000000        0.0000000000000000        0.0000000000000000     
   434.00000000000000       0.99780349000000002       -2.2002132300000003E-003   0.0000000000000000        0.0000000000000000        0.0000000000000000     
   435.00000000000000       0.99781675000000003       -2.1875861100000005E-003   0.0000000000000000        0.0000000000000000        0.0000000000000000     
   436.00000000000006       0.99782338000000004       -2.1750252899999998E-003   0.0000000000000000        0.0000000000000000        0.0000000000000000     
   437.00000000000000       0.99783664000000005       -2.1626038100000002E-003   0.0000000000000000        0.0000000000000000        0.0000000000000000     
   438.00000000000000       0.99784990000000007       -2.1501857000000004E-003   0.0000000000000000        0.0000000000000000        0.0000000000000000     
   439.00000000000000       0.99786315999999997       -2.1379732300000004E-003   0.0000000000000000        0.0000000000000000        0.0000000000000000     
   440.00000000000000       0.99787316000000015       -2.1257607600000000E-003   0.0000000000000000        0.0000000000000000        0.0000000000000000     
   441.00000000000006       0.99788642000000005       -2.1136876300000000E-003   0.0000000000000000        0.0000000000000000        0.0000000000000000     
   442.00000000000000       0.99789968000000007       -2.1016841700000001E-003   0.0000000000000000        0.0000000000000000        0.0000000000000000     
   443.00000000000000       0.99791294000000008       -2.0897537500000002E-003   0.0000000000000000        0.0000000000000000        0.0000000000000000     
   444.00000000000000       0.99791957000000009       -2.0778896299999999E-003   0.0000000000000000        0.0000000000000000        0.0000000000000000     
   445.00000000000000       0.99793282999999999       -2.0661648500000002E-003   0.0000000000000000        0.0000000000000000        0.0000000000000000     
   446.00000000000006       0.99794946000000007       -2.0544434400000000E-003   0.0000000000000000        0.0000000000000000        0.0000000000000000     
   447.00000000000000       0.99795609000000018       -2.0428580000000003E-003   0.0000000000000000        0.0000000000000000        0.0000000000000000     
   448.00000000000000       0.99796935000000020       -2.0313422300000002E-003   0.0000000000000000        0.0000000000000000        0.0000000000000000     
   449.00000000000000       0.99798260999999999       -2.0199658000000001E-003   0.0000000000000000        0.0000000000000000        0.0000000000000000     
   450.00000000000000       0.99798924000000011       -2.0085893700000001E-003   0.0000000000000000        0.0000000000000000        0.0000000000000000     
   451.00000000000006       0.99800587000000007       -1.9973522800000002E-003   0.0000000000000000        0.0000000000000000        0.0000000000000000     
   452.00000000000000       0.99801249999999997       -1.9861185600000002E-003   0.0000000000000000        0.0000000000000000        0.0000000000000000     
   453.00000000000000       0.99802575999999998       -1.9750208099999999E-003   0.0000000000000000        0.0000000000000000        0.0000000000000000     
   454.00000000000000       0.99803902000000000       -1.9639927300000000E-003   0.0000000000000000        0.0000000000000000        0.0000000000000000     
   455.00000000000000       0.99804565000000012       -1.9530343200000000E-003   0.0000000000000000        0.0000000000000000        0.0000000000000000     
   456.00000000000000       0.99805891000000013       -1.9421455800000000E-003   0.0000000000000000        0.0000000000000000        0.0000000000000000     
   457.00000000000006       0.99806554000000003       -1.9313265100000001E-003   0.0000000000000000        0.0000000000000000        0.0000000000000000     
   458.00000000000000       0.99808216999999999       -1.9205804799999999E-003   0.0000000000000000        0.0000000000000000        0.0000000000000000     
   459.00000000000000       0.99808880000000011       -1.9099670500000001E-003   0.0000000000000000        0.0000000000000000        0.0000000000000000     
   460.00000000000000       0.99810206000000012       -1.8993603600000000E-003   0.0000000000000000        0.0000000000000000        0.0000000000000000     
   461.00000000000000       0.99810869000000002       -1.8888199700000002E-003   0.0000000000000000        0.0000000000000000        0.0000000000000000     
   462.00000000000006       0.99812195000000004       -1.8784189200000000E-003   0.0000000000000000        0.0000000000000000        0.0000000000000000     
   463.00000000000000       0.99812858000000015       -1.8680178700000002E-003   0.0000000000000000        0.0000000000000000        0.0000000000000000     
   464.00000000000000       0.99814521000000012       -1.8576898600000003E-003   0.0000000000000000        0.0000000000000000        0.0000000000000000     
   465.00000000000000       0.99815184000000001       -1.8474944500000002E-003   0.0000000000000000        0.0000000000000000        0.0000000000000000     
   466.00000000000000       0.99816510000000003       -1.8373057800000004E-003   0.0000000000000000        0.0000000000000000        0.0000000000000000     
   467.00000000000006       0.99817172999999992       -1.8272497100000000E-003   0.0000000000000000        0.0000000000000000        0.0000000000000000     
   468.00000000000000       0.99818498999999994       -1.8172003800000002E-003   0.0000000000000000        0.0000000000000000        0.0000000000000000     
   469.00000000000000       0.99819162000000006       -1.8072173500000000E-003   0.0000000000000000        0.0000000000000000        0.0000000000000000     
   470.00000000000000       0.99819824999999995       -1.7973736600000001E-003   0.0000000000000000        0.0000000000000000        0.0000000000000000     
   471.00000000000000       0.99821488000000014       -1.7875299700000000E-003   0.0000000000000000        0.0000000000000000        0.0000000000000000     
   472.00000000000006       0.99822151000000003       -1.7777593200000003E-003   0.0000000000000000        0.0000000000000000        0.0000000000000000     
   473.00000000000000       0.99823477000000005       -1.7680549700000001E-003   0.0000000000000000        0.0000000000000000        0.0000000000000000     
   474.00000000000000       0.99824140000000017       -1.7584202900000000E-003   0.0000000000000000        0.0000000000000000        0.0000000000000000     
   475.00000000000000       0.99824803000000006       -1.7488552800000001E-003   0.0000000000000000        0.0000000000000000        0.0000000000000000     
   476.00000000000000       0.99826129000000008       -1.7393599399999999E-003   0.0000000000000000        0.0000000000000000        0.0000000000000000     
   477.00000000000006       0.99826791999999998       -1.7299342700000003E-003   0.0000000000000000        0.0000000000000000        0.0000000000000000     
   478.00000000000006       0.99827792000000004       -1.7205119700000001E-003   0.0000000000000000        0.0000000000000000        0.0000000000000000     
   479.00000000000000       0.99829118000000006       -1.7112256400000003E-003   0.0000000000000000        0.0000000000000000        0.0000000000000000     
   480.00000000000000       0.99829780999999995       -1.7019393100000000E-003   0.0000000000000000        0.0000000000000000        0.0000000000000000     
   481.00000000000000       0.99830444000000007       -1.6927923200000001E-003   0.0000000000000000        0.0000000000000000        0.0000000000000000     
   482.00000000000000       0.99831770000000009       -1.6836453300000001E-003   0.0000000000000000        0.0000000000000000        0.0000000000000000     
   483.00000000000006       0.99832432999999998       -1.6745680100000002E-003   0.0000000000000000        0.0000000000000000        0.0000000000000000     
   484.00000000000000       0.99833096000000010       -1.6655603600000000E-003   0.0000000000000000        0.0000000000000000        0.0000000000000000     
   485.00000000000000       0.99834759000000006       -1.6565560800000001E-003   0.0000000000000000        0.0000000000000000        0.0000000000000000     
   486.00000000000000       0.99835422000000018       -1.6476877700000001E-003   0.0000000000000000        0.0000000000000000        0.0000000000000000     
   487.00000000000000       0.99836085000000008       -1.6388228299999998E-003   0.0000000000000000        0.0000000000000000        0.0000000000000000     
   488.00000000000006       0.99836748000000020       -1.6300904900000000E-003   0.0000000000000000        0.0000000000000000        0.0000000000000000     
   489.00000000000000       0.99838074000000021       -1.6213615200000001E-003   0.0000000000000000        0.0000000000000000        0.0000000000000000     
   490.00000000000000       0.99838737000000011       -1.6126359200000001E-003   0.0000000000000000        0.0000000000000000        0.0000000000000000     
   491.00000000000000       0.99839400000000023       -1.6040462900000002E-003   0.0000000000000000        0.0000000000000000        0.0000000000000000     
   492.00000000000000       0.99840400000000007       -1.5954600300000000E-003   0.0000000000000000        0.0000000000000000        0.0000000000000000     
   493.00000000000006       0.99841726000000008       -1.5869400699999999E-003   0.0000000000000000        0.0000000000000000        0.0000000000000000     
   494.00000000000000       0.99842388999999998       -1.5784931500000001E-003   0.0000000000000000        0.0000000000000000        0.0000000000000000     
   495.00000000000000       0.99843052000000010       -1.5701125300000001E-003   0.0000000000000000        0.0000000000000000        0.0000000000000000     
   496.00000000000000       0.99843715000000000       -1.5617982099999999E-003   0.0000000000000000        0.0000000000000000        0.0000000000000000     
   497.00000000000000       0.99844378000000011       -1.5534906300000001E-003   0.0000000000000000        0.0000000000000000        0.0000000000000000     
   498.00000000000006       0.99845704000000013       -1.5452493499999997E-003   0.0000000000000000        0.0000000000000000        0.0000000000000000     
   499.00000000000000       0.99846367000000003       -1.5370777400000001E-003   0.0000000000000000        0.0000000000000000        0.0000000000000000     
   500.00000000000000       0.99847367000000009       -1.5289095000000001E-003   0.0000000000000000        0.0000000000000000        0.0000000000000000     
   501.00000000000000       0.99848029999999999       -1.5208109300000000E-003   0.0000000000000000        0.0000000000000000        0.0000000000000000     
   502.00000000000000       0.99848693000000011       -1.5127786600000002E-003   0.0000000000000000        0.0000000000000000        0.0000000000000000     
   503.00000000000006       0.99849356000000000       -1.5048160600000004E-003   0.0000000000000000        0.0000000000000000        0.0000000000000000     
   504.00000000000006       0.99850019000000012       -1.4968568299999999E-003   0.0000000000000000        0.0000000000000000        0.0000000000000000     
   505.00000000000000       0.99851345000000014       -1.4889639000000001E-003   0.0000000000000000        0.0000000000000000        0.0000000000000000     
   506.00000000000000       0.99852008000000003       -1.4811406400000000E-003   0.0000000000000000        0.0000000000000000        0.0000000000000000     
   507.00000000000000       0.99852671000000004       -1.4733870499999998E-003   0.0000000000000000        0.0000000000000000        0.0000000000000000     
   508.00000000000000       0.99853334000000005       -1.4656368299999999E-003   0.0000000000000000        0.0000000000000000        0.0000000000000000     
   509.00000000000006       0.99854334000000011       -1.4579529100000003E-003   0.0000000000000000        0.0000000000000000        0.0000000000000000     
   510.00000000000000       0.99854997000000001       -1.4502723599999999E-003   0.0000000000000000        0.0000000000000000        0.0000000000000000     
   511.00000000000000       0.99855660000000013       -1.4427277800000001E-003   0.0000000000000000        0.0000000000000000        0.0000000000000000     
   512.00000000000000       0.99856323000000002       -1.4351832000000001E-003   0.0000000000000000        0.0000000000000000        0.0000000000000000     
   513.00000000000000       0.99856986000000014       -1.4276419899999998E-003   0.0000000000000000        0.0000000000000000        0.0000000000000000     
   514.00000000000000       0.99857649000000004       -1.4201704500000000E-003   0.0000000000000000        0.0000000000000000        0.0000000000000000     
   515.00000000000000       0.99858312000000016       -1.4127652100000003E-003   0.0000000000000000        0.0000000000000000        0.0000000000000000     
   516.00000000000000       0.99859637999999995       -1.4054296400000002E-003   0.0000000000000000        0.0000000000000000        0.0000000000000000     
   517.00000000000000       0.99860301000000007       -1.3980974400000000E-003   0.0000000000000000        0.0000000000000000        0.0000000000000000     
   518.00000000000000       0.99861301000000002       -1.3908315399999999E-003   0.0000000000000000        0.0000000000000000        0.0000000000000000     
   519.00000000000000       0.99861964000000003       -1.3835690100000000E-003   0.0000000000000000        0.0000000000000000        0.0000000000000000     
   520.00000000000000       0.99862627000000004       -1.3763761500000002E-003   0.0000000000000000        0.0000000000000000        0.0000000000000000     
   521.00000000000000       0.99863290000000005       -1.3692495900000001E-003   0.0000000000000000        0.0000000000000000        0.0000000000000000     
   522.00000000000000       0.99863953000000005       -1.3621927000000002E-003   0.0000000000000000        0.0000000000000000        0.0000000000000000     
   523.00000000000000       0.99864616000000006       -1.3551358099999999E-003   0.0000000000000000        0.0000000000000000        0.0000000000000000     
   524.00000000000000       0.99865279000000007       -1.3480856600000001E-003   0.0000000000000000        0.0000000000000000        0.0000000000000000     
   525.00000000000000       0.99865942000000008       -1.3410984400000000E-003   0.0000000000000000        0.0000000000000000        0.0000000000000000     
   526.00000000000000       0.99866605000000008       -1.3341842600000000E-003   0.0000000000000000        0.0000000000000000        0.0000000000000000     
   527.00000000000000       0.99867605000000004       -1.3272700799999999E-003   0.0000000000000000        0.0000000000000000        0.0000000000000000     
   528.00000000000000       0.99868267999999993       -1.3204222000000002E-003   0.0000000000000000        0.0000000000000000        0.0000000000000000     
   529.00000000000000       0.99868931000000005       -1.3136439900000001E-003   0.0000000000000000        0.0000000000000000        0.0000000000000000     
   530.00000000000000       0.99869593999999995       -1.3068691499999998E-003   0.0000000000000000        0.0000000000000000        0.0000000000000000     
   531.00000000000000       0.99870257000000007       -1.3001606100000000E-003   0.0000000000000000        0.0000000000000000        0.0000000000000000     
   532.00000000000000       0.99870919999999996       -1.2934554400000002E-003   0.0000000000000000        0.0000000000000000        0.0000000000000000     
   533.00000000000000       0.99871583000000008       -1.2868199400000000E-003   0.0000000000000000        0.0000000000000000        0.0000000000000000     
   534.00000000000000       0.99871583000000008       -1.2801844399999999E-003   0.0000000000000000        0.0000000000000000        0.0000000000000000     
   535.00000000000000       0.99872245999999998       -1.2736186100000002E-003   0.0000000000000000        0.0000000000000000        0.0000000000000000     
   536.00000000000000       0.99872909000000010       -1.2671190800000000E-003   0.0000000000000000        0.0000000000000000        0.0000000000000000     
   537.00000000000000       0.99873909000000005       -1.2606229199999999E-003   0.0000000000000000        0.0000000000000000        0.0000000000000000     
   538.00000000000000       0.99874572000000006       -1.2541930600000000E-003   0.0000000000000000        0.0000000000000000        0.0000000000000000     
   539.00000000000000       0.99875235000000007       -1.2477665700000001E-003   0.0000000000000000        0.0000000000000000        0.0000000000000000     
   540.00000000000000       0.99875898000000007       -1.2414063800000000E-003   0.0000000000000000        0.0000000000000000        0.0000000000000000     
   541.00000000000000       0.99876561000000008       -1.2350495599999999E-003   0.0000000000000000        0.0000000000000000        0.0000000000000000     
   542.00000000000000       0.99877224000000009       -1.2287624100000001E-003   0.0000000000000000        0.0000000000000000        0.0000000000000000     
   543.00000000000000       0.99877887000000010       -1.2224752600000000E-003   0.0000000000000000        0.0000000000000000        0.0000000000000000     
   544.00000000000000       0.99878549999999999       -1.2162544100000000E-003   0.0000000000000000        0.0000000000000000        0.0000000000000000     
   545.00000000000000       0.99879213000000011       -1.2100403000000000E-003   0.0000000000000000        0.0000000000000000        0.0000000000000000     
   546.00000000000000       0.99879213000000011       -1.2038891200000000E-003   0.0000000000000000        0.0000000000000000        0.0000000000000000     
   547.00000000000000       0.99880213000000007       -1.1977413100000001E-003   0.0000000000000000        0.0000000000000000        0.0000000000000000     
   548.00000000000000       0.99880876000000018       -1.1916631700000001E-003   0.0000000000000000        0.0000000000000000        0.0000000000000000     
   549.00000000000000       0.99881539000000008       -1.1856513300000000E-003   0.0000000000000000        0.0000000000000000        0.0000000000000000     
   550.00000000000000       0.99882202000000020       -1.1796428600000001E-003   0.0000000000000000        0.0000000000000000        0.0000000000000000     
