   1.0000000000000000        1.4102725000000002E-002 -0.98589959000000016        0.0000000000000000        0.0000000000000000        0.0000000000000000     
   2.0000000000000000       0.14400312000000001      -0.85599688000000007        0.0000000000000000        0.0000000000000000        0.0000000000000000     
   3.0000000000000000       0.28445254000000003      -0.71554746000000002        0.0000000000000000        0.0000000000000000        0.0000000000000000     
   4.0000000000000000       0.39010845999999999      -0.60989154000000001        0.0000000000000000        0.0000000000000000        0.0000000000000000     
   5.0000000000000000       0.46735854000000010      -0.53264146000000001        0.0000000000000000        0.0000000000000000        0.0000000000000000     
   6.0000000000000000       0.52504502000000008      -0.47495498000000003        0.0000000000000000        0.0000000000000000        0.0000000000000000     
   7.0000000000000000       0.56955032000000005      -0.43044968000000000        0.0000000000000000        0.0000000000000000        0.0000000000000000     
   8.0000000000000000       0.60477382000000002      -0.39522618000000004        0.0000000000000000        0.0000000000000000        0.0000000000000000     
   9.0000000000000000       0.63329020999999996      -0.36670979000000004        0.0000000000000000        0.0000000000000000        0.0000000000000000     
   10.000000000000000       0.65683396000000005      -0.34316604000000006        0.0000000000000000        0.0000000000000000        0.0000000000000000     
   11.000000000000000       0.67660562000000002      -0.32339438000000004        0.0000000000000000        0.0000000000000000        0.0000000000000000     
   12.000000000000000       0.69345237000000004      -0.30654763000000007        0.0000000000000000        0.0000000000000000        0.0000000000000000     
   13.000000000000000       0.70796791000000003      -0.29203209000000002        0.0000000000000000        0.0000000000000000        0.0000000000000000     
   14.000000000000000       0.72064909000000010      -0.27935091000000001        0.0000000000000000        0.0000000000000000        0.0000000000000000     
   15.000000000000000       0.73181613000000012      -0.26818386999999999        0.0000000000000000        0.0000000000000000        0.0000000000000000     
   16.000000000000000       0.74174577000000008      -0.25825423000000003        0.0000000000000000        0.0000000000000000        0.0000000000000000     
   17.000000000000000       0.75063823000000007      -0.24936176999999998        0.0000000000000000        0.0000000000000000        0.0000000000000000     
   18.000000000000000       0.75866025000000004      -0.24133975000000002        0.0000000000000000        0.0000000000000000        0.0000000000000000     
   19.000000000000000       0.76594183000000005      -0.23405817000000001        0.0000000000000000        0.0000000000000000        0.0000000000000000     
   20.000000000000000       0.77259308000000004      -0.22740692000000001        0.0000000000000000        0.0000000000000000        0.0000000000000000     
   21.000000000000000       0.77869737000000006      -0.22130263000000000        0.0000000000000000        0.0000000000000000        0.0000000000000000     
   22.000000000000000       0.78433470000000005      -0.21566530000000000        0.0000000000000000        0.0000000000000000        0.0000000000000000     
   23.000000000000000       0.78956181000000014      -0.21043819000000002        0.0000000000000000        0.0000000000000000        0.0000000000000000     
   24.000000000000000       0.79442533000000004      -0.20557467000000001        0.0000000000000000        0.0000000000000000        0.0000000000000000     
   25.000000000000000       0.79897200000000002      -0.20102800000000001        0.0000000000000000        0.0000000000000000        0.0000000000000000     
   26.000000000000000       0.80324182000000000      -0.19675818000000000        0.0000000000000000        0.0000000000000000        0.0000000000000000     
   27.000000000000000       0.80725479000000000      -0.19274521000000003        0.0000000000000000        0.0000000000000000        0.0000000000000000     
   28.000000000000000       0.81105091000000007      -0.18894909000000001        0.0000000000000000        0.0000000000000000        0.0000000000000000     
   29.000000000000000       0.81464355000000011      -0.18535746100000000        0.0000000000000000        0.0000000000000000        0.0000000000000000     
   30.000000000000000       0.81805934000000002      -0.18194234500000001        0.0000000000000000        0.0000000000000000        0.0000000000000000     
   31.000000000000000       0.82130165000000011      -0.17869733900000001        0.0000000000000000        0.0000000000000000        0.0000000000000000     
   32.000000000000000       0.82440711000000000      -0.17559154199999999        0.0000000000000000        0.0000000000000000        0.0000000000000000     
   33.000000000000000       0.82737246000000009      -0.17262652900000000        0.0000000000000000        0.0000000000000000        0.0000000000000000     
   34.000000000000000       0.83021433000000000      -0.16978499600000002        0.0000000000000000        0.0000000000000000        0.0000000000000000     
   35.000000000000000       0.83294272000000003      -0.16705660600000000        0.0000000000000000        0.0000000000000000        0.0000000000000000     
   36.000000000000000       0.83557426000000012      -0.16442540300000000        0.0000000000000000        0.0000000000000000        0.0000000000000000     
   37.000000000000000       0.83810569000000001      -0.16189498399999999        0.0000000000000000        0.0000000000000000        0.0000000000000000     
   38.000000000000000       0.84055027000000004      -0.15944939299999999        0.0000000000000000        0.0000000000000000        0.0000000000000000     
   39.000000000000000       0.84291474000000000      -0.15708694500000001        0.0000000000000000        0.0000000000000000        0.0000000000000000     
   40.000000000000000       0.84519573000000014      -0.15480528099999999        0.0000000000000000        0.0000000000000000        0.0000000000000000     
   41.000000000000000       0.84740987000000012      -0.15258945600000004        0.0000000000000000        0.0000000000000000        0.0000000000000000     
   42.000000000000000       0.84956053000000020      -0.15043778500000002        0.0000000000000000        0.0000000000000000        0.0000000000000000     
   43.000000000000000       0.85165108000000012      -0.14834925700000001        0.0000000000000000        0.0000000000000000        0.0000000000000000     
   44.000000000000000       0.85368478000000003      -0.14631522000000000        0.0000000000000000        0.0000000000000000        0.0000000000000000     
   45.000000000000000       0.85565837000000000      -0.14434163000000003        0.0000000000000000        0.0000000000000000        0.0000000000000000     
   46.000000000000000       0.85758511000000004      -0.14241387900000002        0.0000000000000000        0.0000000000000000        0.0000000000000000     
   47.000000000000000       0.85946174000000009      -0.14053758600000002        0.0000000000000000        0.0000000000000000        0.0000000000000000     
   48.000000000000000       0.86130152000000004      -0.13869814300000002        0.0000000000000000        0.0000000000000000        0.0000000000000000     
   49.000000000000000       0.86309119000000001      -0.13690847300000000        0.0000000000000000        0.0000000000000000        0.0000000000000000     
   50.000000000000000       0.86483737999999999      -0.13516093500000001        0.0000000000000000        0.0000000000000000        0.0000000000000000     
   51.000000000000000       0.86655346000000000      -0.13344788799999999        0.0000000000000000        0.0000000000000000        0.0000000000000000     
   52.000000000000000       0.86822606000000002      -0.13177528799999999        0.0000000000000000        0.0000000000000000        0.0000000000000000     
   53.000000000000000       0.86987181000000002      -0.13012920100000003        0.0000000000000000        0.0000000000000000        0.0000000000000000     
   54.000000000000000       0.87147744999999999      -0.12852221300000000        0.0000000000000000        0.0000000000000000        0.0000000000000000     
   55.000000000000000       0.87305297999999998      -0.12694701999999999        0.0000000000000000        0.0000000000000000        0.0000000000000000     
   56.000000000000000       0.87459840000000000      -0.12540261100000000        0.0000000000000000        0.0000000000000000        0.0000000000000000     
   57.000000000000000       0.87611697000000011      -0.12388235600000001        0.0000000000000000        0.0000000000000000        0.0000000000000000     
   58.000000000000000       0.87760880000000008      -0.12239187400000000        0.0000000000000000        0.0000000000000000        0.0000000000000000     
   59.000000000000007       0.87907715000000008      -0.12092386100000001        0.0000000000000000        0.0000000000000000        0.0000000000000000     
   60.000000000000000       0.88051539000000001      -0.11948461000000000        0.0000000000000000        0.0000000000000000        0.0000000000000000     
   61.000000000000007       0.88193352000000003      -0.11806681700000002        0.0000000000000000        0.0000000000000000        0.0000000000000000     
   62.000000000000000       0.88332153999999996      -0.11667677500000001        0.0000000000000000        0.0000000000000000        0.0000000000000000     
   63.000000000000007       0.88469282000000005      -0.11530718000000000        0.0000000000000000        0.0000000000000000        0.0000000000000000     
   64.000000000000000       0.88605062000000001      -0.11395106500000000        0.0000000000000000        0.0000000000000000        0.0000000000000000     
   65.000000000000000       0.88737168000000000      -0.11262730900000001        0.0000000000000000        0.0000000000000000        0.0000000000000000     
   66.000000000000000       0.88868263000000003      -0.11131602200000000        0.0000000000000000        0.0000000000000000        0.0000000000000000     
   67.000000000000000       0.88997684000000010      -0.11002316000000002        0.0000000000000000        0.0000000000000000        0.0000000000000000     
   68.000000000000000       0.89125094000000005      -0.10874872300000001        0.0000000000000000        0.0000000000000000        0.0000000000000000     
   69.000000000000000       0.89250830000000003      -0.10749136300000001        0.0000000000000000        0.0000000000000000        0.0000000000000000     
   70.000000000000000       0.89374892000000006      -0.10625141700000000        0.0000000000000000        0.0000000000000000        0.0000000000000000     
   71.000000000000000       0.89497280000000012      -0.10502854800000000        0.0000000000000000        0.0000000000000000        0.0000000000000000     
   72.000000000000000       0.89617994000000012      -0.10382174500000001        0.0000000000000000        0.0000000000000000        0.0000000000000000     
   73.000000000000000       0.89737034000000004      -0.10263067100000002        0.0000000000000000        0.0000000000000000        0.0000000000000000     
   74.000000000000000       0.89854400000000012      -0.10145566300000000        0.0000000000000000        0.0000000000000000        0.0000000000000000     
   75.000000000000000       0.89971091999999997      -0.10028874300000000        0.0000000000000000        0.0000000000000000        0.0000000000000000     
   76.000000000000000       0.90086447000000014       -9.9136878000000012E-002   0.0000000000000000        0.0000000000000000        0.0000000000000000     
   77.000000000000000       0.90199465000000001       -9.8006361000000000E-002   0.0000000000000000        0.0000000000000000        0.0000000000000000     
   78.000000000000000       0.90312472000000010       -9.6876628000000006E-002   0.0000000000000000        0.0000000000000000        0.0000000000000000     
   79.000000000000000       0.90423142000000001       -9.5767232000000008E-002   0.0000000000000000        0.0000000000000000        0.0000000000000000     
   80.000000000000000       0.90532812000000007       -9.4671206000000008E-002   0.0000000000000000        0.0000000000000000        0.0000000000000000     
   81.000000000000000       0.90641808000000013       -9.3582257000000002E-002   0.0000000000000000        0.0000000000000000        0.0000000000000000     
   82.000000000000000       0.90749467000000006       -9.2506004000000017E-002   0.0000000000000000        0.0000000000000000        0.0000000000000000     
   83.000000000000000       0.90855789000000009       -9.1442446999999996E-002   0.0000000000000000        0.0000000000000000        0.0000000000000000     
   84.000000000000000       0.90960774000000000       -9.0391249000000007E-002   0.0000000000000000        0.0000000000000000        0.0000000000000000     
   85.000000000000000       0.91065422000000007       -8.9345443000000010E-002   0.0000000000000000        0.0000000000000000        0.0000000000000000     
   86.000000000000000       0.91168070000000001       -8.8318289000000022E-002   0.0000000000000000        0.0000000000000000        0.0000000000000000     
   87.000000000000000       0.91270381000000000       -8.7296190000000010E-002   0.0000000000000000        0.0000000000000000        0.0000000000000000     
   88.000000000000000       0.91371354999999999       -8.6285439000000005E-002   0.0000000000000000        0.0000000000000000        0.0000000000000000     
   89.000000000000000       0.91471992000000002       -8.5279406000000002E-002   0.0000000000000000        0.0000000000000000        0.0000000000000000     
   90.000000000000000       0.91570966000000009       -8.4291014000000011E-002   0.0000000000000000        0.0000000000000000        0.0000000000000000     
   91.000000000000000       0.91669266000000005       -8.3306666000000001E-002   0.0000000000000000        0.0000000000000000        0.0000000000000000     
   92.000000000000000       0.91766566000000016       -8.2332991999999994E-002   0.0000000000000000        0.0000000000000000        0.0000000000000000     
   93.000000000000000       0.91862865999999999       -8.1369654999999999E-002   0.0000000000000000        0.0000000000000000        0.0000000000000000     
   94.000000000000000       0.91958165999999997       -8.0416992000000007E-002   0.0000000000000000        0.0000000000000000        0.0000000000000000     
   95.000000000000000       0.92052466000000011       -7.9473991999999993E-002   0.0000000000000000        0.0000000000000000        0.0000000000000000     
   96.000000000000000       0.92146429000000007       -7.8534698999999999E-002   0.0000000000000000        0.0000000000000000        0.0000000000000000     
   97.000000000000000       0.92238729000000008       -7.7611362000000003E-002   0.0000000000000000        0.0000000000000000        0.0000000000000000     
   98.000000000000000       0.92330692000000003       -7.6691395000000009E-002   0.0000000000000000        0.0000000000000000        0.0000000000000000     
   99.000000000000000       0.92421992000000008       -7.5781091000000009E-002   0.0000000000000000        0.0000000000000000        0.0000000000000000     
   100.00000000000000       0.92511955000000001       -7.4879775999999995E-002   0.0000000000000000        0.0000000000000000        0.0000000000000000     
   101.00000000000000       0.92601255000000005       -7.3988124000000002E-002   0.0000000000000000        0.0000000000000000        0.0000000000000000     
   102.00000000000000       0.92689555000000001       -7.3105460999999997E-002   0.0000000000000000        0.0000000000000000        0.0000000000000000     
   103.00000000000000       0.92777518000000003       -7.2225055900000001E-002   0.0000000000000000        0.0000000000000000        0.0000000000000000     
   104.00000000000000       0.92863818000000009       -7.1360370899999997E-002   0.0000000000000000        0.0000000000000000        0.0000000000000000     
   105.00000000000001       0.92950117999999993       -7.0497910100000005E-002   0.0000000000000000        0.0000000000000000        0.0000000000000000     
   106.00000000000000       0.93034755000000002       -6.9650798700000016E-002   0.0000000000000000        0.0000000000000000        0.0000000000000000     
   107.00000000000000       0.93119392000000012       -6.8805743000000003E-002   0.0000000000000000        0.0000000000000000        0.0000000000000000     
   108.00000000000000       0.93203029000000004       -6.7970597899999999E-002   0.0000000000000000        0.0000000000000000        0.0000000000000000     
   109.00000000000001       0.93286003000000006       -6.7143936300000012E-002   0.0000000000000000        0.0000000000000000        0.0000000000000000     
   110.00000000000000       0.93367314000000001       -6.6325027800000005E-002   0.0000000000000000        0.0000000000000000        0.0000000000000000     
   111.00000000000000       0.93448288000000002       -6.5514468000000006E-002   0.0000000000000000        0.0000000000000000        0.0000000000000000     
   112.00000000000000       0.93528599000000012       -6.4711526500000005E-002   0.0000000000000000        0.0000000000000000        0.0000000000000000     
   113.00000000000000       0.93607910000000016       -6.3916798900000002E-002   0.0000000000000000        0.0000000000000000        0.0000000000000000     
   114.00000000000000       0.93686558000000009       -6.3129521100000002E-002   0.0000000000000000        0.0000000000000000        0.0000000000000000     
   115.00000000000000       0.93765206000000001       -6.2350356100000004E-002   0.0000000000000000        0.0000000000000000        0.0000000000000000     
   116.00000000000000       0.93842190999999997       -6.1579202800000003E-002   0.0000000000000000        0.0000000000000000        0.0000000000000000     
   117.00000000000000       0.93918513000000003       -6.0816027500000008E-002   0.0000000000000000        0.0000000000000000        0.0000000000000000     
   118.00000000000001       0.93993835000000003       -6.0060762800000007E-002   0.0000000000000000        0.0000000000000000        0.0000000000000000     
   119.00000000000000       0.94068493999999991       -5.9312711999999997E-002   0.0000000000000000        0.0000000000000000        0.0000000000000000     
   120.00000000000000       0.94142490000000012       -5.8573167400000001E-002   0.0000000000000000        0.0000000000000000        0.0000000000000000     
   121.00000000000000       0.94215823000000010       -5.7840701899999999E-002   0.0000000000000000        0.0000000000000000        0.0000000000000000     
   122.00000000000001       0.94288819000000013       -5.7116675200000001E-002   0.0000000000000000        0.0000000000000000        0.0000000000000000     
   123.00000000000000       0.94360152000000008       -5.6399660200000000E-002   0.0000000000000000        0.0000000000000000        0.0000000000000000     
   124.00000000000000       0.94431159000000009       -5.5690982900000005E-002   0.0000000000000000        0.0000000000000000        0.0000000000000000     
   125.00000000000000       0.94501166000000003       -5.4989283600000001E-002   0.0000000000000000        0.0000000000000000        0.0000000000000000     
   126.00000000000001       0.94570510000000008       -5.4295787200000008E-002   0.0000000000000000        0.0000000000000000        0.0000000000000000     
   127.00000000000000       0.94638854000000006       -5.3609898099999997E-002   0.0000000000000000        0.0000000000000000        0.0000000000000000     
   128.00000000000000       0.94706535000000014       -5.2931481500000002E-002   0.0000000000000000        0.0000000000000000        0.0000000000000000     
   129.00000000000000       0.94773553000000010       -5.2260571100000000E-002   0.0000000000000000        0.0000000000000000        0.0000000000000000     
   130.00000000000000       0.94839908000000006       -5.1597133200000006E-002   0.0000000000000000        0.0000000000000000        0.0000000000000000     
   131.00000000000000       0.94906263000000013       -5.0941797100000005E-002   0.0000000000000000        0.0000000000000000        0.0000000000000000     
   132.00000000000000       0.94970955000000001       -5.0293203100000003E-002   0.0000000000000000        0.0000000000000000        0.0000000000000000     
   133.00000000000000       0.95034984000000011       -4.9652643499999996E-002   0.0000000000000000        0.0000000000000000        0.0000000000000000     
   134.00000000000000       0.95098350000000009       -4.9019421600000009E-002   0.0000000000000000        0.0000000000000000        0.0000000000000000     
   135.00000000000000       0.95161053000000007       -4.8393571100000012E-002   0.0000000000000000        0.0000000000000000        0.0000000000000000     
   136.00000000000000       0.95222756000000008       -4.7774990900000001E-002   0.0000000000000000        0.0000000000000000        0.0000000000000000     
   137.00000000000000       0.95283796000000009       -4.7163748399999997E-002   0.0000000000000000        0.0000000000000000        0.0000000000000000     
   138.00000000000000       0.95344172999999999       -4.6559742500000001E-002   0.0000000000000000        0.0000000000000000        0.0000000000000000     
   139.00000000000000       0.95403886999999998       -4.5962973200000007E-002   0.0000000000000000        0.0000000000000000        0.0000000000000000     
   140.00000000000000       0.95462938000000008       -4.5373474200000000E-002   0.0000000000000000        0.0000000000000000        0.0000000000000000     
   141.00000000000000       0.95520989000000012       -4.4791807400000001E-002   0.0000000000000000        0.0000000000000000        0.0000000000000000     
   142.00000000000000       0.95578714000000020       -4.4216680499999994E-002   0.0000000000000000        0.0000000000000000        0.0000000000000000     
   143.00000000000000       0.95634776000000010       -4.3648756500000004E-002   0.0000000000000000        0.0000000000000000        0.0000000000000000     
   144.00000000000000       0.95690838000000000       -4.3087968000000004E-002   0.0000000000000000        0.0000000000000000        0.0000000000000000     
   145.00000000000000       0.95746237000000001       -4.2534348700000002E-002   0.0000000000000000        0.0000000000000000        0.0000000000000000     
   146.00000000000000       0.95801636000000012       -4.1987831199999999E-002   0.0000000000000000        0.0000000000000000        0.0000000000000000     
   147.00000000000000       0.95855372000000005       -4.1447786200000003E-002   0.0000000000000000        0.0000000000000000        0.0000000000000000     
   148.00000000000000       0.95908782000000004       -4.0915472299999998E-002   0.0000000000000000        0.0000000000000000        0.0000000000000000     
   149.00000000000000       0.95961191999999995       -4.0388967900000003E-002   0.0000000000000000        0.0000000000000000        0.0000000000000000     
   150.00000000000000       0.96012939000000008       -3.9870160900000000E-002   0.0000000000000000        0.0000000000000000        0.0000000000000000     
   151.00000000000000       0.96064023000000009       -3.9357758999999999E-002   0.0000000000000000        0.0000000000000000        0.0000000000000000     
   152.00000000000000       0.96114443999999999       -3.8852425199999999E-002   0.0000000000000000        0.0000000000000000        0.0000000000000000     
   153.00000000000000       0.96164864999999999       -3.8353462800000002E-002   0.0000000000000000        0.0000000000000000        0.0000000000000000     
   154.00000000000000       0.96213959999999998       -3.7860838100000002E-002   0.0000000000000000        0.0000000000000000        0.0000000000000000     
   155.00000000000000       0.96262055000000002       -3.7375247800000004E-002   0.0000000000000000        0.0000000000000000        0.0000000000000000     
   156.00000000000000       0.96310487000000000       -3.6896028899999996E-002   0.0000000000000000        0.0000000000000000        0.0000000000000000     
   157.00000000000000       0.96357256000000002       -3.6423113999999999E-002   0.0000000000000000        0.0000000000000000        0.0000000000000000     
   158.00000000000000       0.96404361999999999       -3.5957166100000000E-002   0.0000000000000000        0.0000000000000000        0.0000000000000000     
   159.00000000000000       0.96450468000000011       -3.5496892900000000E-002   0.0000000000000000        0.0000000000000000        0.0000000000000000     
   160.00000000000000       0.96495911000000012       -3.5043586700000004E-002   0.0000000000000000        0.0000000000000000        0.0000000000000000     
   161.00000000000000       0.96540691000000012       -3.4595921500000008E-002   0.0000000000000000        0.0000000000000000        0.0000000000000000     
   162.00000000000000       0.96584808000000011       -3.4155189599999997E-002   0.0000000000000000        0.0000000000000000        0.0000000000000000     
   163.00000000000000       0.96627925000000003       -3.3720098700000006E-002   0.0000000000000000        0.0000000000000000        0.0000000000000000     
   164.00000000000000       0.96670716000000012       -3.3290581400000005E-002   0.0000000000000000        0.0000000000000000        0.0000000000000000     
   165.00000000000000       0.96713507000000010       -3.2867997400000001E-002   0.0000000000000000        0.0000000000000000        0.0000000000000000     
   166.00000000000000       0.96754635000000011       -3.2451020700000006E-002   0.0000000000000000        0.0000000000000000        0.0000000000000000     
   167.00000000000000       0.96796100000000007       -3.2039617600000000E-002   0.0000000000000000        0.0000000000000000        0.0000000000000000     
   168.00000000000000       0.96836565000000008       -3.1634484800000001E-002   0.0000000000000000        0.0000000000000000        0.0000000000000000     
   169.00000000000000       0.96876367000000008       -3.1234891899999999E-002   0.0000000000000000        0.0000000000000000        0.0000000000000000     
   170.00000000000000       0.96915506000000007       -3.0841535600000004E-002   0.0000000000000000        0.0000000000000000        0.0000000000000000     
   171.00000000000000       0.96954982000000001       -3.0453089900000001E-002   0.0000000000000000        0.0000000000000000        0.0000000000000000     
   172.00000000000000       0.96992795000000009       -3.0070847100000006E-002   0.0000000000000000        0.0000000000000000        0.0000000000000000     
   173.00000000000000       0.97030608000000007       -2.9694144200000001E-002   0.0000000000000000        0.0000000000000000        0.0000000000000000     
   174.00000000000000       0.97067421000000009       -2.9322318200000003E-002   0.0000000000000000        0.0000000000000000        0.0000000000000000     
   175.00000000000000       0.97104571000000006       -2.8956032100000001E-002   0.0000000000000000        0.0000000000000000        0.0000000000000000     
   176.00000000000000       0.97140395000000002       -2.8595948900000001E-002   0.0000000000000000        0.0000000000000000        0.0000000000000000     
   177.00000000000000       0.97176218999999997       -2.8240045899999996E-002   0.0000000000000000        0.0000000000000000        0.0000000000000000     
   178.00000000000000       0.97211043000000008       -2.7890345800000001E-002   0.0000000000000000        0.0000000000000000        0.0000000000000000     
   179.00000000000000       0.97245541000000002       -2.7544825900000000E-002   0.0000000000000000        0.0000000000000000        0.0000000000000000     
   180.00000000000000       0.97279039000000012       -2.7204812200000004E-002   0.0000000000000000        0.0000000000000000        0.0000000000000000     
   181.00000000000000       0.97312873999999994       -2.6870304700000004E-002   0.0000000000000000        0.0000000000000000        0.0000000000000000     
   182.00000000000000       0.97345709000000014       -2.6539977400000001E-002   0.0000000000000000        0.0000000000000000        0.0000000000000000     
   183.00000000000000       0.97378881000000006       -2.6215122599999998E-002   0.0000000000000000        0.0000000000000000        0.0000000000000000     
   184.00000000000000       0.97410390000000013       -2.5895111000000005E-002   0.0000000000000000        0.0000000000000000        0.0000000000000000     
   185.00000000000000       0.97441899000000010       -2.5579942600000002E-002   0.0000000000000000        0.0000000000000000        0.0000000000000000     
   186.00000000000000       0.97472745000000005       -2.5268920700000003E-002   0.0000000000000000        0.0000000000000000        0.0000000000000000     
   187.00000000000000       0.97503591000000012       -2.4962708299999997E-002   0.0000000000000000        0.0000000000000000        0.0000000000000000     
   188.00000000000000       0.97533774000000006       -2.4661305400000003E-002   0.0000000000000000        0.0000000000000000        0.0000000000000000     
   189.00000000000000       0.97563294000000012       -2.4364712000000004E-002   0.0000000000000000        0.0000000000000000        0.0000000000000000     
   190.00000000000000       0.97592814000000006       -2.4072265100000000E-002   0.0000000000000000        0.0000000000000000        0.0000000000000000     
   191.00000000000000       0.97621671000000010       -2.3783964700000004E-002   0.0000000000000000        0.0000000000000000        0.0000000000000000     
   192.00000000000000       0.97649865000000002       -2.3500473800000001E-002   0.0000000000000000        0.0000000000000000        0.0000000000000000     
   193.00000000000000       0.97678058999999995       -2.3221095700000003E-002   0.0000000000000000        0.0000000000000000        0.0000000000000000     
   194.00000000000000       0.97705590000000009       -2.2945830400000002E-002   0.0000000000000000        0.0000000000000000        0.0000000000000000     
   195.00000000000000       0.97732458000000011       -2.2675374599999999E-002   0.0000000000000000        0.0000000000000000        0.0000000000000000     
   196.00000000000000       0.97758988999999996       -2.2408368600000002E-002   0.0000000000000000        0.0000000000000000        0.0000000000000000     
   197.00000000000003       0.97785194000000009       -2.2145475400000003E-002   0.0000000000000000        0.0000000000000000        0.0000000000000000     
   198.00000000000000       0.97811399000000010       -2.1886728700000000E-002   0.0000000000000000        0.0000000000000000        0.0000000000000000     
   199.00000000000000       0.97836604000000005       -2.1632061100000002E-002   0.0000000000000000        0.0000000000000000        0.0000000000000000     
   200.00000000000000       0.97862146000000005       -2.1380877000000003E-002   0.0000000000000000        0.0000000000000000        0.0000000000000000     
   201.00000000000000       0.97886687999999999       -2.1133772000000002E-002   0.0000000000000000        0.0000000000000000        0.0000000000000000     
   202.00000000000000       0.97910904000000010       -2.0890116800000004E-002   0.0000000000000000        0.0000000000000000        0.0000000000000000     
   203.00000000000000       0.97934783000000003       -2.0650574400000000E-002   0.0000000000000000        0.0000000000000000        0.0000000000000000     
   204.00000000000000       0.97958662000000007       -2.0414448100000000E-002   0.0000000000000000        0.0000000000000000        0.0000000000000000     
   205.00000000000003       0.97981552000000005       -2.0181771600000002E-002   0.0000000000000000        0.0000000000000000        0.0000000000000000     
   206.00000000000000       0.98004767999999998       -1.9953174200000000E-002   0.0000000000000000        0.0000000000000000        0.0000000000000000     
   207.00000000000000       0.98027321000000001       -1.9727363600000002E-002   0.0000000000000000        0.0000000000000000        0.0000000000000000     
   208.00000000000000       0.98049548000000009       -1.9505632100000003E-002   0.0000000000000000        0.0000000000000000        0.0000000000000000     
   209.00000000000000       0.98071438000000000       -1.9286687399999999E-002   0.0000000000000000        0.0000000000000000        0.0000000000000000     
   210.00000000000003       0.98092665000000001       -1.9071788100000001E-002   0.0000000000000000        0.0000000000000000        0.0000000000000000     
   211.00000000000000       0.98113892000000003       -1.8859675600000000E-002   0.0000000000000000        0.0000000000000000        0.0000000000000000     
   212.00000000000000       0.98135119000000004       -1.8650316199999999E-002   0.0000000000000000        0.0000000000000000        0.0000000000000000     
   213.00000000000000       0.98155682999999994       -1.8445035900000000E-002   0.0000000000000000        0.0000000000000000        0.0000000000000000     
   214.00000000000000       0.98175584000000016       -1.8242508700000003E-002   0.0000000000000000        0.0000000000000000        0.0000000000000000     
   215.00000000000000       0.98195822000000010       -1.8042734599999999E-002   0.0000000000000000        0.0000000000000000        0.0000000000000000     
   216.00000000000000       0.98215723000000010       -1.7846376600000002E-002   0.0000000000000000        0.0000000000000000        0.0000000000000000     
   217.00000000000000       0.98234624000000004       -1.7652738000000001E-002   0.0000000000000000        0.0000000000000000        0.0000000000000000     
   218.00000000000003       0.98253862000000003       -1.7461886199999999E-002   0.0000000000000000        0.0000000000000000        0.0000000000000000     
   219.00000000000000       0.98272437000000001       -1.7274416800000001E-002   0.0000000000000000        0.0000000000000000        0.0000000000000000     
   220.00000000000000       0.98291012000000000       -1.7089003800000002E-002   0.0000000000000000        0.0000000000000000        0.0000000000000000     
   221.00000000000000       0.98308924000000009       -1.6907040599999999E-002   0.0000000000000000        0.0000000000000000        0.0000000000000000     
   222.00000000000000       0.98327499000000007       -1.6727763100000001E-002   0.0000000000000000        0.0000000000000000        0.0000000000000000     
   223.00000000000003       0.98344748000000004       -1.6550609400000003E-002   0.0000000000000000        0.0000000000000000        0.0000000000000000     
   224.00000000000000       0.98362660000000013       -1.6376838100000003E-002   0.0000000000000000        0.0000000000000000        0.0000000000000000     
   225.00000000000000       0.98379572000000004       -1.6205123200000001E-002   0.0000000000000000        0.0000000000000000        0.0000000000000000     
   226.00000000000000       0.98396158000000011       -1.6036127700000000E-002   0.0000000000000000        0.0000000000000000        0.0000000000000000     
   227.00000000000000       0.98413406999999997       -1.5869885300000001E-002   0.0000000000000000        0.0000000000000000        0.0000000000000000     
   228.00000000000000       0.98429330000000004       -1.5705732999999999E-002   0.0000000000000000        0.0000000000000000        0.0000000000000000     
   229.00000000000000       0.98445579000000005       -1.5543603400000001E-002   0.0000000000000000        0.0000000000000000        0.0000000000000000     
   230.00000000000000       0.98461502000000012       -1.5384889900000000E-002   0.0000000000000000        0.0000000000000000        0.0000000000000000     
   231.00000000000003       0.98477088000000002       -1.5227569800000000E-002   0.0000000000000000        0.0000000000000000        0.0000000000000000     
   232.00000000000000       0.98492348000000007       -1.5072969100000002E-002   0.0000000000000000        0.0000000000000000        0.0000000000000000     
   233.00000000000000       0.98508271000000003       -1.4920424800000000E-002   0.0000000000000000        0.0000000000000000        0.0000000000000000     
   234.00000000000000       0.98523194000000003       -1.4770599900000000E-002   0.0000000000000000        0.0000000000000000        0.0000000000000000     
   235.00000000000000       0.98537790999999997       -1.4622831400000001E-002   0.0000000000000000        0.0000000000000000        0.0000000000000000     
   236.00000000000003       0.98552051000000007       -1.4476490000000000E-002   0.0000000000000000        0.0000000000000000        0.0000000000000000     
   237.00000000000000       0.98566648000000001       -1.4332834300000000E-002   0.0000000000000000        0.0000000000000000        0.0000000000000000     
   238.00000000000000       0.98580908000000012       -1.4191235000000002E-002   0.0000000000000000        0.0000000000000000        0.0000000000000000     
   239.00000000000003       0.98594842000000016       -1.4051692100000001E-002   0.0000000000000000        0.0000000000000000        0.0000000000000000     
   240.00000000000000       0.98608439000000003       -1.3914205600000002E-002   0.0000000000000000        0.0000000000000000        0.0000000000000000     
   241.00000000000000       0.98622373000000008       -1.3778775500000003E-002   0.0000000000000000        0.0000000000000000        0.0000000000000000     
   242.00000000000000       0.98635307000000005       -1.3644705100000001E-002   0.0000000000000000        0.0000000000000000        0.0000000000000000     
   243.00000000000000       0.98648241000000003       -1.3512691100000000E-002   0.0000000000000000        0.0000000000000000        0.0000000000000000     
   244.00000000000003       0.98661511999999996       -1.3382733500000002E-002   0.0000000000000000        0.0000000000000000        0.0000000000000000     
   245.00000000000000       0.98674446000000005       -1.3254832300000000E-002   0.0000000000000000        0.0000000000000000        0.0000000000000000     
   246.00000000000000       0.98687054000000007       -1.3128290799999999E-002   0.0000000000000000        0.0000000000000000        0.0000000000000000     
   247.00000000000000       0.98699325000000004       -1.3003805699999999E-002   0.0000000000000000        0.0000000000000000        0.0000000000000000     
   248.00000000000000       0.98711596000000001       -1.2881377000000001E-002   0.0000000000000000        0.0000000000000000        0.0000000000000000     
   249.00000000000003       0.98723866999999998       -1.2760308000000001E-002   0.0000000000000000        0.0000000000000000        0.0000000000000000     
   250.00000000000000       0.98735812000000012       -1.2640632400000001E-002   0.0000000000000000        0.0000000000000000        0.0000000000000000     
   251.00000000000000       0.98747420000000008       -1.2523013200000000E-002   0.0000000000000000        0.0000000000000000        0.0000000000000000     
   252.00000000000003       0.98759028000000004       -1.2406753700000002E-002   0.0000000000000000        0.0000000000000000        0.0000000000000000     
   253.00000000000000       0.98770972999999995       -1.2291853900000000E-002   0.0000000000000000        0.0000000000000000        0.0000000000000000     
   254.00000000000000       0.98781918000000013       -1.2179010500000000E-002   0.0000000000000000        0.0000000000000000        0.0000000000000000     
   255.00000000000000       0.98793526000000020       -1.2067526800000002E-002   0.0000000000000000        0.0000000000000000        0.0000000000000000     
   256.00000000000000       0.98804471000000005       -1.1957436500000002E-002   0.0000000000000000        0.0000000000000000        0.0000000000000000     
   257.00000000000000       0.98814753000000000       -1.1849368900000001E-002   0.0000000000000000        0.0000000000000000        0.0000000000000000     
   258.00000000000000       0.98825698000000006       -1.1742031700000001E-002   0.0000000000000000        0.0000000000000000        0.0000000000000000     
   259.00000000000000       0.98836317000000007       -1.1636717200000000E-002   0.0000000000000000        0.0000000000000000        0.0000000000000000     
   260.00000000000000       0.98846599000000002       -1.1532099399999999E-002   0.0000000000000000        0.0000000000000000        0.0000000000000000     
   261.00000000000000       0.98856881000000008       -1.1429538000000000E-002   0.0000000000000000        0.0000000000000000        0.0000000000000000     
   262.00000000000000       0.98867163000000002       -1.1328302600000000E-002   0.0000000000000000        0.0000000000000000        0.0000000000000000     
   263.00000000000000       0.98877444999999997       -1.1227831299999999E-002   0.0000000000000000        0.0000000000000000        0.0000000000000000     
   264.00000000000000       0.98887064000000002       -1.1129349000000002E-002   0.0000000000000000        0.0000000000000000        0.0000000000000000     
   265.00000000000000       0.98896683000000007       -1.1031597100000002E-002   0.0000000000000000        0.0000000000000000        0.0000000000000000     
   266.00000000000000       0.98906302000000001       -1.0935204900000000E-002   0.0000000000000000        0.0000000000000000        0.0000000000000000     
   267.00000000000000       0.98915921000000018       -1.0840172400000000E-002   0.0000000000000000        0.0000000000000000        0.0000000000000000     
   268.00000000000000       0.98924877000000000       -1.0746499600000001E-002   0.0000000000000000        0.0000000000000000        0.0000000000000000     
   269.00000000000000       0.98934496000000016       -1.0654186500000001E-002   0.0000000000000000        0.0000000000000000        0.0000000000000000     
   270.00000000000000       0.98943452000000010       -1.0562603800000002E-002   0.0000000000000000        0.0000000000000000        0.0000000000000000     
   271.00000000000000       0.98952408000000003       -1.0472380800000000E-002   0.0000000000000000        0.0000000000000000        0.0000000000000000     
   272.00000000000000       0.98961364000000007       -1.0383517500000000E-002   0.0000000000000000        0.0000000000000000        0.0000000000000000     
   273.00000000000000       0.98970320000000012       -1.0295350900000002E-002   0.0000000000000000        0.0000000000000000        0.0000000000000000     
   274.00000000000000       0.98979276000000005       -1.0208544000000000E-002   0.0000000000000000        0.0000000000000000        0.0000000000000000     
   275.00000000000000       0.98987569000000009       -1.0123096800000000E-002   0.0000000000000000        0.0000000000000000        0.0000000000000000     
   276.00000000000000       0.98995862000000001       -1.0038346300000001E-002   0.0000000000000000        0.0000000000000000        0.0000000000000000     
   277.00000000000000       0.99004155000000016       -9.9549554999999994E-003   0.0000000000000000        0.0000000000000000        0.0000000000000000     
   278.00000000000000       0.99012448000000008       -9.8722614000000004E-003   0.0000000000000000        0.0000000000000000        0.0000000000000000     
   279.00000000000000       0.99020741000000001       -9.7902977000000006E-003   0.0000000000000000        0.0000000000000000        0.0000000000000000     
   280.00000000000000       0.99029034000000005       -9.7096600000000002E-003   0.0000000000000000        0.0000000000000000        0.0000000000000000     
   281.00000000000000       0.99037327000000008       -9.6303820000000016E-003   0.0000000000000000        0.0000000000000000        0.0000000000000000     
   282.00000000000000       0.99044957000000000       -9.5518007000000016E-003   0.0000000000000000        0.0000000000000000        0.0000000000000000     
   283.00000000000000       0.99052587000000014       -9.4739161000000002E-003   0.0000000000000000        0.0000000000000000        0.0000000000000000     
   284.00000000000000       0.99060217000000006       -9.3973912000000007E-003   0.0000000000000000        0.0000000000000000        0.0000000000000000     
   285.00000000000000       0.99067510000000003       -9.3215630000000015E-003   0.0000000000000000        0.0000000000000000        0.0000000000000000     
   286.00000000000000       0.99075140000000006       -9.2464315000000009E-003   0.0000000000000000        0.0000000000000000        0.0000000000000000     
   287.00000000000000       0.99082770000000009       -9.1726597000000003E-003   0.0000000000000000        0.0000000000000000        0.0000000000000000     
   288.00000000000000       0.99090400000000001       -9.0995846000000002E-003   0.0000000000000000        0.0000000000000000        0.0000000000000000     
   289.00000000000000       0.99097367000000003       -9.0271724999999997E-003   0.0000000000000000        0.0000000000000000        0.0000000000000000     
   290.00000000000000       0.99104334000000005       -8.9554570999999996E-003   0.0000000000000000        0.0000000000000000        0.0000000000000000     
   291.00000000000000       0.99111627000000002       -8.8851351000000002E-003   0.0000000000000000        0.0000000000000000        0.0000000000000000     
   292.00000000000000       0.99118594000000004       -8.8154761000000005E-003   0.0000000000000000        0.0000000000000000        0.0000000000000000     
   293.00000000000000       0.99125561000000006       -8.7465138000000012E-003   0.0000000000000000        0.0000000000000000        0.0000000000000000     
   294.00000000000000       0.99132528000000009       -8.6782144999999998E-003   0.0000000000000000        0.0000000000000000        0.0000000000000000     
   295.00000000000000       0.99138832000000010       -8.6106455999999994E-003   0.0000000000000000        0.0000000000000000        0.0000000000000000     
   296.00000000000000       0.99145462000000006       -8.5444027000000002E-003   0.0000000000000000        0.0000000000000000        0.0000000000000000     
   297.00000000000000       0.99152429000000009       -8.4781934999999999E-003   0.0000000000000000        0.0000000000000000        0.0000000000000000     
   298.00000000000000       0.99158733000000010       -8.4133439999999997E-003   0.0000000000000000        0.0000000000000000        0.0000000000000000     
   299.00000000000000       0.99165037000000011       -8.3491911999999998E-003   0.0000000000000000        0.0000000000000000        0.0000000000000000     
   300.00000000000000       0.99171667000000019       -8.2850384000000016E-003   0.0000000000000000        0.0000000000000000        0.0000000000000000     
   301.00000000000000       0.99177971000000009       -8.2222453000000001E-003   0.0000000000000000        0.0000000000000000        0.0000000000000000     
   302.00000000000000       0.99184275000000000       -8.1601489000000006E-003   0.0000000000000000        0.0000000000000000        0.0000000000000000     
   303.00000000000000       0.99190242000000017       -8.0987491999999998E-003   0.0000000000000000        0.0000000000000000        0.0000000000000000     
   304.00000000000000       0.99195883000000007       -8.0373495000000007E-003   0.0000000000000000        0.0000000000000000        0.0000000000000000     
   305.00000000000000       0.99202187000000008       -7.9773095000000016E-003   0.0000000000000000        0.0000000000000000        0.0000000000000000     
   306.00000000000000       0.99208491000000010       -7.9179662000000012E-003   0.0000000000000000        0.0000000000000000        0.0000000000000000     
   307.00000000000000       0.99213795000000005       -7.8592825300000009E-003   0.0000000000000000        0.0000000000000000        0.0000000000000000     
   308.00000000000000       0.99220098999999995       -7.8006359300000000E-003   0.0000000000000000        0.0000000000000000        0.0000000000000000     
   309.00000000000000       0.99225740000000007       -7.7433389200000004E-003   0.0000000000000000        0.0000000000000000        0.0000000000000000     
   310.00000000000000       0.99231044000000013       -7.6860621300000008E-003   0.0000000000000000        0.0000000000000000        0.0000000000000000     
   311.00000000000000       0.99237348000000003       -7.6294719300000003E-003   0.0000000000000000        0.0000000000000000        0.0000000000000000     
   312.00000000000000       0.99242989000000004       -7.5742313199999994E-003   0.0000000000000000        0.0000000000000000        0.0000000000000000     
   313.00000000000000       0.99248293000000010       -7.5190075600000007E-003   0.0000000000000000        0.0000000000000000        0.0000000000000000     
   314.00000000000000       0.99253934000000010       -7.4644703900000001E-003   0.0000000000000000        0.0000000000000000        0.0000000000000000     
   315.00000000000000       0.99258575000000004       -7.4099534400000012E-003   0.0000000000000000        0.0000000000000000        0.0000000000000000     
   316.00000000000000       0.99264216000000016       -7.3567827100000007E-003   0.0000000000000000        0.0000000000000000        0.0000000000000000     
   317.00000000000000       0.99269857000000006       -7.3036321999999992E-003   0.0000000000000000        0.0000000000000000        0.0000000000000000     
   318.00000000000000       0.99274498000000011       -7.2511649099999999E-003   0.0000000000000000        0.0000000000000000        0.0000000000000000     
   319.00000000000000       0.99280139000000012       -7.1993774699999997E-003   0.0000000000000000        0.0000000000000000        0.0000000000000000     
   320.00000000000000       0.99285117000000001       -7.1482766199999995E-003   0.0000000000000000        0.0000000000000000        0.0000000000000000     
   321.00000000000000       0.99290421000000006       -7.0978556199999994E-003   0.0000000000000000        0.0000000000000000        0.0000000000000000     
   322.00000000000000       0.99295398999999995       -7.0474548400000000E-003   0.0000000000000000        0.0000000000000000        0.0000000000000000     
   323.00000000000000       0.99300040000000012       -6.9977339100000006E-003   0.0000000000000000        0.0000000000000000        0.0000000000000000     
   324.00000000000000       0.99305018000000012       -6.9486962000000008E-003   0.0000000000000000        0.0000000000000000        0.0000000000000000     
   325.00000000000000       0.99309996000000011       -6.8997450100000005E-003   0.0000000000000000        0.0000000000000000        0.0000000000000000     
   326.00000000000000       0.99314637000000006       -6.8514703000000007E-003   0.0000000000000000        0.0000000000000000        0.0000000000000000     
   327.00000000000000       0.99319615000000006       -6.8037462100000003E-003   0.0000000000000000        0.0000000000000000        0.0000000000000000     
   328.00000000000000       0.99324256000000000       -6.7565030700000011E-003   0.0000000000000000        0.0000000000000000        0.0000000000000000     
   329.00000000000000       0.99329234000000000       -6.7097442500000009E-003   0.0000000000000000        0.0000000000000000        0.0000000000000000     
   330.00000000000000       0.99333875000000016       -6.6633967100000000E-003   0.0000000000000000        0.0000000000000000        0.0000000000000000     
   331.00000000000000       0.99338190000000015       -6.6175301199999995E-003   0.0000000000000000        0.0000000000000000        0.0000000000000000     
   332.00000000000000       0.99342830999999998       -6.5721478499999996E-003   0.0000000000000000        0.0000000000000000        0.0000000000000000     
   333.00000000000000       0.99347146000000008       -6.5271768599999992E-003   0.0000000000000000        0.0000000000000000        0.0000000000000000     
   334.00000000000000       0.99351787000000003       -6.4826205200000011E-003   0.0000000000000000        0.0000000000000000        0.0000000000000000     
   335.00000000000000       0.99356102000000002       -6.4385451299999999E-003   0.0000000000000000        0.0000000000000000        0.0000000000000000     
   336.00000000000000       0.99360417000000001       -6.3948843900000002E-003   0.0000000000000000        0.0000000000000000        0.0000000000000000     
   337.00000000000000       0.99365058000000006       -6.3516349299999999E-003   0.0000000000000000        0.0000000000000000        0.0000000000000000     
   338.00000000000000       0.99369373000000005       -6.3088664200000007E-003   0.0000000000000000        0.0000000000000000        0.0000000000000000     
   339.00000000000000       0.99373350999999999       -6.2664462600000000E-003   0.0000000000000000        0.0000000000000000        0.0000000000000000     
   340.00000000000000       0.99377665999999998       -6.2244373800000004E-003   0.0000000000000000        0.0000000000000000        0.0000000000000000     
   341.00000000000000       0.99381644000000002       -6.1828431500000006E-003   0.0000000000000000        0.0000000000000000        0.0000000000000000     
   342.00000000000000       0.99385959000000013       -6.1415939000000006E-003   0.0000000000000000        0.0000000000000000        0.0000000000000000     
   343.00000000000000       0.99389937000000006       -6.1008222300000005E-003   0.0000000000000000        0.0000000000000000        0.0000000000000000     
   344.00000000000000       0.99394252000000005       -6.0603955399999992E-003   0.0000000000000000        0.0000000000000000        0.0000000000000000     
   345.00000000000000       0.99398230000000010       -6.0203171999999999E-003   0.0000000000000000        0.0000000000000000        0.0000000000000000     
   346.00000000000000       0.99401881999999997       -5.9806501400000000E-003   0.0000000000000000        0.0000000000000000        0.0000000000000000     
   347.00000000000000       0.99405860000000001       -5.9413314300000011E-003   0.0000000000000000        0.0000000000000000        0.0000000000000000     
   348.00000000000000       0.99409838000000006       -5.9023543300000007E-003   0.0000000000000000        0.0000000000000000        0.0000000000000000     
   349.00000000000000       0.99413490000000015       -5.8637885099999997E-003   0.0000000000000000        0.0000000000000000        0.0000000000000000     
   350.00000000000000       0.99417468000000020       -5.8255710399999997E-003   0.0000000000000000        0.0000000000000000        0.0000000000000000     
   351.00000000000000       0.99421120000000007       -5.7876951800000008E-003   0.0000000000000000        0.0000000000000000        0.0000000000000000     
   352.00000000000000       0.99425098000000012       -5.7501643000000000E-003   0.0000000000000000        0.0000000000000000        0.0000000000000000     
   353.00000000000000       0.99428749999999999       -5.7129817700000002E-003   0.0000000000000000        0.0000000000000000        0.0000000000000000     
   354.00000000000000       0.99432065000000014       -5.6761408499999997E-003   0.0000000000000000        0.0000000000000000        0.0000000000000000     
   355.00000000000000       0.99436380000000013       -5.6396415400000004E-003   0.0000000000000000        0.0000000000000000        0.0000000000000000     
   356.00000000000000       0.99439695000000006       -5.6034242800000007E-003   0.0000000000000000        0.0000000000000000        0.0000000000000000     
   357.00000000000000       0.99443347000000004       -5.5676149300000009E-003   0.0000000000000000        0.0000000000000000        0.0000000000000000     
   358.00000000000000       0.99446662000000008       -5.5320842600000003E-003   0.0000000000000000        0.0000000000000000        0.0000000000000000     
   359.00000000000000       0.99449977000000001       -5.4968322700000008E-003   0.0000000000000000        0.0000000000000000        0.0000000000000000     
   360.00000000000000       0.99453629000000010       -5.4619218899999997E-003   0.0000000000000000        0.0000000000000000        0.0000000000000000     
   361.00000000000000       0.99456944000000003       -5.4273531200000006E-003   0.0000000000000000        0.0000000000000000        0.0000000000000000     
   362.00000000000000       0.99460596000000001       -5.3930664000000003E-003   0.0000000000000000        0.0000000000000000        0.0000000000000000     
   363.00000000000000       0.99463911000000005       -5.3591179199999998E-003   0.0000000000000000        0.0000000000000000        0.0000000000000000     
   364.00000000000000       0.99467226000000009       -5.3253818199999999E-003   0.0000000000000000        0.0000000000000000        0.0000000000000000     
   365.00000000000000       0.99470878000000007       -5.2920570000000002E-003   0.0000000000000000        0.0000000000000000        0.0000000000000000     
   366.00000000000000       0.99474193000000000       -5.2589378200000002E-003   0.0000000000000000        0.0000000000000000        0.0000000000000000     
   367.00000000000000       0.99477182000000008       -5.2261006899999999E-003   0.0000000000000000        0.0000000000000000        0.0000000000000000     
   368.00000000000000       0.99480497000000001       -5.1936018000000002E-003   0.0000000000000000        0.0000000000000000        0.0000000000000000     
   369.00000000000000       0.99483812000000005       -5.1613815899999999E-003   0.0000000000000000        0.0000000000000000        0.0000000000000000     
   370.00000000000000       0.99486801000000002       -5.1294333199999997E-003   0.0000000000000000        0.0000000000000000        0.0000000000000000     
   371.00000000000000       0.99490116000000017       -5.0976974300000000E-003   0.0000000000000000        0.0000000000000000        0.0000000000000000     
   372.00000000000000       0.99493768000000005       -5.0663065200000001E-003   0.0000000000000000        0.0000000000000000        0.0000000000000000     
   373.00000000000000       0.99496420000000008       -5.0351875500000004E-003   0.0000000000000000        0.0000000000000000        0.0000000000000000     
   374.00000000000000       0.99499735000000000       -5.0042775899999999E-003   0.0000000000000000        0.0000000000000000        0.0000000000000000     
   375.00000000000000       0.99502723999999998       -4.9736429400000001E-003   0.0000000000000000        0.0000000000000000        0.0000000000000000     
   376.00000000000000       0.99505376000000001       -4.9432869700000003E-003   0.0000000000000000        0.0000000000000000        0.0000000000000000     
   377.00000000000000       0.99508691000000016       -4.9132029399999999E-003   0.0000000000000000        0.0000000000000000        0.0000000000000000     
   378.00000000000000       0.99511680000000002       -4.8833279200000005E-003   0.0000000000000000        0.0000000000000000        0.0000000000000000     
   379.00000000000000       0.99514332000000005       -4.8537315800000012E-003   0.0000000000000000        0.0000000000000000        0.0000000000000000     
   380.00000000000000       0.99517984000000004       -4.8244071800000003E-003   0.0000000000000000        0.0000000000000000        0.0000000000000000     
   381.00000000000000       0.99520636000000007       -4.7952917900000004E-003   0.0000000000000000        0.0000000000000000        0.0000000000000000     
   382.00000000000000       0.99523288000000010       -4.7664483399999999E-003   0.0000000000000000        0.0000000000000000        0.0000000000000000     
   383.00000000000000       0.99526277000000007       -4.7378172699999999E-003   0.0000000000000000        0.0000000000000000        0.0000000000000000     
   384.00000000000000       0.99528929000000010       -4.7094581400000000E-003   0.0000000000000000        0.0000000000000000        0.0000000000000000     
   385.00000000000000       0.99531581000000002       -4.6813080200000011E-003   0.0000000000000000        0.0000000000000000        0.0000000000000000     
   386.00000000000000       0.99534570000000011       -4.6533669099999998E-003   0.0000000000000000        0.0000000000000000        0.0000000000000000     
   387.00000000000000       0.99537222000000014       -4.6256977400000003E-003   0.0000000000000000        0.0000000000000000        0.0000000000000000     
   388.00000000000000       0.99539873999999995       -4.5981712800000005E-003   0.0000000000000000        0.0000000000000000        0.0000000000000000     
   389.00000000000006       0.99542862999999993       -4.5709864300000009E-003   0.0000000000000000        0.0000000000000000        0.0000000000000000     
   390.00000000000000       0.99545514999999996       -4.5439409200000004E-003   0.0000000000000000        0.0000000000000000        0.0000000000000000     
   391.00000000000000       0.99548166999999999       -4.5171044200000001E-003   0.0000000000000000        0.0000000000000000        0.0000000000000000     
   392.00000000000000       0.99551156000000018       -4.4905398600000000E-003   0.0000000000000000        0.0000000000000000        0.0000000000000000     
   393.00000000000000       0.99553807999999999       -4.4641843100000000E-003   0.0000000000000000        0.0000000000000000        0.0000000000000000     
   394.00000000000006       0.99555797000000013       -4.4380344000000006E-003   0.0000000000000000        0.0000000000000000        0.0000000000000000     
   395.00000000000000       0.99558786000000010       -4.4120935000000003E-003   0.0000000000000000        0.0000000000000000        0.0000000000000000     
   396.00000000000000       0.99561438000000013       -4.3862953099999998E-003   0.0000000000000000        0.0000000000000000        0.0000000000000000     
   397.00000000000000       0.99564089999999994       -4.3607656900000007E-003   0.0000000000000000        0.0000000000000000        0.0000000000000000     
   398.00000000000000       0.99566416000000002       -4.3354450800000008E-003   0.0000000000000000        0.0000000000000000        0.0000000000000000     
   399.00000000000006       0.99569068000000005       -4.3103334800000002E-003   0.0000000000000000        0.0000000000000000        0.0000000000000000     
   400.00000000000000       0.99571720000000008       -4.2853578500000001E-003   0.0000000000000000        0.0000000000000000        0.0000000000000000     
   401.00000000000000       0.99574046000000005       -4.2606609000000002E-003   0.0000000000000000        0.0000000000000000        0.0000000000000000     
   402.00000000000000       0.99576698000000008       -4.2360999200000008E-003   0.0000000000000000        0.0000000000000000        0.0000000000000000     
   403.00000000000000       0.99578687000000010       -4.2117479500000006E-003   0.0000000000000000        0.0000000000000000        0.0000000000000000     
   404.00000000000000       0.99581339000000013       -4.1875319500000001E-003   0.0000000000000000        0.0000000000000000        0.0000000000000000     
   405.00000000000000       0.99583664999999999       -4.1635946300000006E-003   0.0000000000000000        0.0000000000000000        0.0000000000000000     
   406.00000000000000       0.99586317000000002       -4.1397932800000007E-003   0.0000000000000000        0.0000000000000000        0.0000000000000000     
   407.00000000000000       0.99588306000000004       -4.1161975699999997E-003   0.0000000000000000        0.0000000000000000        0.0000000000000000     
   408.00000000000000       0.99590632000000012       -4.0927445700000000E-003   0.0000000000000000        0.0000000000000000        0.0000000000000000     
   409.00000000000000       0.99593284000000015       -4.0694972100000001E-003   0.0000000000000000        0.0000000000000000        0.0000000000000000     
   410.00000000000006       0.99595273000000006       -4.0464554899999998E-003   0.0000000000000000        0.0000000000000000        0.0000000000000000     
   411.00000000000000       0.99597262000000009       -4.0235531099999996E-003   0.0000000000000000        0.0000000000000000        0.0000000000000000     
   412.00000000000000       0.99600251000000006       -4.0008563699999999E-003   0.0000000000000000        0.0000000000000000        0.0000000000000000     
   413.00000000000000       0.99602239999999997       -3.9782989700000004E-003   0.0000000000000000        0.0000000000000000        0.0000000000000000     
   414.00000000000000       0.99604229000000000       -3.9559472100000005E-003   0.0000000000000000        0.0000000000000000        0.0000000000000000     
   415.00000000000006       0.99606555000000008       -3.9337381600000002E-003   0.0000000000000000        0.0000000000000000        0.0000000000000000     
   416.00000000000000       0.99609207000000011       -3.9116650799999996E-003   0.0000000000000000        0.0000000000000000        0.0000000000000000     
   417.00000000000000       0.99611196000000002       -3.8897976400000000E-003   0.0000000000000000        0.0000000000000000        0.0000000000000000     
   418.00000000000000       0.99613185000000015       -3.8681358400000005E-003   0.0000000000000000        0.0000000000000000        0.0000000000000000     
   419.00000000000000       0.99615511000000001       -3.8466133800000002E-003   0.0000000000000000        0.0000000000000000        0.0000000000000000     
   420.00000000000006       0.99617500000000003       -3.8252302600000000E-003   0.0000000000000000        0.0000000000000000        0.0000000000000000     
   421.00000000000000       0.99619489000000006       -3.8039864800000003E-003   0.0000000000000000        0.0000000000000000        0.0000000000000000     
   422.00000000000000       0.99621478000000008       -3.7829483400000003E-003   0.0000000000000000        0.0000000000000000        0.0000000000000000     
   423.00000000000000       0.99623804000000016       -3.7619832400000003E-003   0.0000000000000000        0.0000000000000000        0.0000000000000000     
   424.00000000000000       0.99625793000000007       -3.7412867100000005E-003   0.0000000000000000        0.0000000000000000        0.0000000000000000     
   425.00000000000006       0.99627782000000009       -3.7206665900000003E-003   0.0000000000000000        0.0000000000000000        0.0000000000000000     
   426.00000000000000       0.99629771000000011       -3.7001824400000002E-003   0.0000000000000000        0.0000000000000000        0.0000000000000000     
   427.00000000000000       0.99632097000000008       -3.6799039299999997E-003   0.0000000000000000        0.0000000000000000        0.0000000000000000     
   428.00000000000000       0.99634085999999999       -3.6597613900000003E-003   0.0000000000000000        0.0000000000000000        0.0000000000000000     
   429.00000000000000       0.99636075000000002       -3.6397615600000000E-003   0.0000000000000000        0.0000000000000000        0.0000000000000000     
   430.00000000000000       0.99638064000000004       -3.6198977000000006E-003   0.0000000000000000        0.0000000000000000        0.0000000000000000     
   431.00000000000006       0.99640390000000001       -3.6001731800000005E-003   0.0000000000000000        0.0000000000000000        0.0000000000000000     
   432.00000000000000       0.99641716000000002       -3.5806543000000001E-003   0.0000000000000000        0.0000000000000000        0.0000000000000000     
   433.00000000000000       0.99643705000000016       -3.5612050900000001E-003   0.0000000000000000        0.0000000000000000        0.0000000000000000     
   434.00000000000000       0.99645694000000007       -3.5418985900000002E-003   0.0000000000000000        0.0000000000000000        0.0000000000000000     
   435.00000000000000       0.99648020000000004       -3.5227909900000004E-003   0.0000000000000000        0.0000000000000000        0.0000000000000000     
   436.00000000000006       0.99649346000000005       -3.5037598000000002E-003   0.0000000000000000        0.0000000000000000        0.0000000000000000     
   437.00000000000000       0.99651335000000008       -3.4848645800000001E-003   0.0000000000000000        0.0000000000000000        0.0000000000000000     
   438.00000000000000       0.99653323999999999       -3.4661053299999997E-003   0.0000000000000000        0.0000000000000000        0.0000000000000000     
   439.00000000000000       0.99655650000000007       -3.4475550900000002E-003   0.0000000000000000        0.0000000000000000        0.0000000000000000     
   440.00000000000000       0.99656976000000008       -3.4290745199999999E-003   0.0000000000000000        0.0000000000000000        0.0000000000000000     
   441.00000000000006       0.99658964999999999       -3.4107299200000002E-003   0.0000000000000000        0.0000000000000000        0.0000000000000000     
   442.00000000000000       0.99660954000000013       -3.3924583600000004E-003   0.0000000000000000        0.0000000000000000        0.0000000000000000     
   443.00000000000000       0.99662617000000009       -3.3743924400000003E-003   0.0000000000000000        0.0000000000000000        0.0000000000000000     
   444.00000000000000       0.99664606000000000       -3.3564624900000004E-003   0.0000000000000000        0.0000000000000000        0.0000000000000000     
   445.00000000000000       0.99665932000000002       -3.3386055800000000E-003   0.0000000000000000        0.0000000000000000        0.0000000000000000     
   446.00000000000006       0.99667921000000004       -3.3208846400000001E-003   0.0000000000000000        0.0000000000000000        0.0000000000000000     
   447.00000000000000       0.99669247000000005       -3.3032996700000004E-003   0.0000000000000000        0.0000000000000000        0.0000000000000000     
   448.00000000000000       0.99671573000000002       -3.2858574099999998E-003   0.0000000000000000        0.0000000000000000        0.0000000000000000     
   449.00000000000000       0.99672899000000004       -3.2684814499999997E-003   0.0000000000000000        0.0000000000000000        0.0000000000000000     
   450.00000000000000       0.99674887999999995       -3.2513111300000001E-003   0.0000000000000000        0.0000000000000000        0.0000000000000000     
   451.00000000000006       0.99676213999999996       -3.2342138500000006E-003   0.0000000000000000        0.0000000000000000        0.0000000000000000     
   452.00000000000000       0.99678540000000004       -3.2171862400000003E-003   0.0000000000000000        0.0000000000000000        0.0000000000000000     
   453.00000000000000       0.99679866000000006       -3.2003609000000001E-003   0.0000000000000000        0.0000000000000000        0.0000000000000000     
   454.00000000000000       0.99681855000000008       -3.1836086000000003E-003   0.0000000000000000        0.0000000000000000        0.0000000000000000     
   455.00000000000000       0.99683181000000010       -3.1669259700000001E-003   0.0000000000000000        0.0000000000000000        0.0000000000000000     
   456.00000000000000       0.99685170000000001       -3.1504489800000001E-003   0.0000000000000000        0.0000000000000000        0.0000000000000000     
   457.00000000000006       0.99686833000000008       -3.1340416600000006E-003   0.0000000000000000        0.0000000000000000        0.0000000000000000     
   458.00000000000000       0.99688159000000010       -3.1177040099999997E-003   0.0000000000000000        0.0000000000000000        0.0000000000000000     
   459.00000000000000       0.99690148000000001       -3.1015023299999999E-003   0.0000000000000000        0.0000000000000000        0.0000000000000000     
   460.00000000000000       0.99691474000000002       -3.0854399900000001E-003   0.0000000000000000        0.0000000000000000        0.0000000000000000     
   461.00000000000000       0.99692800000000004       -3.0694506900000003E-003   0.0000000000000000        0.0000000000000000        0.0000000000000000     
   462.00000000000006       0.99694463000000011       -3.0535939900000002E-003   0.0000000000000000        0.0000000000000000        0.0000000000000000     
   463.00000000000000       0.99696452000000002       -3.0378766300000002E-003   0.0000000000000000        0.0000000000000000        0.0000000000000000     
   464.00000000000000       0.99697778000000004       -3.0222289400000002E-003   0.0000000000000000        0.0000000000000000        0.0000000000000000     
   465.00000000000000       0.99699104000000005       -3.0066542899999998E-003   0.0000000000000000        0.0000000000000000        0.0000000000000000     
   466.00000000000000       0.99700430000000007       -2.9912122400000004E-003   0.0000000000000000        0.0000000000000000        0.0000000000000000     
   467.00000000000006       0.99702756000000003       -2.9759095300000002E-003   0.0000000000000000        0.0000000000000000        0.0000000000000000     
   468.00000000000000       0.99704082000000005       -2.9606798599999999E-003   0.0000000000000000        0.0000000000000000        0.0000000000000000     
   469.00000000000000       0.99705408000000006       -2.9455164900000002E-003   0.0000000000000000        0.0000000000000000        0.0000000000000000     
   470.00000000000000       0.99706734000000008       -2.9304924600000001E-003   0.0000000000000000        0.0000000000000000        0.0000000000000000     
   471.00000000000000       0.99708060000000009       -2.9155381000000001E-003   0.0000000000000000        0.0000000000000000        0.0000000000000000     
   472.00000000000006       0.99710049000000001       -2.9007197100000002E-003   0.0000000000000000        0.0000000000000000        0.0000000000000000     
   473.00000000000000       0.99711712000000008       -2.8859709899999998E-003   0.0000000000000000        0.0000000000000000        0.0000000000000000     
   474.00000000000000       0.99713038000000009       -2.8712919399999999E-003   0.0000000000000000        0.0000000000000000        0.0000000000000000     
   475.00000000000000       0.99714364000000011       -2.8567522300000005E-003   0.0000000000000000        0.0000000000000000        0.0000000000000000     
   476.00000000000000       0.99715690000000001       -2.8423484900000004E-003   0.0000000000000000        0.0000000000000000        0.0000000000000000     
   477.00000000000006       0.99717016000000003       -2.8279481200000007E-003   0.0000000000000000        0.0000000000000000        0.0000000000000000     
   478.00000000000006       0.99718678999999999       -2.8136837200000006E-003   0.0000000000000000        0.0000000000000000        0.0000000000000000     
   479.00000000000000       0.99720005000000000       -2.7994889900000001E-003   0.0000000000000000        0.0000000000000000        0.0000000000000000     
   480.00000000000000       0.99721331000000002       -2.7854302300000001E-003   0.0000000000000000        0.0000000000000000        0.0000000000000000     
   481.00000000000000       0.99722657000000003       -2.7714445100000002E-003   0.0000000000000000        0.0000000000000000        0.0000000000000000     
   482.00000000000000       0.99723983000000005       -2.7575250899999999E-003   0.0000000000000000        0.0000000000000000        0.0000000000000000     
   483.00000000000006       0.99725308999999995       -2.7437450100000001E-003   0.0000000000000000        0.0000000000000000        0.0000000000000000     
   484.00000000000000       0.99726972000000003       -2.7300346000000007E-003   0.0000000000000000        0.0000000000000000        0.0000000000000000     
   485.00000000000000       0.99728298000000004       -2.7163938600000001E-003   0.0000000000000000        0.0000000000000000        0.0000000000000000     
   486.00000000000000       0.99729624000000006       -2.7028194200000000E-003   0.0000000000000000        0.0000000000000000        0.0000000000000000     
   487.00000000000000       0.99730950000000007       -2.6893843200000000E-003   0.0000000000000000        0.0000000000000000        0.0000000000000000     
   488.00000000000006       0.99732276000000009       -2.6760188900000000E-003   0.0000000000000000        0.0000000000000000        0.0000000000000000     
   489.00000000000000       0.99733602000000010       -2.6627231300000000E-003   0.0000000000000000        0.0000000000000000        0.0000000000000000     
   490.00000000000000       0.99735265000000006       -2.6494970399999996E-003   0.0000000000000000        0.0000000000000000        0.0000000000000000     
   491.00000000000000       0.99736591000000008       -2.6363439900000001E-003   0.0000000000000000        0.0000000000000000        0.0000000000000000     
   492.00000000000000       0.99737916999999998       -2.6233235400000003E-003   0.0000000000000000        0.0000000000000000        0.0000000000000000     
   493.00000000000006       0.99738579999999999       -2.6103727600000001E-003   0.0000000000000000        0.0000000000000000        0.0000000000000000     
   494.00000000000000       0.99739906000000000       -2.5974916500000004E-003   0.0000000000000000        0.0000000000000000        0.0000000000000000     
   495.00000000000000       0.99741232000000002       -2.5846802099999998E-003   0.0000000000000000        0.0000000000000000        0.0000000000000000     
   496.00000000000000       0.99742895000000009       -2.5720047399999998E-003   0.0000000000000000        0.0000000000000000        0.0000000000000000     
   497.00000000000000       0.99744221000000011       -2.5593326400000001E-003   0.0000000000000000        0.0000000000000000        0.0000000000000000     
   498.00000000000006       0.99745547000000012       -2.5467965100000002E-003   0.0000000000000000        0.0000000000000000        0.0000000000000000     
   499.00000000000000       0.99746210000000002       -2.5343300499999998E-003   0.0000000000000000        0.0000000000000000        0.0000000000000000     
   500.00000000000000       0.99747536000000003       -2.5219332600000003E-003   0.0000000000000000        0.0000000000000000        0.0000000000000000     
   501.00000000000000       0.99748862000000005       -2.5096061400000000E-003   0.0000000000000000        0.0000000000000000        0.0000000000000000     
   502.00000000000000       0.99750525000000012       -2.4973486900000002E-003   0.0000000000000000        0.0000000000000000        0.0000000000000000     
   503.00000000000006       0.99751851000000014       -2.4851609100000000E-003   0.0000000000000000        0.0000000000000000        0.0000000000000000     
   504.00000000000006       0.99752514000000003       -2.4730394300000002E-003   0.0000000000000000        0.0000000000000000        0.0000000000000000     
   505.00000000000000       0.99753840000000005       -2.4610572900000001E-003   0.0000000000000000        0.0000000000000000        0.0000000000000000     
   506.00000000000000       0.99755166000000006       -2.4490785200000000E-003   0.0000000000000000        0.0000000000000000        0.0000000000000000     
   507.00000000000000       0.99756492000000008       -2.4371660500000004E-003   0.0000000000000000        0.0000000000000000        0.0000000000000000     
   508.00000000000000       0.99757155000000020       -2.4253895500000000E-003   0.0000000000000000        0.0000000000000000        0.0000000000000000     
   509.00000000000006       0.99758817999999994       -2.4136860900000005E-003   0.0000000000000000        0.0000000000000000        0.0000000000000000     
   510.00000000000000       0.99760143999999995       -2.4019826300000001E-003   0.0000000000000000        0.0000000000000000        0.0000000000000000     
   511.00000000000000       0.99760807000000007       -2.3904151400000002E-003   0.0000000000000000        0.0000000000000000        0.0000000000000000     
   512.00000000000000       0.99762133000000008       -2.3788476500000003E-003   0.0000000000000000        0.0000000000000000        0.0000000000000000     
   513.00000000000000       0.99763459000000010       -2.3674195000000001E-003   0.0000000000000000        0.0000000000000000        0.0000000000000000     
   514.00000000000000       0.99764122000000000       -2.3560610199999999E-003   0.0000000000000000        0.0000000000000000        0.0000000000000000     
   515.00000000000000       0.99765785000000018       -2.3447025400000002E-003   0.0000000000000000        0.0000000000000000        0.0000000000000000     
   516.00000000000000       0.99766448000000008       -2.3334800300000001E-003   0.0000000000000000        0.0000000000000000        0.0000000000000000     
   517.00000000000000       0.99767774000000009       -2.3223271900000000E-003   0.0000000000000000        0.0000000000000000        0.0000000000000000     
   518.00000000000000       0.99769100000000011       -2.3111777200000004E-003   0.0000000000000000        0.0000000000000000        0.0000000000000000     
   519.00000000000000       0.99769763000000000       -2.3001642200000004E-003   0.0000000000000000        0.0000000000000000        0.0000000000000000     
   520.00000000000000       0.99771089000000002       -2.2891540900000003E-003   0.0000000000000000        0.0000000000000000        0.0000000000000000     
   521.00000000000000       0.99771752000000014       -2.2782102600000004E-003   0.0000000000000000        0.0000000000000000        0.0000000000000000     
   522.00000000000000       0.99773078000000015       -2.2674024000000005E-003   0.0000000000000000        0.0000000000000000        0.0000000000000000     
   523.00000000000000       0.99774741000000011       -2.2565979100000002E-003   0.0000000000000000        0.0000000000000000        0.0000000000000000     
   524.00000000000000       0.99775404000000001       -2.2458630900000004E-003   0.0000000000000000        0.0000000000000000        0.0000000000000000     
   525.00000000000000       0.99776730000000002       -2.2351945700000001E-003   0.0000000000000000        0.0000000000000000        0.0000000000000000     
   526.00000000000000       0.99777393000000014       -2.2245957199999999E-003   0.0000000000000000        0.0000000000000000        0.0000000000000000     
   527.00000000000000       0.99778719000000016       -2.2140665400000002E-003   0.0000000000000000        0.0000000000000000        0.0000000000000000     
   528.00000000000000       0.99779382000000005       -2.2036070300000001E-003   0.0000000000000000        0.0000000000000000        0.0000000000000000     
   529.00000000000000       0.99780708000000007       -2.1932171900000000E-003   0.0000000000000000        0.0000000000000000        0.0000000000000000     
   530.00000000000000       0.99781708000000013       -2.1828273500000004E-003   0.0000000000000000        0.0000000000000000        0.0000000000000000     
   531.00000000000000       0.99783034000000015       -2.1725734799999999E-003   0.0000000000000000        0.0000000000000000        0.0000000000000000     
   532.00000000000000       0.99783697000000005       -2.1623229800000004E-003   0.0000000000000000        0.0000000000000000        0.0000000000000000     
   533.00000000000000       0.99785023000000006       -2.1521421500000000E-003   0.0000000000000000        0.0000000000000000        0.0000000000000000     
   534.00000000000000       0.99785686000000018       -2.1420276200000000E-003   0.0000000000000000        0.0000000000000000        0.0000000000000000     
   535.00000000000000       0.99787012000000019       -2.1319827599999997E-003   0.0000000000000000        0.0000000000000000        0.0000000000000000     
   536.00000000000000       0.99787675000000009       -2.1220075699999999E-003   0.0000000000000000        0.0000000000000000        0.0000000000000000     
   537.00000000000000       0.99788337999999999       -2.1120323800000004E-003   0.0000000000000000        0.0000000000000000        0.0000000000000000     
   538.00000000000000       0.99790000999999995       -2.1021931600000003E-003   0.0000000000000000        0.0000000000000000        0.0000000000000000     
   539.00000000000000       0.99790664000000007       -2.0923573100000000E-003   0.0000000000000000        0.0000000000000000        0.0000000000000000     
   540.00000000000000       0.99791990000000008       -2.0825911300000003E-003   0.0000000000000000        0.0000000000000000        0.0000000000000000     
   541.00000000000000       0.99792652999999998       -2.0728249500000001E-003   0.0000000000000000        0.0000000000000000        0.0000000000000000     
   542.00000000000000       0.99793316000000010       -2.0631947400000000E-003   0.0000000000000000        0.0000000000000000        0.0000000000000000     
   543.00000000000000       0.99794642000000011       -2.0535678999999999E-003   0.0000000000000000        0.0000000000000000        0.0000000000000000     
   544.00000000000000       0.99795305000000001       -2.0440736600000004E-003   0.0000000000000000        0.0000000000000000        0.0000000000000000     
   545.00000000000000       0.99796631000000002       -2.0345827900000004E-003   0.0000000000000000        0.0000000000000000        0.0000000000000000     
   546.00000000000000       0.99797631000000009       -2.0250952899999999E-003   0.0000000000000000        0.0000000000000000        0.0000000000000000     
   547.00000000000000       0.99798293999999999       -2.0157403900000004E-003   0.0000000000000000        0.0000000000000000        0.0000000000000000     
   548.00000000000000       0.99799620000000000       -2.0063888600000005E-003   0.0000000000000000        0.0000000000000000        0.0000000000000000     
   549.00000000000000       0.99800283000000012       -1.9971070000000001E-003   0.0000000000000000        0.0000000000000000        0.0000000000000000     
   550.00000000000000       0.99800946000000001       -1.9878914400000003E-003   0.0000000000000000        0.0000000000000000        0.0000000000000000     
