   1.0000000000000000        1.4586046000000002E-002 -0.98541428000000009        0.0000000000000000        0.0000000000000000        0.0000000000000000     
   2.0000000000000000       0.14901926000000001      -0.85098074000000001        0.0000000000000000        0.0000000000000000        0.0000000000000000     
   3.0000000000000000       0.29442852000000003      -0.70557148000000003        0.0000000000000000        0.0000000000000000        0.0000000000000000     
   4.0000000000000000       0.40385758000000005      -0.59614242000000006        0.0000000000000000        0.0000000000000000        0.0000000000000000     
   5.0000000000000000       0.48388017999999999      -0.51611982000000012        0.0000000000000000        0.0000000000000000        0.0000000000000000     
   6.0000000000000000       0.54365105000000002      -0.45634895000000003        0.0000000000000000        0.0000000000000000        0.0000000000000000     
   7.0000000000000000       0.58976532000000004      -0.41023468000000002        0.0000000000000000        0.0000000000000000        0.0000000000000000     
   8.0000000000000000       0.62624856000000007      -0.37375144000000005        0.0000000000000000        0.0000000000000000        0.0000000000000000     
   9.0000000000000000       0.65578209000000010      -0.34421791000000002        0.0000000000000000        0.0000000000000000        0.0000000000000000     
   10.000000000000000       0.68015331000000012      -0.31984668999999999        0.0000000000000000        0.0000000000000000        0.0000000000000000     
   11.000000000000000       0.70060951000000005      -0.29939049000000001        0.0000000000000000        0.0000000000000000        0.0000000000000000     
   12.000000000000000       0.71802102000000012      -0.28197898000000005        0.0000000000000000        0.0000000000000000        0.0000000000000000     
   13.000000000000000       0.73300491000000001      -0.26699509000000005        0.0000000000000000        0.0000000000000000        0.0000000000000000     
   14.000000000000000       0.74608118000000012      -0.25391881999999999        0.0000000000000000        0.0000000000000000        0.0000000000000000     
   15.000000000000000       0.75757679000000011      -0.24242321000000000        0.0000000000000000        0.0000000000000000        0.0000000000000000     
   16.000000000000000       0.76777848000000004      -0.23222151999999999        0.0000000000000000        0.0000000000000000        0.0000000000000000     
   17.000000000000000       0.77690299000000007      -0.22309701000000001        0.0000000000000000        0.0000000000000000        0.0000000000000000     
   18.000000000000000       0.78510717000000008      -0.21489283000000001        0.0000000000000000        0.0000000000000000        0.0000000000000000     
   19.000000000000000       0.79254427999999999      -0.20745572000000001        0.0000000000000000        0.0000000000000000        0.0000000000000000     
   20.000000000000000       0.79931443000000002      -0.20068557000000001        0.0000000000000000        0.0000000000000000        0.0000000000000000     
   21.000000000000000       0.80552099000000010      -0.19447901000000001        0.0000000000000000        0.0000000000000000        0.0000000000000000     
   22.000000000000000       0.81122733000000002      -0.18877267000000003        0.0000000000000000        0.0000000000000000        0.0000000000000000     
   23.000000000000000       0.81649345000000007      -0.18350655000000002        0.0000000000000000        0.0000000000000000        0.0000000000000000     
   24.000000000000000       0.82139272000000008      -0.17860728000000001        0.0000000000000000        0.0000000000000000        0.0000000000000000     
   25.000000000000000       0.82594514000000008      -0.17405486000000003        0.0000000000000000        0.0000000000000000        0.0000000000000000     
   26.000000000000000       0.83021071000000013      -0.16978929000000001        0.0000000000000000        0.0000000000000000        0.0000000000000000     
   27.000000000000000       0.83420280000000002      -0.16579652600000000        0.0000000000000000        0.0000000000000000        0.0000000000000000     
   28.000000000000000       0.83796141000000002      -0.16203791600000000        0.0000000000000000        0.0000000000000000        0.0000000000000000     
   29.000000000000000       0.84150654000000003      -0.15849211199999999        0.0000000000000000        0.0000000000000000        0.0000000000000000     
   30.000000000000000       0.84486156000000001      -0.15513877700000001        0.0000000000000000        0.0000000000000000        0.0000000000000000     
   31.000000000000000       0.84804310000000016      -0.15195791100000000        0.0000000000000000        0.0000000000000000        0.0000000000000000     
   32.000000000000000       0.85106115999999998      -0.14893782899999999        0.0000000000000000        0.0000000000000000        0.0000000000000000     
   33.000000000000000       0.85393911000000000      -0.14605987900000000        0.0000000000000000        0.0000000000000000        0.0000000000000000     
   34.000000000000000       0.85668695000000006      -0.14331305000000000        0.0000000000000000        0.0000000000000000        0.0000000000000000     
   35.000000000000000       0.85931131000000005      -0.14068734200000002        0.0000000000000000        0.0000000000000000        0.0000000000000000     
   36.000000000000000       0.86182892999999994      -0.13817241799999999        0.0000000000000000        0.0000000000000000        0.0000000000000000     
   37.000000000000000       0.86424970000000001      -0.13575198500000002        0.0000000000000000        0.0000000000000000        0.0000000000000000     
   38.000000000000000       0.86656372999999998      -0.13343694400000000        0.0000000000000000        0.0000000000000000        0.0000000000000000     
   39.000000000000000       0.86880091000000004      -0.13119807900000002        0.0000000000000000        0.0000000000000000        0.0000000000000000     
   40.000000000000000       0.87095472000000007      -0.12904662800000000        0.0000000000000000        0.0000000000000000        0.0000000000000000     
   41.000000000000000       0.87303168000000009      -0.12696730900000000        0.0000000000000000        0.0000000000000000        0.0000000000000000     
   42.000000000000000       0.87504190000000004      -0.12495843700000002        0.0000000000000000        0.0000000000000000        0.0000000000000000     
   43.000000000000000       0.87698201000000009      -0.12301832700000001        0.0000000000000000        0.0000000000000000        0.0000000000000000     
   44.000000000000000       0.87886864000000009      -0.12113237099999999        0.0000000000000000        0.0000000000000000        0.0000000000000000     
   45.000000000000000       0.88069516000000003      -0.11930551400000002        0.0000000000000000        0.0000000000000000        0.0000000000000000     
   46.000000000000000       0.88246157000000003      -0.11753708200000000        0.0000000000000000        0.0000000000000000        0.0000000000000000     
   47.000000000000000       0.88418123999999998      -0.11581876000000001        0.0000000000000000        0.0000000000000000        0.0000000000000000     
   48.000000000000000       0.88585743000000006      -0.11414324400000000        0.0000000000000000        0.0000000000000000        0.0000000000000000     
   49.000000000000000       0.88748351000000003      -0.11251581600000000        0.0000000000000000        0.0000000000000000        0.0000000000000000     
   50.000000000000000       0.88906948000000008      -0.11092917200000001        0.0000000000000000        0.0000000000000000        0.0000000000000000     
   51.000000000000000       0.89061871000000004      -0.10938230100000000        0.0000000000000000        0.0000000000000000        0.0000000000000000     
   52.000000000000000       0.89212446000000001      -0.10787452900000002        0.0000000000000000        0.0000000000000000        0.0000000000000000     
   53.000000000000000       0.89359347000000011      -0.10640484500000000        0.0000000000000000        0.0000000000000000        0.0000000000000000     
   54.000000000000000       0.89503237000000002      -0.10496628199999999        0.0000000000000000        0.0000000000000000        0.0000000000000000     
   55.000000000000000       0.89644116000000007      -0.10355749200000000        0.0000000000000000        0.0000000000000000        0.0000000000000000     
   56.000000000000000       0.89781321000000003      -0.10218510500000001        0.0000000000000000        0.0000000000000000        0.0000000000000000     
   57.000000000000000       0.89915852000000007      -0.10084148000000001        0.0000000000000000        0.0000000000000000        0.0000000000000000     
   58.000000000000000       0.90048035000000004       -9.9519312999999998E-002   0.0000000000000000        0.0000000000000000        0.0000000000000000     
   59.000000000000007       0.90176880999999998       -9.8231526999999999E-002   0.0000000000000000        0.0000000000000000        0.0000000000000000     
   60.000000000000000       0.90303716000000001       -9.6964187999999993E-002   0.0000000000000000        0.0000000000000000        0.0000000000000000     
   61.000000000000007       0.90427540000000017       -9.5723589000000026E-002   0.0000000000000000        0.0000000000000000        0.0000000000000000     
   62.000000000000000       0.90549027000000004       -9.4508719000000005E-002   0.0000000000000000        0.0000000000000000        0.0000000000000000     
   63.000000000000007       0.90668840000000006       -9.3312611000000004E-002   0.0000000000000000        0.0000000000000000        0.0000000000000000     
   64.000000000000000       0.90785979000000006       -9.2141895000000001E-002   0.0000000000000000        0.0000000000000000        0.0000000000000000     
   65.000000000000000       0.90901107000000003       -9.0988593000000006E-002   0.0000000000000000        0.0000000000000000        0.0000000000000000     
   66.000000000000000       0.91014561000000005       -8.9853042000000008E-002   0.0000000000000000        0.0000000000000000        0.0000000000000000     
   67.000000000000000       0.91126015000000005       -8.8741197999999993E-002   0.0000000000000000        0.0000000000000000        0.0000000000000000     
   68.000000000000000       0.91235457999999992       -8.7645757000000005E-002   0.0000000000000000        0.0000000000000000        0.0000000000000000     
   69.000000000000000       0.91343227000000005       -8.6566719000000014E-002   0.0000000000000000        0.0000000000000000        0.0000000000000000     
   70.000000000000000       0.91449659000000005       -8.5503072999999999E-002   0.0000000000000000        0.0000000000000000        0.0000000000000000     
   71.000000000000000       0.91554417000000010       -8.4455156000000003E-002   0.0000000000000000        0.0000000000000000        0.0000000000000000     
   72.000000000000000       0.91657175000000002       -8.3428924000000002E-002   0.0000000000000000        0.0000000000000000        0.0000000000000000     
   73.000000000000000       0.91758922000000009       -8.2410443000000000E-002   0.0000000000000000        0.0000000000000000        0.0000000000000000     
   74.000000000000000       0.91859332000000005       -8.1406343000000006E-002   0.0000000000000000        0.0000000000000000        0.0000000000000000     
   75.000000000000000       0.91957741999999998       -8.0422916999999997E-002   0.0000000000000000        0.0000000000000000        0.0000000000000000     
   76.000000000000000       0.92055478000000002       -7.9446567999999995E-002   0.0000000000000000        0.0000000000000000        0.0000000000000000     
   77.000000000000000       0.92150876999999998       -7.8490219000000014E-002   0.0000000000000000        0.0000000000000000        0.0000000000000000     
   78.000000000000000       0.92245938999999999       -7.7540609999999996E-002   0.0000000000000000        0.0000000000000000        0.0000000000000000     
   79.000000000000000       0.92339663999999999       -7.6603359999999995E-002   0.0000000000000000        0.0000000000000000        0.0000000000000000     
   80.000000000000000       0.92432051999999998       -7.5678806000000015E-002   0.0000000000000000        0.0000000000000000        0.0000000000000000     
   81.000000000000000       0.92523440000000001       -7.4766610999999997E-002   0.0000000000000000        0.0000000000000000        0.0000000000000000     
   82.000000000000000       0.92613491000000003       -7.3866101000000003E-002   0.0000000000000000        0.0000000000000000        0.0000000000000000     
   83.000000000000000       0.92702205000000015       -7.2977613000000011E-002   0.0000000000000000        0.0000000000000000        0.0000000000000000     
   84.000000000000000       0.92790582000000010       -7.2093843000000005E-002   0.0000000000000000        0.0000000000000000        0.0000000000000000     
   85.000000000000000       0.92877296000000009       -7.1228051000000001E-002   0.0000000000000000        0.0000000000000000        0.0000000000000000     
   86.000000000000000       0.92963336000000008       -7.0367639999999995E-002   0.0000000000000000        0.0000000000000000        0.0000000000000000     
   87.000000000000000       0.93048375999999999       -6.9518566000000004E-002   0.0000000000000000        0.0000000000000000        0.0000000000000000     
   88.000000000000000       0.93132416000000007       -6.8678176999999993E-002   0.0000000000000000        0.0000000000000000        0.0000000000000000     
   89.000000000000000       0.93215119000000002       -6.7847799000000000E-002   0.0000000000000000        0.0000000000000000        0.0000000000000000     
   90.000000000000000       0.93297158999999996       -6.7026757999999992E-002   0.0000000000000000        0.0000000000000000        0.0000000000000000     
   91.000000000000000       0.93378525000000012       -6.6214064999999989E-002   0.0000000000000000        0.0000000000000000        0.0000000000000000     
   92.000000000000000       0.93459227999999994       -6.5411046000000000E-002   0.0000000000000000        0.0000000000000000        0.0000000000000000     
   93.000000000000000       0.93537931000000007       -6.4616027000000006E-002   0.0000000000000000        0.0000000000000000        0.0000000000000000     
   94.000000000000000       0.93617297000000010       -6.3830344999999997E-002   0.0000000000000000        0.0000000000000000        0.0000000000000000     
   95.000000000000000       0.93695000000000006       -6.3052337000000000E-002   0.0000000000000000        0.0000000000000000        0.0000000000000000     
   96.000000000000000       0.93771703000000006       -6.2282924600000004E-002   0.0000000000000000        0.0000000000000000        0.0000000000000000     
   97.000000000000000       0.93848069000000001       -6.1521545900000002E-002   0.0000000000000000        0.0000000000000000        0.0000000000000000     
   98.000000000000000       0.93923435000000000       -6.0768032399999998E-002   0.0000000000000000        0.0000000000000000        0.0000000000000000     
   99.000000000000000       0.93998138000000009       -6.0022946000000001E-002   0.0000000000000000        0.0000000000000000        0.0000000000000000     
   100.00000000000000       0.94071841000000000       -5.9284825900000004E-002   0.0000000000000000        0.0000000000000000        0.0000000000000000     
   101.00000000000000       0.94144544000000008       -5.8554897000000009E-002   0.0000000000000000        0.0000000000000000        0.0000000000000000     
   102.00000000000000       0.94216584000000003       -5.7833091900000001E-002   0.0000000000000000        0.0000000000000000        0.0000000000000000     
   103.00000000000000       0.94288287000000004       -5.7117983500000011E-002   0.0000000000000000        0.0000000000000000        0.0000000000000000     
   104.00000000000000       0.94358990000000009       -5.6410796700000002E-002   0.0000000000000000        0.0000000000000000        0.0000000000000000     
   105.00000000000001       0.94429030000000003       -5.5710767400000000E-002   0.0000000000000000        0.0000000000000000        0.0000000000000000     
   106.00000000000000       0.94498070000000012       -5.5018491199999998E-002   0.0000000000000000        0.0000000000000000        0.0000000000000000     
   107.00000000000000       0.94566447000000009       -5.4333271400000001E-002   0.0000000000000000        0.0000000000000000        0.0000000000000000     
   108.00000000000000       0.94634487000000012       -5.3654973199999997E-002   0.0000000000000000        0.0000000000000000        0.0000000000000000     
   109.00000000000001       0.94701201000000013       -5.2984225900000001E-002   0.0000000000000000        0.0000000000000000        0.0000000000000000     
   110.00000000000000       0.94767915000000014       -5.2320299100000002E-002   0.0000000000000000        0.0000000000000000        0.0000000000000000     
   111.00000000000000       0.94833629000000008       -5.1663125400000010E-002   0.0000000000000000        0.0000000000000000        0.0000000000000000     
   112.00000000000000       0.94898343000000018       -5.1013300399999996E-002   0.0000000000000000        0.0000000000000000        0.0000000000000000     
   113.00000000000000       0.94963394000000001       -5.0370790400000004E-002   0.0000000000000000        0.0000000000000000        0.0000000000000000     
   114.00000000000000       0.95026445000000004       -4.9734201999999998E-002   0.0000000000000000        0.0000000000000000        0.0000000000000000     
   115.00000000000000       0.95089833000000001       -4.9105490500000008E-002   0.0000000000000000        0.0000000000000000        0.0000000000000000     
   116.00000000000000       0.95151558000000014       -4.8483262499999999E-002   0.0000000000000000        0.0000000000000000        0.0000000000000000     
   117.00000000000000       0.95213283000000004       -4.7867450600000007E-002   0.0000000000000000        0.0000000000000000        0.0000000000000000     
   118.00000000000001       0.95274007999999988       -4.7258717800000009E-002   0.0000000000000000        0.0000000000000000        0.0000000000000000     
   119.00000000000000       0.95334070000000004       -4.6657030400000007E-002   0.0000000000000000        0.0000000000000000        0.0000000000000000     
   120.00000000000000       0.95394131999999998       -4.6061624300000006E-002   0.0000000000000000        0.0000000000000000        0.0000000000000000     
   121.00000000000000       0.95452868000000013       -4.5472499500000006E-002   0.0000000000000000        0.0000000000000000        0.0000000000000000     
   122.00000000000001       0.95511267000000011       -4.4890318999999998E-002   0.0000000000000000        0.0000000000000000        0.0000000000000000     
   123.00000000000000       0.95568339999999996       -4.4314981699999999E-002   0.0000000000000000        0.0000000000000000        0.0000000000000000     
   124.00000000000000       0.95625413000000015       -4.3745824599999997E-002   0.0000000000000000        0.0000000000000000        0.0000000000000000     
   125.00000000000000       0.95681486000000004       -4.3183477000000005E-002   0.0000000000000000        0.0000000000000000        0.0000000000000000     
   126.00000000000001       0.95736896000000016       -4.2627275900000004E-002   0.0000000000000000        0.0000000000000000        0.0000000000000000     
   127.00000000000000       0.95792305999999994       -4.2077783200000003E-002   0.0000000000000000        0.0000000000000000        0.0000000000000000     
   128.00000000000000       0.95846390000000004       -4.1534403300000008E-002   0.0000000000000000        0.0000000000000000        0.0000000000000000     
   129.00000000000000       0.95900474000000013       -4.0997664400000002E-002   0.0000000000000000        0.0000000000000000        0.0000000000000000     
   130.00000000000000       0.95953558000000005       -4.0466970900000003E-002   0.0000000000000000        0.0000000000000000        0.0000000000000000     
   131.00000000000000       0.96005979000000008       -3.9942918400000006E-002   0.0000000000000000        0.0000000000000000        0.0000000000000000     
   132.00000000000000       0.96057736999999999       -3.9424843899999999E-002   0.0000000000000000        0.0000000000000000        0.0000000000000000     
   133.00000000000000       0.96108832000000000       -3.8912713700000004E-002   0.0000000000000000        0.0000000000000000        0.0000000000000000     
   134.00000000000000       0.96158927000000005       -3.8407820100000004E-002   0.0000000000000000        0.0000000000000000        0.0000000000000000     
   135.00000000000000       0.96209359000000005       -3.7908174100000004E-002   0.0000000000000000        0.0000000000000000        0.0000000000000000     
   136.00000000000000       0.96258791000000010       -3.7415068000000003E-002   0.0000000000000000        0.0000000000000000        0.0000000000000000     
   137.00000000000000       0.96306897000000014       -3.6927838800000001E-002   0.0000000000000000        0.0000000000000000        0.0000000000000000     
   138.00000000000000       0.96355003000000006       -3.6446452800000001E-002   0.0000000000000000        0.0000000000000000        0.0000000000000000     
   139.00000000000000       0.96403108999999998       -3.5971539300000001E-002   0.0000000000000000        0.0000000000000000        0.0000000000000000     
   140.00000000000000       0.96449552000000005       -3.5502469000000002E-002   0.0000000000000000        0.0000000000000000        0.0000000000000000     
   141.00000000000000       0.96496332000000007       -3.5039208199999998E-002   0.0000000000000000        0.0000000000000000        0.0000000000000000     
   142.00000000000000       0.96541449000000001       -3.4582352500000003E-002   0.0000000000000000        0.0000000000000000        0.0000000000000000     
   143.00000000000000       0.96586566000000007       -3.4130643299999999E-002   0.0000000000000000        0.0000000000000000        0.0000000000000000     
   144.00000000000000       0.96631020000000012       -3.3685339200000004E-002   0.0000000000000000        0.0000000000000000        0.0000000000000000     
   145.00000000000000       0.96675474000000006       -3.3245777200000000E-002   0.0000000000000000        0.0000000000000000        0.0000000000000000     
   146.00000000000000       0.96718601999999998       -3.2811260599999996E-002   0.0000000000000000        0.0000000000000000        0.0000000000000000     
   147.00000000000000       0.96761730000000012       -3.2383149100000001E-002   0.0000000000000000        0.0000000000000000        0.0000000000000000     
   148.00000000000000       0.96803858000000009       -3.1960746000000005E-002   0.0000000000000000        0.0000000000000000        0.0000000000000000     
   149.00000000000000       0.96845660000000011       -3.1543354600000004E-002   0.0000000000000000        0.0000000000000000        0.0000000000000000     
   150.00000000000000       0.96887125000000007       -3.1131671600000001E-002   0.0000000000000000        0.0000000000000000        0.0000000000000000     
   151.00000000000000       0.96927264000000002       -3.0726292600000003E-002   0.0000000000000000        0.0000000000000000        0.0000000000000000     
   152.00000000000000       0.96967403000000008       -3.0325296000000002E-002   0.0000000000000000        0.0000000000000000        0.0000000000000000     
   153.00000000000000       0.97006879000000001       -2.9930569700000003E-002   0.0000000000000000        0.0000000000000000        0.0000000000000000     
   154.00000000000000       0.97045691999999995       -2.9540855099999999E-002   0.0000000000000000        0.0000000000000000        0.0000000000000000     
   155.00000000000000       0.97084505000000010       -2.9156084800000003E-002   0.0000000000000000        0.0000000000000000        0.0000000000000000     
   156.00000000000000       0.97122655000000013       -2.8777618500000001E-002   0.0000000000000000        0.0000000000000000        0.0000000000000000     
   157.00000000000000       0.97159805000000010       -2.8403433500000002E-002   0.0000000000000000        0.0000000000000000        0.0000000000000000     
   158.00000000000000       0.97196628999999990       -2.8034889500000000E-002   0.0000000000000000        0.0000000000000000        0.0000000000000000     
   159.00000000000000       0.97233116000000008       -2.7671256100000003E-002   0.0000000000000000        0.0000000000000000        0.0000000000000000     
   160.00000000000000       0.97268277000000003       -2.7313196300000002E-002   0.0000000000000000        0.0000000000000000        0.0000000000000000     
   161.00000000000000       0.97304438000000004       -2.6959417800000000E-002   0.0000000000000000        0.0000000000000000        0.0000000000000000     
   162.00000000000000       0.97338936000000009       -2.6611212900000000E-002   0.0000000000000000        0.0000000000000000        0.0000000000000000     
   163.00000000000000       0.97373434000000003       -2.6267918600000002E-002   0.0000000000000000        0.0000000000000000        0.0000000000000000     
   164.00000000000000       0.97407269000000007       -2.5929534900000002E-002   0.0000000000000000        0.0000000000000000        0.0000000000000000     
   165.00000000000000       0.97440441000000000       -2.5596028100000001E-002   0.0000000000000000        0.0000000000000000        0.0000000000000000     
   166.00000000000000       0.97473613000000014       -2.5266735200000001E-002   0.0000000000000000        0.0000000000000000        0.0000000000000000     
   167.00000000000000       0.97506122000000017       -2.4943015900000001E-002   0.0000000000000000        0.0000000000000000        0.0000000000000000     
   168.00000000000000       0.97537631000000014       -2.4623476800000002E-002   0.0000000000000000        0.0000000000000000        0.0000000000000000     
   169.00000000000000       0.97569477000000004       -2.4308848300000001E-002   0.0000000000000000        0.0000000000000000        0.0000000000000000     
   170.00000000000000       0.97599997000000016       -2.3998400000000003E-002   0.0000000000000000        0.0000000000000000        0.0000000000000000     
   171.00000000000000       0.97630843000000000       -2.3692794899999998E-002   0.0000000000000000        0.0000000000000000        0.0000000000000000     
   172.00000000000000       0.97660363000000006       -2.3392066699999998E-002   0.0000000000000000        0.0000000000000000        0.0000000000000000     
   173.00000000000000       0.97690220000000005       -2.3094855700000000E-002   0.0000000000000000        0.0000000000000000        0.0000000000000000     
   174.00000000000000       0.97719740000000010       -2.2802487900000001E-002   0.0000000000000000        0.0000000000000000        0.0000000000000000     
   175.00000000000000       0.97748934000000010       -2.2514963300000003E-002   0.0000000000000000        0.0000000000000000        0.0000000000000000     
   176.00000000000000       0.97777128000000002       -2.2230922200000003E-002   0.0000000000000000        0.0000000000000000        0.0000000000000000     
   177.00000000000000       0.97804659000000016       -2.1951095000000004E-002   0.0000000000000000        0.0000000000000000        0.0000000000000000     
   178.00000000000000       0.97832190000000008       -2.1676043600000004E-002   0.0000000000000000        0.0000000000000000        0.0000000000000000     
   179.00000000000000       0.97859721000000000       -2.1404509400000004E-002   0.0000000000000000        0.0000000000000000        0.0000000000000000     
   180.00000000000000       0.97885926000000012       -2.1137784700000002E-002   0.0000000000000000        0.0000000000000000        0.0000000000000000     
   181.00000000000000       0.97912794000000014       -2.0874577200000001E-002   0.0000000000000000        0.0000000000000000        0.0000000000000000     
   182.00000000000000       0.97938335999999993       -2.0615482500000004E-002   0.0000000000000000        0.0000000000000000        0.0000000000000000     
   183.00000000000000       0.97963878000000015       -2.0359871300000002E-002   0.0000000000000000        0.0000000000000000        0.0000000000000000     
   184.00000000000000       0.97989419999999994       -2.0108406600000000E-002   0.0000000000000000        0.0000000000000000        0.0000000000000000     
   185.00000000000000       0.98013962000000010       -1.9861088400000001E-002   0.0000000000000000        0.0000000000000000        0.0000000000000000     
   186.00000000000000       0.98038177999999998       -1.9617220000000001E-002   0.0000000000000000        0.0000000000000000        0.0000000000000000     
   187.00000000000000       0.98062394000000008       -1.9376801400000001E-002   0.0000000000000000        0.0000000000000000        0.0000000000000000     
   188.00000000000000       0.98085610000000001       -1.9140529300000000E-002   0.0000000000000000        0.0000000000000000        0.0000000000000000     
   189.00000000000000       0.98109163000000010       -1.8907740699999998E-002   0.0000000000000000        0.0000000000000000        0.0000000000000000     
   190.00000000000000       0.98132052999999997       -1.8678368200000000E-002   0.0000000000000000        0.0000000000000000        0.0000000000000000     
   191.00000000000000       0.98154606000000000       -1.8452445500000001E-002   0.0000000000000000        0.0000000000000000        0.0000000000000000     
   192.00000000000000       0.98177496000000009       -1.8230006300000001E-002   0.0000000000000000        0.0000000000000000        0.0000000000000000     
   193.00000000000000       0.98198723000000010       -1.8010983200000000E-002   0.0000000000000000        0.0000000000000000        0.0000000000000000     
   194.00000000000000       0.98220613000000001       -1.7795409900000000E-002   0.0000000000000000        0.0000000000000000        0.0000000000000000     
   195.00000000000000       0.98241514000000008       -1.7583286400000002E-002   0.0000000000000000        0.0000000000000000        0.0000000000000000     
   196.00000000000000       0.98262741000000009       -1.7373949700000002E-002   0.0000000000000000        0.0000000000000000        0.0000000000000000     
   197.00000000000003       0.98283304999999999       -1.7168029099999999E-002   0.0000000000000000        0.0000000000000000        0.0000000000000000     
   198.00000000000000       0.98303543000000015       -1.6965558299999999E-002   0.0000000000000000        0.0000000000000000        0.0000000000000000     
   199.00000000000000       0.98323444000000015       -1.6765840600000002E-002   0.0000000000000000        0.0000000000000000        0.0000000000000000     
   200.00000000000000       0.98343345000000015       -1.6568909699999999E-002   0.0000000000000000        0.0000000000000000        0.0000000000000000     
   201.00000000000000       0.98362583000000003       -1.6375361200000001E-002   0.0000000000000000        0.0000000000000000        0.0000000000000000     
   202.00000000000000       0.98381158000000002       -1.6185296200000001E-002   0.0000000000000000        0.0000000000000000        0.0000000000000000     
   203.00000000000000       0.98400396000000001       -1.5997287600000000E-002   0.0000000000000000        0.0000000000000000        0.0000000000000000     
   204.00000000000000       0.98418308000000010       -1.5812695100000003E-002   0.0000000000000000        0.0000000000000000        0.0000000000000000     
   205.00000000000003       0.98436883000000008       -1.5630855700000001E-002   0.0000000000000000        0.0000000000000000        0.0000000000000000     
   206.00000000000000       0.98454795000000006       -1.5451803100000001E-002   0.0000000000000000        0.0000000000000000        0.0000000000000000     
   207.00000000000000       0.98472707000000004       -1.5275469900000001E-002   0.0000000000000000        0.0000000000000000        0.0000000000000000     
   208.00000000000000       0.98489956000000001       -1.5101889800000001E-002   0.0000000000000000        0.0000000000000000        0.0000000000000000     
   209.00000000000000       0.98507205000000009       -1.4930399800000001E-002   0.0000000000000000        0.0000000000000000        0.0000000000000000     
   210.00000000000003       0.98523791000000005       -1.4762325900000000E-002   0.0000000000000000        0.0000000000000000        0.0000000000000000     
   211.00000000000000       0.98540377000000001       -1.4596342100000001E-002   0.0000000000000000        0.0000000000000000        0.0000000000000000     
   212.00000000000000       0.98556963000000009       -1.4433077700000001E-002   0.0000000000000000        0.0000000000000000        0.0000000000000000     
   213.00000000000000       0.98572549000000009       -1.4271869700000002E-002   0.0000000000000000        0.0000000000000000        0.0000000000000000     
   214.00000000000000       0.98588472000000005       -1.4114111500000002E-002   0.0000000000000000        0.0000000000000000        0.0000000000000000     
   215.00000000000000       0.98604395000000000       -1.3957713000000000E-002   0.0000000000000000        0.0000000000000000        0.0000000000000000     
   216.00000000000000       0.98619655000000006       -1.3804101300000000E-002   0.0000000000000000        0.0000000000000000        0.0000000000000000     
   217.00000000000000       0.98634577999999995       -1.3653175299999999E-002   0.0000000000000000        0.0000000000000000        0.0000000000000000     
   218.00000000000003       0.98649838000000001       -1.3504339400000002E-002   0.0000000000000000        0.0000000000000000        0.0000000000000000     
   219.00000000000000       0.98664434999999995       -1.3357593600000000E-002   0.0000000000000000        0.0000000000000000        0.0000000000000000     
   220.00000000000000       0.98678695000000005       -1.3212870500000001E-002   0.0000000000000000        0.0000000000000000        0.0000000000000000     
   221.00000000000000       0.98693292000000010       -1.3070237500000000E-002   0.0000000000000000        0.0000000000000000        0.0000000000000000     
   222.00000000000000       0.98706888999999998       -1.2930323900000000E-002   0.0000000000000000        0.0000000000000000        0.0000000000000000     
   223.00000000000003       0.98720823000000002       -1.2792466700000000E-002   0.0000000000000000        0.0000000000000000        0.0000000000000000     
   224.00000000000000       0.98734757000000006       -1.2656002900000001E-002   0.0000000000000000        0.0000000000000000        0.0000000000000000     
   225.00000000000000       0.98747691000000004       -1.2522292200000000E-002   0.0000000000000000        0.0000000000000000        0.0000000000000000     
   226.00000000000000       0.98760961999999997       -1.2389941200000001E-002   0.0000000000000000        0.0000000000000000        0.0000000000000000     
   227.00000000000000       0.98773896000000005       -1.2260343300000000E-002   0.0000000000000000        0.0000000000000000        0.0000000000000000     
   228.00000000000000       0.98786830000000014       -1.2132105100000002E-002   0.0000000000000000        0.0000000000000000        0.0000000000000000     
   229.00000000000000       0.98799437999999995       -1.2005923300000000E-002   0.0000000000000000        0.0000000000000000        0.0000000000000000     
   230.00000000000000       0.98811709000000003       -1.1881831600000000E-002   0.0000000000000000        0.0000000000000000        0.0000000000000000     
   231.00000000000003       0.98824317000000006       -1.1759099600000000E-002   0.0000000000000000        0.0000000000000000        0.0000000000000000     
   232.00000000000000       0.98835925000000002       -1.1638424000000001E-002   0.0000000000000000        0.0000000000000000        0.0000000000000000     
   233.00000000000000       0.98848196000000010       -1.1519771100000001E-002   0.0000000000000000        0.0000000000000000        0.0000000000000000     
   234.00000000000000       0.98860141000000012       -1.1402545300000001E-002   0.0000000000000000        0.0000000000000000        0.0000000000000000     
   235.00000000000000       0.98871086000000008       -1.1286679200000000E-002   0.0000000000000000        0.0000000000000000        0.0000000000000000     
   236.00000000000003       0.98882694000000004       -1.1172869500000002E-002   0.0000000000000000        0.0000000000000000        0.0000000000000000     
   237.00000000000000       0.98893976000000006       -1.1061082500000000E-002   0.0000000000000000        0.0000000000000000        0.0000000000000000     
   238.00000000000000       0.98904921000000012       -1.0950722600000001E-002   0.0000000000000000        0.0000000000000000        0.0000000000000000     
   239.00000000000003       0.98915866000000008       -1.0841722400000002E-002   0.0000000000000000        0.0000000000000000        0.0000000000000000     
   240.00000000000000       0.98926485000000008       -1.0734081900000001E-002   0.0000000000000000        0.0000000000000000        0.0000000000000000     
   241.00000000000000       0.98937430000000004       -1.0628497800000001E-002   0.0000000000000000        0.0000000000000000        0.0000000000000000     
   242.00000000000000       0.98947712000000010       -1.0524307100000000E-002   0.0000000000000000        0.0000000000000000        0.0000000000000000     
   243.00000000000000       0.98957994000000005       -1.0421476100000000E-002   0.0000000000000000        0.0000000000000000        0.0000000000000000     
   244.00000000000003       0.98967613000000010       -1.0320004800000001E-002   0.0000000000000000        0.0000000000000000        0.0000000000000000     
   245.00000000000000       0.98978231999999999       -1.0219926899999999E-002   0.0000000000000000        0.0000000000000000        0.0000000000000000     
   246.00000000000000       0.98987851000000004       -1.0121242400000001E-002   0.0000000000000000        0.0000000000000000        0.0000000000000000     
   247.00000000000000       0.98997470000000010       -1.0023917600000000E-002   0.0000000000000000        0.0000000000000000        0.0000000000000000     
   248.00000000000000       0.99007089000000004       -9.9286155000000015E-003   0.0000000000000000        0.0000000000000000        0.0000000000000000     
   249.00000000000003       0.99016707999999998       -9.8340437999999992E-003   0.0000000000000000        0.0000000000000000        0.0000000000000000     
   250.00000000000000       0.99025664000000002       -9.7408317999999987E-003   0.0000000000000000        0.0000000000000000        0.0000000000000000     
   251.00000000000000       0.99035283000000018       -9.6489795000000000E-003   0.0000000000000000        0.0000000000000000        0.0000000000000000     
   252.00000000000003       0.99044239000000012       -9.5585206000000002E-003   0.0000000000000000        0.0000000000000000        0.0000000000000000     
   253.00000000000000       0.99053195000000005       -9.4687584000000009E-003   0.0000000000000000        0.0000000000000000        0.0000000000000000     
   254.00000000000000       0.99061488000000009       -9.3810188999999995E-003   0.0000000000000000        0.0000000000000000        0.0000000000000000     
   255.00000000000000       0.99070444000000002       -9.2940098000000009E-003   0.0000000000000000        0.0000000000000000        0.0000000000000000     
   256.00000000000000       0.99078737000000006       -9.2083267000000017E-003   0.0000000000000000        0.0000000000000000        0.0000000000000000     
   257.00000000000000       0.99087692999999999       -9.1233740000000001E-003   0.0000000000000000        0.0000000000000000        0.0000000000000000     
   258.00000000000000       0.99095986000000014       -9.0404440000000016E-003   0.0000000000000000        0.0000000000000000        0.0000000000000000     
   259.00000000000000       0.99104279000000006       -8.9575814000000011E-003   0.0000000000000000        0.0000000000000000        0.0000000000000000     
   260.00000000000000       0.99111908999999998       -8.8767077999999996E-003   0.0000000000000000        0.0000000000000000        0.0000000000000000     
   261.00000000000000       0.99120202000000002       -8.7965645999999991E-003   0.0000000000000000        0.0000000000000000        0.0000000000000000     
   262.00000000000000       0.99127832000000016       -8.7170844000000001E-003   0.0000000000000000        0.0000000000000000        0.0000000000000000     
   263.00000000000000       0.99136124999999997       -8.6389976000000000E-003   0.0000000000000000        0.0000000000000000        0.0000000000000000     
   264.00000000000000       0.99143755000000011       -8.5622705000000000E-003   0.0000000000000000        0.0000000000000000        0.0000000000000000     
   265.00000000000000       0.99151385000000003       -8.4862401000000004E-003   0.0000000000000000        0.0000000000000000        0.0000000000000000     
   266.00000000000000       0.99159014999999995       -8.4115694000000008E-003   0.0000000000000000        0.0000000000000000        0.0000000000000000     
   267.00000000000000       0.99165982000000008       -8.3369324000000002E-003   0.0000000000000000        0.0000000000000000        0.0000000000000000     
   268.00000000000000       0.99173612000000011       -8.2643181000000010E-003   0.0000000000000000        0.0000000000000000        0.0000000000000000     
   269.00000000000000       0.99180579000000002       -8.1917375000000008E-003   0.0000000000000000        0.0000000000000000        0.0000000000000000     
   270.00000000000000       0.99188209000000005       -8.1205166000000006E-003   0.0000000000000000        0.0000000000000000        0.0000000000000000     
   271.00000000000000       0.99194839000000012       -8.0506554000000004E-003   0.0000000000000000        0.0000000000000000        0.0000000000000000     
   272.00000000000000       0.99201806000000003       -7.9807942000000003E-003   0.0000000000000000        0.0000000000000000        0.0000000000000000     
   273.00000000000000       0.99208773000000017       -7.9123264000000009E-003   0.0000000000000000        0.0000000000000000        0.0000000000000000     
   274.00000000000000       0.99215740000000008       -7.8445553000000001E-003   0.0000000000000000        0.0000000000000000        0.0000000000000000     
   275.00000000000000       0.99222044000000009       -7.7781439000000011E-003   0.0000000000000000        0.0000000000000000        0.0000000000000000     
   276.00000000000000       0.99229011000000000       -7.7117325000000004E-003   0.0000000000000000        0.0000000000000000        0.0000000000000000     
   277.00000000000000       0.99234978000000007       -7.6467145000000004E-003   0.0000000000000000        0.0000000000000000        0.0000000000000000     
   278.00000000000000       0.99241945000000009       -7.5823595000000009E-003   0.0000000000000000        0.0000000000000000        0.0000000000000000     
   279.00000000000000       0.99248249000000011       -7.5187349000000007E-003   0.0000000000000000        0.0000000000000000        0.0000000000000000     
   280.00000000000000       0.99254553000000012       -7.4557732999999994E-003   0.0000000000000000        0.0000000000000000        0.0000000000000000     
   281.00000000000000       0.99260857000000002       -7.3941714000000007E-003   0.0000000000000000        0.0000000000000000        0.0000000000000000     
   282.00000000000000       0.99266824000000009       -7.3325695000000003E-003   0.0000000000000000        0.0000000000000000        0.0000000000000000     
   283.00000000000000       0.99272464999999999       -7.2723610000000006E-003   0.0000000000000000        0.0000000000000000        0.0000000000000000     
   284.00000000000000       0.99278769000000011       -7.2121525000000001E-003   0.0000000000000000        0.0000000000000000        0.0000000000000000     
   285.00000000000000       0.99285073000000001       -7.1533205499999999E-003   0.0000000000000000        0.0000000000000000        0.0000000000000000     
   286.00000000000000       0.99290377000000007       -7.0945020799999996E-003   0.0000000000000000        0.0000000000000000        0.0000000000000000     
   287.00000000000000       0.99296018000000008       -7.0370399399999999E-003   0.0000000000000000        0.0000000000000000        0.0000000000000000     
   288.00000000000000       0.99302322000000010       -6.9802610199999997E-003   0.0000000000000000        0.0000000000000000        0.0000000000000000     
   289.00000000000000       0.99307626000000004       -6.9237113300000003E-003   0.0000000000000000        0.0000000000000000        0.0000000000000000     
   290.00000000000000       0.99313267000000005       -6.8679774600000007E-003   0.0000000000000000        0.0000000000000000        0.0000000000000000     
   291.00000000000000       0.99318908000000006       -6.8129998500000002E-003   0.0000000000000000        0.0000000000000000        0.0000000000000000     
   292.00000000000000       0.99324549000000006       -6.7585762300000005E-003   0.0000000000000000        0.0000000000000000        0.0000000000000000     
   293.00000000000000       0.99329190000000001       -6.7048391999999998E-003   0.0000000000000000        0.0000000000000000        0.0000000000000000     
   294.00000000000000       0.99334831000000001       -6.6516595299999995E-003   0.0000000000000000        0.0000000000000000        0.0000000000000000     
   295.00000000000000       0.99340472000000002       -6.5991630800000005E-003   0.0000000000000000        0.0000000000000000        0.0000000000000000     
   296.00000000000000       0.99345112999999996       -6.5472206200000004E-003   0.0000000000000000        0.0000000000000000        0.0000000000000000     
   297.00000000000000       0.99350754000000008       -6.4958950800000003E-003   0.0000000000000000        0.0000000000000000        0.0000000000000000     
   298.00000000000000       0.99355732000000008       -6.4451235300000001E-003   0.0000000000000000        0.0000000000000000        0.0000000000000000     
   299.00000000000000       0.99360373000000002       -6.3949722700000003E-003   0.0000000000000000        0.0000000000000000        0.0000000000000000     
   300.00000000000000       0.99365351000000002       -6.3453053300000003E-003   0.0000000000000000        0.0000000000000000        0.0000000000000000     
   301.00000000000000       0.99369992000000007       -6.2962586799999998E-003   0.0000000000000000        0.0000000000000000        0.0000000000000000     
   302.00000000000000       0.99374969999999996       -6.2477592800000000E-003   0.0000000000000000        0.0000000000000000        0.0000000000000000     
   303.00000000000000       0.99379948000000007       -6.1997475700000006E-003   0.0000000000000000        0.0000000000000000        0.0000000000000000     
   304.00000000000000       0.99384589000000012       -6.1522864799999997E-003   0.0000000000000000        0.0000000000000000        0.0000000000000000     
   305.00000000000000       0.99389567000000012       -6.1053760100000009E-003   0.0000000000000000        0.0000000000000000        0.0000000000000000     
   306.00000000000000       0.99394208000000006       -6.0589498599999993E-003   0.0000000000000000        0.0000000000000000        0.0000000000000000     
   307.00000000000000       0.99398523000000005       -6.0130743300000006E-003   0.0000000000000000        0.0000000000000000        0.0000000000000000     
   308.00000000000000       0.99403501000000016       -5.9676134500000000E-003   0.0000000000000000        0.0000000000000000        0.0000000000000000     
   309.00000000000000       0.99407478999999999       -5.9227065599999993E-003   0.0000000000000000        0.0000000000000000        0.0000000000000000     
   310.00000000000000       0.99412457000000010       -5.8782806200000006E-003   0.0000000000000000        0.0000000000000000        0.0000000000000000     
   311.00000000000000       0.99416435000000003       -5.8343356300000005E-003   0.0000000000000000        0.0000000000000000        0.0000000000000000     
   312.00000000000000       0.99420750000000002       -5.7908086600000006E-003   0.0000000000000000        0.0000000000000000        0.0000000000000000     
   313.00000000000000       0.99425391000000007       -5.7478323100000001E-003   0.0000000000000000        0.0000000000000000        0.0000000000000000     
   314.00000000000000       0.99429706000000007       -5.7052672399999999E-003   0.0000000000000000        0.0000000000000000        0.0000000000000000     
   315.00000000000000       0.99434021000000006       -5.6631201899999999E-003   0.0000000000000000        0.0000000000000000        0.0000000000000000     
   316.00000000000000       0.99437999000000010       -5.6214574599999997E-003   0.0000000000000000        0.0000000000000000        0.0000000000000000     
   317.00000000000000       0.99442314000000009       -5.5802060100000007E-003   0.0000000000000000        0.0000000000000000        0.0000000000000000     
   318.00000000000000       0.99446292000000003       -5.5393692100000006E-003   0.0000000000000000        0.0000000000000000        0.0000000000000000     
   319.00000000000000       0.99449944000000001       -5.4989504300000016E-003   0.0000000000000000        0.0000000000000000        0.0000000000000000     
   320.00000000000000       0.99453922000000006       -5.4590092300000007E-003   0.0000000000000000        0.0000000000000000        0.0000000000000000     
   321.00000000000000       0.99458237000000005       -5.4194197500000004E-003   0.0000000000000000        0.0000000000000000        0.0000000000000000     
   322.00000000000000       0.99462215000000009       -5.3803078500000009E-003   0.0000000000000000        0.0000000000000000        0.0000000000000000     
   323.00000000000000       0.99465867000000019       -5.3415443000000007E-003   0.0000000000000000        0.0000000000000000        0.0000000000000000     
   324.00000000000000       0.99469845000000001       -5.3031920300000007E-003   0.0000000000000000        0.0000000000000000        0.0000000000000000     
   325.00000000000000       0.99473497000000011       -5.2651881100000001E-003   0.0000000000000000        0.0000000000000000        0.0000000000000000     
   326.00000000000000       0.99477475000000015       -5.2275988400000001E-003   0.0000000000000000        0.0000000000000000        0.0000000000000000     
   327.00000000000000       0.99481127000000003       -5.1903579200000003E-003   0.0000000000000000        0.0000000000000000        0.0000000000000000     
   328.00000000000000       0.99484442000000017       -5.1535282800000007E-003   0.0000000000000000        0.0000000000000000        0.0000000000000000     
   329.00000000000000       0.99488094000000005       -5.1170436200000001E-003   0.0000000000000000        0.0000000000000000        0.0000000000000000     
   330.00000000000000       0.99492072000000009       -5.0809736100000001E-003   0.0000000000000000        0.0000000000000000        0.0000000000000000     
   331.00000000000000       0.99495724000000008       -5.0451822799999994E-003   0.0000000000000000        0.0000000000000000        0.0000000000000000     
   332.00000000000000       0.99499039000000000       -5.0098022299999998E-003   0.0000000000000000        0.0000000000000000        0.0000000000000000     
   333.00000000000000       0.99502690999999999       -4.9747671600000000E-003   0.0000000000000000        0.0000000000000000        0.0000000000000000     
   334.00000000000000       0.99506005999999991       -4.9400804400000003E-003   0.0000000000000000        0.0000000000000000        0.0000000000000000     
   335.00000000000000       0.99509321000000006       -4.9056723999999999E-003   0.0000000000000000        0.0000000000000000        0.0000000000000000     
   336.00000000000000       0.99512973000000005       -4.8716093400000002E-003   0.0000000000000000        0.0000000000000000        0.0000000000000000     
   337.00000000000000       0.99516288000000008       -4.8379541900000003E-003   0.0000000000000000        0.0000000000000000        0.0000000000000000     
   338.00000000000000       0.99519940000000018       -4.8045810900000010E-003   0.0000000000000000        0.0000000000000000        0.0000000000000000     
   339.00000000000000       0.99522591999999999       -4.7714866700000009E-003   0.0000000000000000        0.0000000000000000        0.0000000000000000     
   340.00000000000000       0.99526244000000008       -4.7387372300000006E-003   0.0000000000000000        0.0000000000000000        0.0000000000000000     
   341.00000000000000       0.99529559000000001       -4.7063294000000006E-003   0.0000000000000000        0.0000000000000000        0.0000000000000000     
   342.00000000000000       0.99532211000000004       -4.6742002499999998E-003   0.0000000000000000        0.0000000000000000        0.0000000000000000     
   343.00000000000000       0.99535863000000013       -4.6423497800000000E-003   0.0000000000000000        0.0000000000000000        0.0000000000000000     
   344.00000000000000       0.99538515000000016       -4.6108442899999999E-003   0.0000000000000000        0.0000000000000000        0.0000000000000000     
   345.00000000000000       0.99542167000000004       -4.5796141100000005E-003   0.0000000000000000        0.0000000000000000        0.0000000000000000     
   346.00000000000000       0.99544819000000007       -4.5486626100000004E-003   0.0000000000000000        0.0000000000000000        0.0000000000000000     
   347.00000000000000       0.99548470999999994       -4.5180560900000000E-003   0.0000000000000000        0.0000000000000000        0.0000000000000000     
   348.00000000000000       0.99551122999999997       -4.4876585800000006E-003   0.0000000000000000        0.0000000000000000        0.0000000000000000     
   349.00000000000000       0.99554438000000012       -4.4576026800000005E-003   0.0000000000000000        0.0000000000000000        0.0000000000000000     
   350.00000000000000       0.99557427000000009       -4.4278254599999997E-003   0.0000000000000000        0.0000000000000000        0.0000000000000000     
   351.00000000000000       0.99560079000000001       -4.3982572500000008E-003   0.0000000000000000        0.0000000000000000        0.0000000000000000     
   352.00000000000000       0.99563068000000010       -4.3690340199999999E-003   0.0000000000000000        0.0000000000000000        0.0000000000000000     
   353.00000000000000       0.99565720000000013       -4.3400198000000008E-003   0.0000000000000000        0.0000000000000000        0.0000000000000000     
   354.00000000000000       0.99569035000000006       -4.3112842600000001E-003   0.0000000000000000        0.0000000000000000        0.0000000000000000     
   355.00000000000000       0.99572024000000003       -4.2828206600000005E-003   0.0000000000000000        0.0000000000000000        0.0000000000000000     
   356.00000000000000       0.99574676000000006       -4.2546357400000002E-003   0.0000000000000000        0.0000000000000000        0.0000000000000000     
   357.00000000000000       0.99577328000000009       -4.2267261300000004E-003   0.0000000000000000        0.0000000000000000        0.0000000000000000     
   358.00000000000000       0.99580317000000007       -4.1990255300000008E-003   0.0000000000000000        0.0000000000000000        0.0000000000000000     
   359.00000000000000       0.99582969000000010       -4.1715339399999996E-003   0.0000000000000000        0.0000000000000000        0.0000000000000000     
   360.00000000000000       0.99585958000000008       -4.1443210300000002E-003   0.0000000000000000        0.0000000000000000        0.0000000000000000     
   361.00000000000000       0.99588610000000011       -4.1173800600000001E-003   0.0000000000000000        0.0000000000000000        0.0000000000000000     
   362.00000000000000       0.99590599000000002       -4.0906514700000006E-003   0.0000000000000000        0.0000000000000000        0.0000000000000000     
   363.00000000000000       0.99593588000000000       -4.0641948200000003E-003   0.0000000000000000        0.0000000000000000        0.0000000000000000     
   364.00000000000000       0.99596240000000003       -4.0378808800000006E-003   0.0000000000000000        0.0000000000000000        0.0000000000000000     
   365.00000000000000       0.99598892000000006       -4.0119085500000002E-003   0.0000000000000000        0.0000000000000000        0.0000000000000000     
   366.00000000000000       0.99601218000000014       -3.9860823000000007E-003   0.0000000000000000        0.0000000000000000        0.0000000000000000     
   367.00000000000000       0.99603869999999994       -3.9605246200000001E-003   0.0000000000000000        0.0000000000000000        0.0000000000000000     
   368.00000000000000       0.99606521999999997       -3.9351793200000000E-003   0.0000000000000000        0.0000000000000000        0.0000000000000000     
   369.00000000000000       0.99608848000000005       -3.9100430300000001E-003   0.0000000000000000        0.0000000000000000        0.0000000000000000     
   370.00000000000000       0.99611500000000008       -3.8851123800000002E-003   0.0000000000000000        0.0000000000000000        0.0000000000000000     
   371.00000000000000       0.99614152000000011       -3.8604570400000006E-003   0.0000000000000000        0.0000000000000000        0.0000000000000000     
   372.00000000000000       0.99616478000000008       -3.8359444100000001E-003   0.0000000000000000        0.0000000000000000        0.0000000000000000     
   373.00000000000000       0.99619130000000011       -3.8117037200000002E-003   0.0000000000000000        0.0000000000000000        0.0000000000000000     
   374.00000000000000       0.99621119000000002       -3.7876057400000004E-003   0.0000000000000000        0.0000000000000000        0.0000000000000000     
   375.00000000000000       0.99623445000000010       -3.7637167699999998E-003   0.0000000000000000        0.0000000000000000        0.0000000000000000     
   376.00000000000000       0.99626097000000002       -3.7400997399999998E-003   0.0000000000000000        0.0000000000000000        0.0000000000000000     
   377.00000000000000       0.99628086000000005       -3.7166254200000004E-003   0.0000000000000000        0.0000000000000000        0.0000000000000000     
   378.00000000000000       0.99631075000000002       -3.6933567400000006E-003   0.0000000000000000        0.0000000000000000        0.0000000000000000     
   379.00000000000000       0.99633064000000005       -3.6702970700000000E-003   0.0000000000000000        0.0000000000000000        0.0000000000000000     
   380.00000000000000       0.99635053000000007       -3.6474430400000005E-003   0.0000000000000000        0.0000000000000000        0.0000000000000000     
   381.00000000000000       0.99637379000000004       -3.6247317200000001E-003   0.0000000000000000        0.0000000000000000        0.0000000000000000     
   382.00000000000000       0.99640030999999996       -3.6022260399999999E-003   0.0000000000000000        0.0000000000000000        0.0000000000000000     
   383.00000000000000       0.99642020000000009       -3.5799293699999997E-003   0.0000000000000000        0.0000000000000000        0.0000000000000000     
   384.00000000000000       0.99644009000000000       -3.5578349700000002E-003   0.0000000000000000        0.0000000000000000        0.0000000000000000     
   385.00000000000000       0.99646335000000008       -3.5358866499999998E-003   0.0000000000000000        0.0000000000000000        0.0000000000000000     
   386.00000000000000       0.99648324000000010       -3.5141406000000000E-003   0.0000000000000000        0.0000000000000000        0.0000000000000000     
   387.00000000000000       0.99650313000000013       -3.4925372600000002E-003   0.0000000000000000        0.0000000000000000        0.0000000000000000     
   388.00000000000000       0.99653301999999999       -3.4711395600000002E-003   0.0000000000000000        0.0000000000000000        0.0000000000000000     
   389.00000000000006       0.99655291000000001       -3.4498845700000006E-003   0.0000000000000000        0.0000000000000000        0.0000000000000000     
   390.00000000000000       0.99657280000000004       -3.4288318499999999E-003   0.0000000000000000        0.0000000000000000        0.0000000000000000     
   391.00000000000000       0.99659269000000006       -3.4079881400000001E-003   0.0000000000000000        0.0000000000000000        0.0000000000000000     
   392.00000000000000       0.99661595000000003       -3.3872837700000004E-003   0.0000000000000000        0.0000000000000000        0.0000000000000000     
   393.00000000000000       0.99663584000000005       -3.3667187400000000E-003   0.0000000000000000        0.0000000000000000        0.0000000000000000     
   394.00000000000006       0.99665573000000007       -3.3462964200000004E-003   0.0000000000000000        0.0000000000000000        0.0000000000000000     
   395.00000000000000       0.99667236000000003       -3.3260763700000001E-003   0.0000000000000000        0.0000000000000000        0.0000000000000000     
   396.00000000000000       0.99669225000000006       -3.3060653299999999E-003   0.0000000000000000        0.0000000000000000        0.0000000000000000     
   397.00000000000000       0.99671214000000008       -3.2861239600000002E-003   0.0000000000000000        0.0000000000000000        0.0000000000000000     
   398.00000000000000       0.99673202999999999       -3.2663916000000002E-003   0.0000000000000000        0.0000000000000000        0.0000000000000000     
   399.00000000000006       0.99675529000000007       -3.2467952099999998E-003   0.0000000000000000        0.0000000000000000        0.0000000000000000     
   400.00000000000000       0.99677517999999998       -3.2274078300000000E-003   0.0000000000000000        0.0000000000000000        0.0000000000000000     
   401.00000000000000       0.99678844000000000       -3.2080934900000002E-003   0.0000000000000000        0.0000000000000000        0.0000000000000000     
   402.00000000000000       0.99680833000000013       -3.1889814200000005E-003   0.0000000000000000        0.0000000000000000        0.0000000000000000     
   403.00000000000000       0.99683159000000010       -3.1700120600000005E-003   0.0000000000000000        0.0000000000000000        0.0000000000000000     
   404.00000000000000       0.99685148000000001       -3.1511786700000001E-003   0.0000000000000000        0.0000000000000000        0.0000000000000000     
   405.00000000000000       0.99686474000000003       -3.1325542900000002E-003   0.0000000000000000        0.0000000000000000        0.0000000000000000     
   406.00000000000000       0.99688463000000005       -3.1139995800000004E-003   0.0000000000000000        0.0000000000000000        0.0000000000000000     
   407.00000000000000       0.99690789000000013       -3.0955842099999998E-003   0.0000000000000000        0.0000000000000000        0.0000000000000000     
   408.00000000000000       0.99692114999999992       -3.0773778500000001E-003   0.0000000000000000        0.0000000000000000        0.0000000000000000     
   409.00000000000000       0.99694104000000006       -3.0592377899999997E-003   0.0000000000000000        0.0000000000000000        0.0000000000000000     
   410.00000000000006       0.99695430000000007       -3.0413067400000002E-003   0.0000000000000000        0.0000000000000000        0.0000000000000000     
   411.00000000000000       0.99697756000000004       -3.0234487300000003E-003   0.0000000000000000        0.0000000000000000        0.0000000000000000     
   412.00000000000000       0.99699745000000006       -3.0057929900000006E-003   0.0000000000000000        0.0000000000000000        0.0000000000000000     
   413.00000000000000       0.99701071000000008       -2.9882102900000004E-003   0.0000000000000000        0.0000000000000000        0.0000000000000000     
   414.00000000000000       0.99703060000000010       -2.9707669300000003E-003   0.0000000000000000        0.0000000000000000        0.0000000000000000     
   415.00000000000006       0.99704723000000017       -2.9534629100000003E-003   0.0000000000000000        0.0000000000000000        0.0000000000000000     
   416.00000000000000       0.99706712000000008       -2.9363611600000004E-003   0.0000000000000000        0.0000000000000000        0.0000000000000000     
   417.00000000000000       0.99708038000000010       -2.9193324500000001E-003   0.0000000000000000        0.0000000000000000        0.0000000000000000     
   418.00000000000000       0.99709364000000011       -2.9023734100000003E-003   0.0000000000000000        0.0000000000000000        0.0000000000000000     
   419.00000000000000       0.99711690000000008       -2.8856233800000001E-003   0.0000000000000000        0.0000000000000000        0.0000000000000000     
   420.00000000000006       0.99713016000000010       -2.8690093200000001E-003   0.0000000000000000        0.0000000000000000        0.0000000000000000     
   421.00000000000000       0.99715005000000012       -2.8524649299999996E-003   0.0000000000000000        0.0000000000000000        0.0000000000000000     
   422.00000000000000       0.99716331000000014       -2.8360632500000001E-003   0.0000000000000000        0.0000000000000000        0.0000000000000000     
   423.00000000000000       0.99717657000000004       -2.8197975400000006E-003   0.0000000000000000        0.0000000000000000        0.0000000000000000     
   424.00000000000000       0.99719983000000001       -2.8036015000000004E-003   0.0000000000000000        0.0000000000000000        0.0000000000000000     
   425.00000000000006       0.99721309000000002       -2.7876111000000006E-003   0.0000000000000000        0.0000000000000000        0.0000000000000000     
   426.00000000000000       0.99722635000000004       -2.7716274400000000E-003   0.0000000000000000        0.0000000000000000        0.0000000000000000     
   427.00000000000000       0.99724623999999995       -2.7558460500000004E-003   0.0000000000000000        0.0000000000000000        0.0000000000000000     
   428.00000000000000       0.99726287000000002       -2.7402006300000004E-003   0.0000000000000000        0.0000000000000000        0.0000000000000000     
   429.00000000000000       0.99727613000000004       -2.7246316199999996E-003   0.0000000000000000        0.0000000000000000        0.0000000000000000     
   430.00000000000000       0.99728939000000005       -2.7091289100000002E-003   0.0000000000000000        0.0000000000000000        0.0000000000000000     
   431.00000000000006       0.99730265000000007       -2.6937655399999999E-003   0.0000000000000000        0.0000000000000000        0.0000000000000000     
   432.00000000000000       0.99732254000000009       -2.6785415100000006E-003   0.0000000000000000        0.0000000000000000        0.0000000000000000     
   433.00000000000000       0.99733917000000005       -2.6634534500000000E-003   0.0000000000000000        0.0000000000000000        0.0000000000000000     
   434.00000000000000       0.99735243000000007       -2.6484384300000004E-003   0.0000000000000000        0.0000000000000000        0.0000000000000000     
   435.00000000000000       0.99736569000000008       -2.6334930800000003E-003   0.0000000000000000        0.0000000000000000        0.0000000000000000     
   436.00000000000006       0.99737895000000010       -2.6187500000000000E-003   0.0000000000000000        0.0000000000000000        0.0000000000000000     
   437.00000000000000       0.99739221000000011       -2.6040136600000000E-003   0.0000000000000000        0.0000000000000000        0.0000000000000000     
   438.00000000000000       0.99740884000000007       -2.5894795899999998E-003   0.0000000000000000        0.0000000000000000        0.0000000000000000     
   439.00000000000000       0.99742873000000010       -2.5749522600000000E-003   0.0000000000000000        0.0000000000000000        0.0000000000000000     
   440.00000000000000       0.99744199000000011       -2.5605609000000002E-003   0.0000000000000000        0.0000000000000000        0.0000000000000000     
   441.00000000000006       0.99745525000000013       -2.5463055100000001E-003   0.0000000000000000        0.0000000000000000        0.0000000000000000     
   442.00000000000000       0.99746851000000014       -2.5321231600000005E-003   0.0000000000000000        0.0000000000000000        0.0000000000000000     
   443.00000000000000       0.99748513999999999       -2.5180767800000001E-003   0.0000000000000000        0.0000000000000000        0.0000000000000000     
   444.00000000000000       0.99749840000000001       -2.5041000700000001E-003   0.0000000000000000        0.0000000000000000        0.0000000000000000     
   445.00000000000000       0.99751166000000002       -2.4901964000000002E-003   0.0000000000000000        0.0000000000000000        0.0000000000000000     
   446.00000000000006       0.99752492000000004       -2.4764287000000004E-003   0.0000000000000000        0.0000000000000000        0.0000000000000000     
   447.00000000000000       0.99753818000000005       -2.4627306700000001E-003   0.0000000000000000        0.0000000000000000        0.0000000000000000     
   448.00000000000000       0.99755481000000013       -2.4491686100000000E-003   0.0000000000000000        0.0000000000000000        0.0000000000000000     
   449.00000000000000       0.99756807000000003       -2.4356795900000003E-003   0.0000000000000000        0.0000000000000000        0.0000000000000000     
   450.00000000000000       0.99757470000000004       -2.4222602400000002E-003   0.0000000000000000        0.0000000000000000        0.0000000000000000     
   451.00000000000006       0.99758796000000005       -2.4089768599999998E-003   0.0000000000000000        0.0000000000000000        0.0000000000000000     
   452.00000000000000       0.99760122000000007       -2.3957665199999998E-003   0.0000000000000000        0.0000000000000000        0.0000000000000000     
   453.00000000000000       0.99761448000000008       -2.3826258499999998E-003   0.0000000000000000        0.0000000000000000        0.0000000000000000     
   454.00000000000000       0.99763111000000004       -2.3696211500000000E-003   0.0000000000000000        0.0000000000000000        0.0000000000000000     
   455.00000000000000       0.99764437000000006       -2.3566861200000002E-003   0.0000000000000000        0.0000000000000000        0.0000000000000000     
   456.00000000000000       0.99765763000000007       -2.3438207599999999E-003   0.0000000000000000        0.0000000000000000        0.0000000000000000     
   457.00000000000006       0.99767088999999998       -2.3310913700000002E-003   0.0000000000000000        0.0000000000000000        0.0000000000000000     
   458.00000000000000       0.99767751999999998       -2.3183687200000001E-003   0.0000000000000000        0.0000000000000000        0.0000000000000000     
   459.00000000000000       0.99769415000000006       -2.3057820400000000E-003   0.0000000000000000        0.0000000000000000        0.0000000000000000     
   460.00000000000000       0.99770741000000007       -2.2932650299999999E-003   0.0000000000000000        0.0000000000000000        0.0000000000000000     
   461.00000000000000       0.99772067000000009       -2.2808839900000004E-003   0.0000000000000000        0.0000000000000000        0.0000000000000000     
   462.00000000000006       0.99773393000000010       -2.2685726200000001E-003   0.0000000000000000        0.0000000000000000        0.0000000000000000     
   463.00000000000000       0.99774056000000011       -2.2562646200000001E-003   0.0000000000000000        0.0000000000000000        0.0000000000000000     
   464.00000000000000       0.99775382000000001       -2.2440959600000003E-003   0.0000000000000000        0.0000000000000000        0.0000000000000000     
   465.00000000000000       0.99777044999999998       -2.2320599000000005E-003   0.0000000000000000        0.0000000000000000        0.0000000000000000     
   466.00000000000000       0.99778370999999999       -2.2200305799999999E-003   0.0000000000000000        0.0000000000000000        0.0000000000000000     
   467.00000000000006       0.99779034000000011       -2.2081372300000002E-003   0.0000000000000000        0.0000000000000000        0.0000000000000000     
   468.00000000000000       0.99780360000000012       -2.1962472500000000E-003   0.0000000000000000        0.0000000000000000        0.0000000000000000     
   469.00000000000000       0.99781686000000014       -2.1844898700000004E-003   0.0000000000000000        0.0000000000000000        0.0000000000000000     
   470.00000000000000       0.99782349000000004       -2.1728055299999999E-003   0.0000000000000000        0.0000000000000000        0.0000000000000000     
   471.00000000000000       0.99784012000000000       -2.1611908599999999E-003   0.0000000000000000        0.0000000000000000        0.0000000000000000     
   472.00000000000006       0.99785338000000001       -2.1496458600000000E-003   0.0000000000000000        0.0000000000000000        0.0000000000000000     
   473.00000000000000       0.99786001000000013       -2.1382368299999997E-003   0.0000000000000000        0.0000000000000000        0.0000000000000000     
   474.00000000000000       0.99787326999999992       -2.1268311699999998E-003   0.0000000000000000        0.0000000000000000        0.0000000000000000     
   475.00000000000000       0.99788652999999994       -2.1155614800000004E-003   0.0000000000000000        0.0000000000000000        0.0000000000000000     
   476.00000000000000       0.99789316000000006       -2.1042951600000002E-003   0.0000000000000000        0.0000000000000000        0.0000000000000000     
   477.00000000000006       0.99790642000000007       -2.0931648100000000E-003   0.0000000000000000        0.0000000000000000        0.0000000000000000     
   478.00000000000006       0.99791642000000014       -2.0820378299999998E-003   0.0000000000000000        0.0000000000000000        0.0000000000000000     
   479.00000000000000       0.99792968000000015       -2.0710468200000002E-003   0.0000000000000000        0.0000000000000000        0.0000000000000000     
   480.00000000000000       0.99794293999999995       -2.0601254800000001E-003   0.0000000000000000        0.0000000000000000        0.0000000000000000     
   481.00000000000000       0.99794957000000006       -2.0492075100000001E-003   0.0000000000000000        0.0000000000000000        0.0000000000000000     
   482.00000000000000       0.99796283000000008       -2.0384255100000001E-003   0.0000000000000000        0.0000000000000000        0.0000000000000000     
   483.00000000000006       0.99796945999999997       -2.0277098100000002E-003   0.0000000000000000        0.0000000000000000        0.0000000000000000     
   484.00000000000000       0.99798608999999994       -2.0170671500000003E-003   0.0000000000000000        0.0000000000000000        0.0000000000000000     
   485.00000000000000       0.99799272000000006       -2.0064941600000004E-003   0.0000000000000000        0.0000000000000000        0.0000000000000000     
   486.00000000000000       0.99800598000000007       -1.9959211700000001E-003   0.0000000000000000        0.0000000000000000        0.0000000000000000     
   487.00000000000000       0.99801260999999997       -1.9854875199999998E-003   0.0000000000000000        0.0000000000000000        0.0000000000000000     
   488.00000000000006       0.99802586999999998       -1.9751201700000001E-003   0.0000000000000000        0.0000000000000000        0.0000000000000000     
   489.00000000000000       0.99803250000000010       -1.9647561899999999E-003   0.0000000000000000        0.0000000000000000        0.0000000000000000     
   490.00000000000000       0.99804576000000012       -1.9545315500000002E-003   0.0000000000000000        0.0000000000000000        0.0000000000000000     
   491.00000000000000       0.99805576000000018       -1.9443069099999999E-003   0.0000000000000000        0.0000000000000000        0.0000000000000000     
   492.00000000000000       0.99806902000000020       -1.9342148700000001E-003   0.0000000000000000        0.0000000000000000        0.0000000000000000     
   493.00000000000006       0.99807565000000009       -1.9241295700000000E-003   0.0000000000000000        0.0000000000000000        0.0000000000000000     
   494.00000000000000       0.99808891000000011       -1.9141802399999998E-003   0.0000000000000000        0.0000000000000000        0.0000000000000000     
   495.00000000000000       0.99809554000000023       -1.9042309100000001E-003   0.0000000000000000        0.0000000000000000        0.0000000000000000     
   496.00000000000000       0.99810217000000012       -1.8943546199999999E-003   0.0000000000000000        0.0000000000000000        0.0000000000000000     
   497.00000000000000       0.99811543000000014       -1.8845446300000000E-003   0.0000000000000000        0.0000000000000000        0.0000000000000000     
   498.00000000000006       0.99812542999999998       -1.8748043099999999E-003   0.0000000000000000        0.0000000000000000        0.0000000000000000     
   499.00000000000000       0.99813869000000000       -1.8651336600000001E-003   0.0000000000000000        0.0000000000000000        0.0000000000000000     
   500.00000000000000       0.99814532000000011       -1.8554630100000001E-003   0.0000000000000000        0.0000000000000000        0.0000000000000000     
   501.00000000000000       0.99815195000000001       -1.8459317000000001E-003   0.0000000000000000        0.0000000000000000        0.0000000000000000     
   502.00000000000000       0.99816521000000002       -1.8364003899999999E-003   0.0000000000000000        0.0000000000000000        0.0000000000000000     
   503.00000000000006       0.99817184000000014       -1.8269387500000000E-003   0.0000000000000000        0.0000000000000000        0.0000000000000000     
   504.00000000000006       0.99817847000000004       -1.8175467800000001E-003   0.0000000000000000        0.0000000000000000        0.0000000000000000     
   505.00000000000000       0.99819173000000005       -1.8082244800000002E-003   0.0000000000000000        0.0000000000000000        0.0000000000000000     
   506.00000000000000       0.99820173000000012       -1.7989684800000002E-003   0.0000000000000000        0.0000000000000000        0.0000000000000000     
   507.00000000000000       0.99820836000000002       -1.7897821500000000E-003   0.0000000000000000        0.0000000000000000        0.0000000000000000     
   508.00000000000000       0.99822162000000003       -1.7805991900000000E-003   0.0000000000000000        0.0000000000000000        0.0000000000000000     
   509.00000000000006       0.99822825000000015       -1.7714859000000000E-003   0.0000000000000000        0.0000000000000000        0.0000000000000000     
   510.00000000000000       0.99823488000000005       -1.7624422800000001E-003   0.0000000000000000        0.0000000000000000        0.0000000000000000     
   511.00000000000000       0.99824814000000006       -1.7534649600000000E-003   0.0000000000000000        0.0000000000000000        0.0000000000000000     
   512.00000000000000       0.99825477000000018       -1.7445573099999999E-003   0.0000000000000000        0.0000000000000000        0.0000000000000000     
   513.00000000000000       0.99826140000000008       -1.7356530300000001E-003   0.0000000000000000        0.0000000000000000        0.0000000000000000     
   514.00000000000000       0.99827140000000014       -1.7268150500000003E-003   0.0000000000000000        0.0000000000000000        0.0000000000000000     
   515.00000000000000       0.99828466000000016       -1.7180467400000001E-003   0.0000000000000000        0.0000000000000000        0.0000000000000000     
   516.00000000000000       0.99829129000000005       -1.7093481000000001E-003   0.0000000000000000        0.0000000000000000        0.0000000000000000     
   517.00000000000000       0.99829791999999995       -1.7006528300000001E-003   0.0000000000000000        0.0000000000000000        0.0000000000000000     
   518.00000000000000       0.99830455000000007       -1.6920238600000002E-003   0.0000000000000000        0.0000000000000000        0.0000000000000000     
   519.00000000000000       0.99831781000000008       -1.6834645600000003E-003   0.0000000000000000        0.0000000000000000        0.0000000000000000     
   520.00000000000000       0.99832443999999998       -1.6749749300000003E-003   0.0000000000000000        0.0000000000000000        0.0000000000000000     
   521.00000000000000       0.99833107000000010       -1.6664886700000000E-003   0.0000000000000000        0.0000000000000000        0.0000000000000000     
   522.00000000000000       0.99834107000000005       -1.6580687100000002E-003   0.0000000000000000        0.0000000000000000        0.0000000000000000     
   523.00000000000000       0.99835433000000007       -1.6497184200000002E-003   0.0000000000000000        0.0000000000000000        0.0000000000000000     
   524.00000000000000       0.99836096000000007       -1.6414344300000000E-003   0.0000000000000000        0.0000000000000000        0.0000000000000000     
   525.00000000000000       0.99836758999999997       -1.6331538099999998E-003   0.0000000000000000        0.0000000000000000        0.0000000000000000     
   526.00000000000000       0.99837422000000009       -1.6249428599999999E-003   0.0000000000000000        0.0000000000000000        0.0000000000000000     
   527.00000000000000       0.99838084999999999       -1.6168015800000002E-003   0.0000000000000000        0.0000000000000000        0.0000000000000000     
   528.00000000000000       0.99838748000000010       -1.6086602999999999E-003   0.0000000000000000        0.0000000000000000        0.0000000000000000     
   529.00000000000000       0.99840074000000012       -1.6005886900000001E-003   0.0000000000000000        0.0000000000000000        0.0000000000000000     
   530.00000000000000       0.99840737000000002       -1.5925833800000001E-003   0.0000000000000000        0.0000000000000000        0.0000000000000000     
   531.00000000000000       0.99841737000000008       -1.5846477400000001E-003   0.0000000000000000        0.0000000000000000        0.0000000000000000     
   532.00000000000000       0.99842399999999998       -1.5767154700000001E-003   0.0000000000000000        0.0000000000000000        0.0000000000000000     
   533.00000000000000       0.99843063000000010       -1.5688528700000001E-003   0.0000000000000000        0.0000000000000000        0.0000000000000000     
   534.00000000000000       0.99843725999999999       -1.5609902700000000E-003   0.0000000000000000        0.0000000000000000        0.0000000000000000     
   535.00000000000000       0.99844389000000011       -1.5531939700000000E-003   0.0000000000000000        0.0000000000000000        0.0000000000000000     
   536.00000000000000       0.99845715000000013       -1.5454707100000002E-003   0.0000000000000000        0.0000000000000000        0.0000000000000000     
   537.00000000000000       0.99846378000000002       -1.5378137499999999E-003   0.0000000000000000        0.0000000000000000        0.0000000000000000     
   538.00000000000000       0.99847041000000014       -1.5301567900000001E-003   0.0000000000000000        0.0000000000000000        0.0000000000000000     
   539.00000000000000       0.99847704000000004       -1.5225032000000000E-003   0.0000000000000000        0.0000000000000000        0.0000000000000000     
   540.00000000000000       0.99848703999999999       -1.5149855800000000E-003   0.0000000000000000        0.0000000000000000        0.0000000000000000     
   541.00000000000000       0.99849367000000011       -1.5074679600000000E-003   0.0000000000000000        0.0000000000000000        0.0000000000000000     
   542.00000000000000       0.99850030000000001       -1.4999537099999998E-003   0.0000000000000000        0.0000000000000000        0.0000000000000000     
   543.00000000000000       0.99850693000000013       -1.4925754299999999E-003   0.0000000000000000        0.0000000000000000        0.0000000000000000     
   544.00000000000000       0.99851356000000002       -1.4851308500000002E-003   0.0000000000000000        0.0000000000000000        0.0000000000000000     
   545.00000000000000       0.99852019000000014       -1.4778222400000001E-003   0.0000000000000000        0.0000000000000000        0.0000000000000000     
   546.00000000000000       0.99852682000000004       -1.4705136300000000E-003   0.0000000000000000        0.0000000000000000        0.0000000000000000     
   547.00000000000000       0.99853345000000004       -1.4632746900000001E-003   0.0000000000000000        0.0000000000000000        0.0000000000000000     
   548.00000000000000       0.99854008000000005       -1.4560357500000001E-003   0.0000000000000000        0.0000000000000000        0.0000000000000000     
   549.00000000000000       0.99855008000000001       -1.4488664799999999E-003   0.0000000000000000        0.0000000000000000        0.0000000000000000     
   550.00000000000000       0.99855671000000013       -1.4417005799999998E-003   0.0000000000000000        0.0000000000000000        0.0000000000000000     
