   1.0000000000000000        1.4184168000000000E-002 -0.98581318000000007        0.0000000000000000        0.0000000000000000        0.0000000000000000     
   2.0000000000000000       0.14485081000000000      -0.85514919000000011        0.0000000000000000        0.0000000000000000        0.0000000000000000     
   3.0000000000000000       0.28614128999999999      -0.71385871000000001        0.0000000000000000        0.0000000000000000        0.0000000000000000     
   4.0000000000000000       0.39243882000000002      -0.60756118000000003        0.0000000000000000        0.0000000000000000        0.0000000000000000     
   5.0000000000000000       0.47015432000000007      -0.52984568000000010        0.0000000000000000        0.0000000000000000        0.0000000000000000     
   6.0000000000000000       0.52818655000000003      -0.47181345000000002        0.0000000000000000        0.0000000000000000        0.0000000000000000     
   7.0000000000000000       0.57297108000000008      -0.42702892000000003        0.0000000000000000        0.0000000000000000        0.0000000000000000     
   8.0000000000000000       0.60840066000000004      -0.39159933999999996        0.0000000000000000        0.0000000000000000        0.0000000000000000     
   9.0000000000000000       0.63708661000000011      -0.36291339000000006        0.0000000000000000        0.0000000000000000        0.0000000000000000     
   10.000000000000000       0.66077655000000002      -0.33922345000000004        0.0000000000000000        0.0000000000000000        0.0000000000000000     
   11.000000000000000       0.68066450999999994      -0.31933549000000000        0.0000000000000000        0.0000000000000000        0.0000000000000000     
   12.000000000000000       0.69760430000000007      -0.30239569999999999        0.0000000000000000        0.0000000000000000        0.0000000000000000     
   13.000000000000000       0.71219625000000009      -0.28780375000000002        0.0000000000000000        0.0000000000000000        0.0000000000000000     
   14.000000000000000       0.72494384000000012      -0.27505615999999999        0.0000000000000000        0.0000000000000000        0.0000000000000000     
   15.000000000000000       0.73617391999999993      -0.26382608000000002        0.0000000000000000        0.0000000000000000        0.0000000000000000     
   16.000000000000000       0.74614670999999999      -0.25385329000000006        0.0000000000000000        0.0000000000000000        0.0000000000000000     
   17.000000000000000       0.75507232000000002      -0.24492768000000001        0.0000000000000000        0.0000000000000000        0.0000000000000000     
   18.000000000000000       0.76312412000000007      -0.23687588000000001        0.0000000000000000        0.0000000000000000        0.0000000000000000     
   19.000000000000000       0.77043547999999995      -0.22956451999999999        0.0000000000000000        0.0000000000000000        0.0000000000000000     
   20.000000000000000       0.77710325000000002      -0.22289675000000000        0.0000000000000000        0.0000000000000000        0.0000000000000000     
   21.000000000000000       0.78322732000000006      -0.21677268000000002        0.0000000000000000        0.0000000000000000        0.0000000000000000     
   22.000000000000000       0.78887780000000007      -0.21112219999999998        0.0000000000000000        0.0000000000000000        0.0000000000000000     
   23.000000000000000       0.79411143000000006      -0.20588856999999999        0.0000000000000000        0.0000000000000000        0.0000000000000000     
   24.000000000000000       0.79898146999999997      -0.20101853000000003        0.0000000000000000        0.0000000000000000        0.0000000000000000     
   25.000000000000000       0.80353129000000012      -0.19646870999999999        0.0000000000000000        0.0000000000000000        0.0000000000000000     
   26.000000000000000       0.80779763000000004      -0.19220237000000001        0.0000000000000000        0.0000000000000000        0.0000000000000000     
   27.000000000000000       0.81180711999999999      -0.18819288000000001        0.0000000000000000        0.0000000000000000        0.0000000000000000     
   28.000000000000000       0.81559976000000001      -0.18440024000000002        0.0000000000000000        0.0000000000000000        0.0000000000000000     
   29.000000000000000       0.81917892000000003      -0.18081939500000002        0.0000000000000000        0.0000000000000000        0.0000000000000000     
   30.000000000000000       0.82258460000000011      -0.17741573700000002        0.0000000000000000        0.0000000000000000        0.0000000000000000     
   31.000000000000000       0.82582343000000002      -0.17417657000000000        0.0000000000000000        0.0000000000000000        0.0000000000000000     
   32.000000000000000       0.82890878000000012      -0.17108953500000001        0.0000000000000000        0.0000000000000000        0.0000000000000000     
   33.000000000000000       0.83186402000000004      -0.16813699100000001        0.0000000000000000        0.0000000000000000        0.0000000000000000     
   34.000000000000000       0.83468578000000004      -0.16531489400000002        0.0000000000000000        0.0000000000000000        0.0000000000000000     
   35.000000000000000       0.83740069000000017      -0.16259964700000001        0.0000000000000000        0.0000000000000000        0.0000000000000000     
   36.000000000000000       0.84000549000000002      -0.15999451000000001        0.0000000000000000        0.0000000000000000        0.0000000000000000     
   37.000000000000000       0.84252344000000012      -0.15747723400000002        0.0000000000000000        0.0000000000000000        0.0000000000000000     
   38.000000000000000       0.84494128000000013      -0.15505804600000000        0.0000000000000000        0.0000000000000000        0.0000000000000000     
   39.000000000000000       0.84728563999999995      -0.15271537099999999        0.0000000000000000        0.0000000000000000        0.0000000000000000     
   40.000000000000000       0.84954652000000008      -0.15045348000000000        0.0000000000000000        0.0000000000000000        0.0000000000000000     
   41.000000000000000       0.85174392000000010      -0.14825709100000004        0.0000000000000000        0.0000000000000000        0.0000000000000000     
   42.000000000000000       0.85386783999999993      -0.14613182299999999        0.0000000000000000        0.0000000000000000        0.0000000000000000     
   43.000000000000000       0.85593165000000004      -0.14406936100000001        0.0000000000000000        0.0000000000000000        0.0000000000000000     
   44.000000000000000       0.85793860999999993      -0.14206139000000001        0.0000000000000000        0.0000000000000000        0.0000000000000000     
   45.000000000000000       0.85988546000000010      -0.14011352900000001        0.0000000000000000        0.0000000000000000        0.0000000000000000     
   46.000000000000000       0.86178883000000006      -0.13821150700000001        0.0000000000000000        0.0000000000000000        0.0000000000000000     
   47.000000000000000       0.86363872000000019      -0.13636060600000000        0.0000000000000000        0.0000000000000000        0.0000000000000000     
   48.000000000000000       0.86544513000000012      -0.13455352200000001        0.0000000000000000        0.0000000000000000        0.0000000000000000     
   49.000000000000000       0.86721143000000001      -0.13278890700000001        0.0000000000000000        0.0000000000000000        0.0000000000000000     
   50.000000000000000       0.86893425000000002      -0.13106608700000003        0.0000000000000000        0.0000000000000000        0.0000000000000000     
   51.000000000000000       0.87061696000000000      -0.12938438800000002        0.0000000000000000        0.0000000000000000        0.0000000000000000     
   52.000000000000000       0.87226281999999999      -0.12773616900000001        0.0000000000000000        0.0000000000000000        0.0000000000000000     
   53.000000000000000       0.87387857000000013      -0.12612075600000000        0.0000000000000000        0.0000000000000000        0.0000000000000000     
   54.000000000000000       0.87545421000000001      -0.12454410500000002        0.0000000000000000        0.0000000000000000        0.0000000000000000     
   55.000000000000000       0.87700637000000004      -0.12299261900000001        0.0000000000000000        0.0000000000000000        0.0000000000000000     
   56.000000000000000       0.87852178999999997      -0.12147821000000000        0.0000000000000000        0.0000000000000000        0.0000000000000000     
   57.000000000000000       0.88001373000000005      -0.11998761800000002        0.0000000000000000        0.0000000000000000        0.0000000000000000     
   58.000000000000000       0.88147218999999999      -0.11852646200000001        0.0000000000000000        0.0000000000000000        0.0000000000000000     
   59.000000000000007       0.88291391000000008      -0.11708743800000000        0.0000000000000000        0.0000000000000000        0.0000000000000000     
   60.000000000000000       0.88432215000000003      -0.11567717599999999        0.0000000000000000        0.0000000000000000        0.0000000000000000     
   61.000000000000007       0.88570702000000012      -0.11429466500000000        0.0000000000000000        0.0000000000000000        0.0000000000000000     
   62.000000000000000       0.88707504000000004      -0.11292630800000000        0.0000000000000000        0.0000000000000000        0.0000000000000000     
   63.000000000000007       0.88841632000000004      -0.11158469100000000        0.0000000000000000        0.0000000000000000        0.0000000000000000     
   64.000000000000000       0.88973086000000001      -0.11026914000000000        0.0000000000000000        0.0000000000000000        0.0000000000000000     
   65.000000000000000       0.89103192000000009      -0.10896639500000001        0.0000000000000000        0.0000000000000000        0.0000000000000000     
   66.000000000000000       0.89231623999999998      -0.10768241200000001        0.0000000000000000        0.0000000000000000        0.0000000000000000     
   67.000000000000000       0.89357719000000002      -0.10642314700000000        0.0000000000000000        0.0000000000000000        0.0000000000000000     
   68.000000000000000       0.89481803000000004      -0.10518197000000000        0.0000000000000000        0.0000000000000000        0.0000000000000000     
   69.000000000000000       0.89604876000000000      -0.10395124000000000        0.0000000000000000        0.0000000000000000        0.0000000000000000     
   70.000000000000000       0.89725611999999999      -0.10274421700000001        0.0000000000000000        0.0000000000000000        0.0000000000000000     
   71.000000000000000       0.89844674000000002      -0.10155393400000000        0.0000000000000000        0.0000000000000000        0.0000000000000000     
   72.000000000000000       0.89962724999999999      -0.10037275000000000        0.0000000000000000        0.0000000000000000        0.0000000000000000     
   73.000000000000000       0.90079102000000000       -9.9207632000000004E-002   0.0000000000000000        0.0000000000000000        0.0000000000000000     
   74.000000000000000       0.90193479000000010       -9.8064199000000005E-002   0.0000000000000000        0.0000000000000000        0.0000000000000000     
   75.000000000000000       0.90307182000000008       -9.6929190999999998E-002   0.0000000000000000        0.0000000000000000        0.0000000000000000     
   76.000000000000000       0.90419211000000010       -9.5808901000000002E-002   0.0000000000000000        0.0000000000000000        0.0000000000000000     
   77.000000000000000       0.90529566000000017       -9.4702992000000014E-002   0.0000000000000000        0.0000000000000000        0.0000000000000000     
   78.000000000000000       0.90639584000000006       -9.3604496999999995E-002   0.0000000000000000        0.0000000000000000        0.0000000000000000     
   79.000000000000000       0.90747265000000010       -9.2526338999999999E-002   0.0000000000000000        0.0000000000000000        0.0000000000000000     
   80.000000000000000       0.90854609000000008       -9.1454584000000005E-002   0.0000000000000000        0.0000000000000000        0.0000000000000000     
   81.000000000000000       0.90960279000000011       -9.0396199000000010E-002   0.0000000000000000        0.0000000000000000        0.0000000000000000     
   82.000000000000000       0.91064948999999995       -8.9350509999999994E-002   0.0000000000000000        0.0000000000000000        0.0000000000000000     
   83.000000000000000       0.91168282000000000       -8.8317180000000009E-002   0.0000000000000000        0.0000000000000000        0.0000000000000000     
   84.000000000000000       0.91270278000000005       -8.7296209000000000E-002   0.0000000000000000        0.0000000000000000        0.0000000000000000     
   85.000000000000000       0.91371937000000014       -8.6280630000000011E-002   0.0000000000000000        0.0000000000000000        0.0000000000000000     
   86.000000000000000       0.91472259000000000       -8.5276736000000006E-002   0.0000000000000000        0.0000000000000000        0.0000000000000000     
   87.000000000000000       0.91571581000000002       -8.4284526999999998E-002   0.0000000000000000        0.0000000000000000        0.0000000000000000     
   88.000000000000000       0.91669566000000002       -8.3303329000000009E-002   0.0000000000000000        0.0000000000000000        0.0000000000000000     
   89.000000000000000       0.91766551000000018       -8.2333479000000001E-002   0.0000000000000000        0.0000000000000000        0.0000000000000000     
   90.000000000000000       0.91863199000000006       -8.1368010000000005E-002   0.0000000000000000        0.0000000000000000        0.0000000000000000     
   91.000000000000000       0.91958846999999999       -8.0412878000000007E-002   0.0000000000000000        0.0000000000000000        0.0000000000000000     
   92.000000000000000       0.92053158000000002       -7.9468419999999998E-002   0.0000000000000000        0.0000000000000000        0.0000000000000000     
   93.000000000000000       0.92146469000000009       -7.8534299000000002E-002   0.0000000000000000        0.0000000000000000        0.0000000000000000     
   94.000000000000000       0.92238780000000009       -7.7610515000000005E-002   0.0000000000000000        0.0000000000000000        0.0000000000000000     
   95.000000000000000       0.92331091000000010       -7.6690100999999997E-002   0.0000000000000000        0.0000000000000000        0.0000000000000000     
   96.000000000000000       0.92421401999999997       -7.5785980000000017E-002   0.0000000000000000        0.0000000000000000        0.0000000000000000     
   97.000000000000000       0.92511376000000012       -7.4885228999999998E-002   0.0000000000000000        0.0000000000000000        0.0000000000000000     
   98.000000000000000       0.92600686999999993       -7.3993803999999996E-002   0.0000000000000000        0.0000000000000000        0.0000000000000000     
   99.000000000000000       0.92688661000000017       -7.3111704999999999E-002   0.0000000000000000        0.0000000000000000        0.0000000000000000     
   100.00000000000000       0.92775971999999995       -7.2239269000000009E-002   0.0000000000000000        0.0000000000000000        0.0000000000000000     
   101.00000000000000       0.92862946000000002       -7.1369293099999995E-002   0.0000000000000000        0.0000000000000000        0.0000000000000000     
   102.00000000000000       0.92948594000000018       -7.0515003600000001E-002   0.0000000000000000        0.0000000000000000        0.0000000000000000     
   103.00000000000000       0.93033568000000000       -6.9663106799999999E-002   0.0000000000000000        0.0000000000000000        0.0000000000000000     
   104.00000000000000       0.93117216000000003       -6.8825368200000001E-002   0.0000000000000000        0.0000000000000000        0.0000000000000000     
   105.00000000000001       0.93200864000000005       -6.7993135100000004E-002   0.0000000000000000        0.0000000000000000        0.0000000000000000     
   106.00000000000000       0.93283175000000007       -6.7168227999999996E-002   0.0000000000000000        0.0000000000000000        0.0000000000000000     
   107.00000000000000       0.93365160000000014       -6.6351972900000000E-002   0.0000000000000000        0.0000000000000000        0.0000000000000000     
   108.00000000000000       0.93445807999999997       -6.5542875299999998E-002   0.0000000000000000        0.0000000000000000        0.0000000000000000     
   109.00000000000001       0.93525793000000002       -6.4742227500000013E-002   0.0000000000000000        0.0000000000000000        0.0000000000000000     
   110.00000000000000       0.93605115000000005       -6.3949299099999996E-002   0.0000000000000000        0.0000000000000000        0.0000000000000000     
   111.00000000000000       0.93683437000000014       -6.3164685700000001E-002   0.0000000000000000        0.0000000000000000        0.0000000000000000     
   112.00000000000000       0.93761422000000005       -6.2387623199999999E-002   0.0000000000000000        0.0000000000000000        0.0000000000000000     
   113.00000000000000       0.93838081000000007       -6.1618077900000005E-002   0.0000000000000000        0.0000000000000000        0.0000000000000000     
   114.00000000000000       0.93914077000000007       -6.0856611700000007E-002   0.0000000000000000        0.0000000000000000        0.0000000000000000     
   115.00000000000000       0.93989736000000013       -6.0102527900000001E-002   0.0000000000000000        0.0000000000000000        0.0000000000000000     
   116.00000000000000       0.94064068999999995       -5.9356455799999999E-002   0.0000000000000000        0.0000000000000000        0.0000000000000000     
   117.00000000000000       0.94138401999999999       -5.8618328000000004E-002   0.0000000000000000        0.0000000000000000        0.0000000000000000     
   118.00000000000001       0.94211735000000019       -5.7887414099999999E-002   0.0000000000000000        0.0000000000000000        0.0000000000000000     
   119.00000000000000       0.94283405000000009       -5.7164309699999999E-002   0.0000000000000000        0.0000000000000000        0.0000000000000000     
   120.00000000000000       0.94355412000000005       -5.6448385500000010E-002   0.0000000000000000        0.0000000000000000        0.0000000000000000     
   121.00000000000000       0.94425756000000005       -5.5740866400000005E-002   0.0000000000000000        0.0000000000000000        0.0000000000000000     
   122.00000000000001       0.94495762999999999       -5.5040359000000004E-002   0.0000000000000000        0.0000000000000000        0.0000000000000000     
   123.00000000000000       0.94565444000000010       -5.4347560000000003E-002   0.0000000000000000        0.0000000000000000        0.0000000000000000     
   124.00000000000000       0.94634125000000002       -5.3661705300000008E-002   0.0000000000000000        0.0000000000000000        0.0000000000000000     
   125.00000000000000       0.94701480000000005       -5.2984120900000001E-002   0.0000000000000000        0.0000000000000000        0.0000000000000000     
   126.00000000000001       0.94768498000000001       -5.2313447100000000E-002   0.0000000000000000        0.0000000000000000        0.0000000000000000     
   127.00000000000000       0.94835190000000003       -5.1650279500000007E-002   0.0000000000000000        0.0000000000000000        0.0000000000000000     
   128.00000000000000       0.94900881999999998       -5.0994618100000000E-002   0.0000000000000000        0.0000000000000000        0.0000000000000000     
   129.00000000000000       0.94965574000000008       -5.0346462900000007E-002   0.0000000000000000        0.0000000000000000        0.0000000000000000     
   130.00000000000000       0.95029277000000012       -4.9705712800000003E-002   0.0000000000000000        0.0000000000000000        0.0000000000000000     
   131.00000000000000       0.95092642999999999       -4.9071704800000004E-002   0.0000000000000000        0.0000000000000000        0.0000000000000000     
   132.00000000000000       0.95155346000000007       -4.8445764900000000E-002   0.0000000000000000        0.0000000000000000        0.0000000000000000     
   133.00000000000000       0.95217386000000004       -4.7826499699999997E-002   0.0000000000000000        0.0000000000000000        0.0000000000000000     
   134.00000000000000       0.95278763000000000       -4.7214605900000005E-002   0.0000000000000000        0.0000000000000000        0.0000000000000000     
   135.00000000000000       0.95339140000000011       -4.6610016099999999E-002   0.0000000000000000        0.0000000000000000        0.0000000000000000     
   136.00000000000000       0.95398854000000000       -4.6012730299999999E-002   0.0000000000000000        0.0000000000000000        0.0000000000000000     
   137.00000000000000       0.95457905000000010       -4.5422681100000008E-002   0.0000000000000000        0.0000000000000000        0.0000000000000000     
   138.00000000000000       0.95515630000000007       -4.4839239199999999E-002   0.0000000000000000        0.0000000000000000        0.0000000000000000     
   139.00000000000000       0.95573354999999993       -4.4263067600000004E-002   0.0000000000000000        0.0000000000000000        0.0000000000000000     
   140.00000000000000       0.95630417000000012       -4.3694065200000000E-002   0.0000000000000000        0.0000000000000000        0.0000000000000000     
   141.00000000000000       0.95687142000000014       -4.3132265700000005E-002   0.0000000000000000        0.0000000000000000        0.0000000000000000     
   142.00000000000000       0.95742541000000003       -4.2577006100000002E-002   0.0000000000000000        0.0000000000000000        0.0000000000000000     
   143.00000000000000       0.95797277000000003       -4.2028881999999997E-002   0.0000000000000000        0.0000000000000000        0.0000000000000000     
   144.00000000000000       0.95851350000000013       -4.1487230400000005E-002   0.0000000000000000        0.0000000000000000        0.0000000000000000     
   145.00000000000000       0.95904760000000000       -4.0952748000000004E-002   0.0000000000000000        0.0000000000000000        0.0000000000000000     
   146.00000000000000       0.95957170000000003       -4.0425367400000002E-002   0.0000000000000000        0.0000000000000000        0.0000000000000000     
   147.00000000000000       0.96009917000000011       -3.9904425600000001E-002   0.0000000000000000        0.0000000000000000        0.0000000000000000     
   148.00000000000000       0.96061001000000001       -3.9389888900000010E-002   0.0000000000000000        0.0000000000000000        0.0000000000000000     
   149.00000000000000       0.96111422000000002       -3.8882453999999997E-002   0.0000000000000000        0.0000000000000000        0.0000000000000000     
   150.00000000000000       0.96161843000000014       -3.8381424200000007E-002   0.0000000000000000        0.0000000000000000        0.0000000000000000     
   151.00000000000000       0.96210938000000013       -3.7887428800000005E-002   0.0000000000000000        0.0000000000000000        0.0000000000000000     
   152.00000000000000       0.96260033000000012       -3.7399141800000001E-002   0.0000000000000000        0.0000000000000000        0.0000000000000000     
   153.00000000000000       0.96308465000000010       -3.6917922900000004E-002   0.0000000000000000        0.0000000000000000        0.0000000000000000     
   154.00000000000000       0.96355897000000013       -3.6443007999999999E-002   0.0000000000000000        0.0000000000000000        0.0000000000000000     
   155.00000000000000       0.96403002999999998       -3.5974464499999997E-002   0.0000000000000000        0.0000000000000000        0.0000000000000000     
   156.00000000000000       0.96449109000000000       -3.5512258700000000E-002   0.0000000000000000        0.0000000000000000        0.0000000000000000     
   157.00000000000000       0.96494552000000011       -3.5056356900000002E-002   0.0000000000000000        0.0000000000000000        0.0000000000000000     
   158.00000000000000       0.96539332000000000       -3.4606129800000003E-002   0.0000000000000000        0.0000000000000000        0.0000000000000000     
   159.00000000000000       0.96583448999999999       -3.4162836000000002E-002   0.0000000000000000        0.0000000000000000        0.0000000000000000     
   160.00000000000000       0.96627565999999998       -3.3725216900000007E-002   0.0000000000000000        0.0000000000000000        0.0000000000000000     
   161.00000000000000       0.96670357000000007       -3.3293834400000000E-002   0.0000000000000000        0.0000000000000000        0.0000000000000000     
   162.00000000000000       0.96713148000000015       -3.2868126600000006E-002   0.0000000000000000        0.0000000000000000        0.0000000000000000     
   163.00000000000000       0.96755276000000001       -3.2448655400000005E-002   0.0000000000000000        0.0000000000000000        0.0000000000000000     
   164.00000000000000       0.96796404000000003       -3.2034791500000000E-002   0.0000000000000000        0.0000000000000000        0.0000000000000000     
   165.00000000000000       0.96837206000000009       -3.1627164200000002E-002   0.0000000000000000        0.0000000000000000        0.0000000000000000     
   166.00000000000000       0.96877670999999999       -3.1225144200000006E-002   0.0000000000000000        0.0000000000000000        0.0000000000000000     
   167.00000000000000       0.96916810000000009       -3.0828697800000002E-002   0.0000000000000000        0.0000000000000000        0.0000000000000000     
   168.00000000000000       0.96956286000000014       -3.0437825000000005E-002   0.0000000000000000        0.0000000000000000        0.0000000000000000     
   169.00000000000000       0.96994762000000001       -3.0052525800000000E-002   0.0000000000000000        0.0000000000000000        0.0000000000000000     
   170.00000000000000       0.97032574999999999       -2.9672766500000003E-002   0.0000000000000000        0.0000000000000000        0.0000000000000000     
   171.00000000000000       0.97070388000000007       -2.9299243799999999E-002   0.0000000000000000        0.0000000000000000        0.0000000000000000     
   172.00000000000000       0.97106875000000004       -2.8929934999999997E-002   0.0000000000000000        0.0000000000000000        0.0000000000000000     
   173.00000000000000       0.97143362000000000       -2.8566829100000003E-002   0.0000000000000000        0.0000000000000000        0.0000000000000000     
   174.00000000000000       0.97178849000000000       -2.8208566400000003E-002   0.0000000000000000        0.0000000000000000        0.0000000000000000     
   175.00000000000000       0.97214010000000006       -2.7855877300000005E-002   0.0000000000000000        0.0000000000000000        0.0000000000000000     
   176.00000000000000       0.97249171000000012       -2.7508031400000004E-002   0.0000000000000000        0.0000000000000000        0.0000000000000000     
   177.00000000000000       0.97283332000000011       -2.7165691700000001E-002   0.0000000000000000        0.0000000000000000        0.0000000000000000     
   178.00000000000000       0.97317167000000016       -2.6828228900000001E-002   0.0000000000000000        0.0000000000000000        0.0000000000000000     
   179.00000000000000       0.97350339000000008       -2.6495575600000001E-002   0.0000000000000000        0.0000000000000000        0.0000000000000000     
   180.00000000000000       0.97383174000000006       -2.6167799200000001E-002   0.0000000000000000        0.0000000000000000        0.0000000000000000     
   181.00000000000000       0.97415346000000003       -2.5844866000000001E-002   0.0000000000000000        0.0000000000000000        0.0000000000000000     
   182.00000000000000       0.97447192000000005       -2.5527405300000004E-002   0.0000000000000000        0.0000000000000000        0.0000000000000000     
   183.00000000000000       0.97478701000000001       -2.5214091100000006E-002   0.0000000000000000        0.0000000000000000        0.0000000000000000     
   184.00000000000000       0.97509547000000008       -2.4905620100000001E-002   0.0000000000000000        0.0000000000000000        0.0000000000000000     
   185.00000000000000       0.97539730000000002       -2.4601329299999999E-002   0.0000000000000000        0.0000000000000000        0.0000000000000000     
   186.00000000000000       0.97569913000000008       -2.4302511000000002E-002   0.0000000000000000        0.0000000000000000        0.0000000000000000     
   187.00000000000000       0.97599433000000002       -2.4007142500000002E-002   0.0000000000000000        0.0000000000000000        0.0000000000000000     
   188.00000000000000       0.97628289999999995       -2.3717280200000003E-002   0.0000000000000000        0.0000000000000000        0.0000000000000000     
   189.00000000000000       0.97656484000000021       -2.3430867700000003E-002   0.0000000000000000        0.0000000000000000        0.0000000000000000     
   190.00000000000000       0.97685341000000014       -2.3149298400000001E-002   0.0000000000000000        0.0000000000000000        0.0000000000000000     
   191.00000000000000       0.97712872000000006       -2.2871841899999999E-002   0.0000000000000000        0.0000000000000000        0.0000000000000000     
   192.00000000000000       0.97740402999999998       -2.2598498199999997E-002   0.0000000000000000        0.0000000000000000        0.0000000000000000     
   193.00000000000000       0.97767271000000000       -2.2329301000000003E-002   0.0000000000000000        0.0000000000000000        0.0000000000000000     
   194.00000000000000       0.97793138999999996       -2.2064216600000002E-002   0.0000000000000000        0.0000000000000000        0.0000000000000000     
   195.00000000000000       0.97819344000000008       -2.1803278699999998E-002   0.0000000000000000        0.0000000000000000        0.0000000000000000     
   196.00000000000000       0.97845548999999998       -2.1546453600000001E-002   0.0000000000000000        0.0000000000000000        0.0000000000000000     
   197.00000000000003       0.97870754000000004       -2.1293044600000002E-002   0.0000000000000000        0.0000000000000000        0.0000000000000000     
   198.00000000000000       0.97895633000000004       -2.1043782100000002E-002   0.0000000000000000        0.0000000000000000        0.0000000000000000     
   199.00000000000000       0.97920175000000009       -2.0798632400000003E-002   0.0000000000000000        0.0000000000000000        0.0000000000000000     
   200.00000000000000       0.97944391000000008       -2.0556898800000001E-002   0.0000000000000000        0.0000000000000000        0.0000000000000000     
   201.00000000000000       0.97968270000000013       -2.0318648700000001E-002   0.0000000000000000        0.0000000000000000        0.0000000000000000     
   202.00000000000000       0.97991823000000011       -2.0083814700000001E-002   0.0000000000000000        0.0000000000000000        0.0000000000000000     
   203.00000000000000       0.98014376000000003       -1.9853059800000000E-002   0.0000000000000000        0.0000000000000000        0.0000000000000000     
   204.00000000000000       0.98037592000000007       -1.9625788400000004E-002   0.0000000000000000        0.0000000000000000        0.0000000000000000     
   205.00000000000003       0.98059819000000004       -1.9401899400000002E-002   0.0000000000000000        0.0000000000000000        0.0000000000000000     
   206.00000000000000       0.98081709000000006       -1.9181460200000000E-002   0.0000000000000000        0.0000000000000000        0.0000000000000000     
   207.00000000000000       0.98103599000000008       -1.8964470799999997E-002   0.0000000000000000        0.0000000000000000        0.0000000000000000     
   208.00000000000000       0.98124825999999998       -1.8750863800000003E-002   0.0000000000000000        0.0000000000000000        0.0000000000000000     
   209.00000000000000       0.98146053000000011       -1.8540043600000000E-002   0.0000000000000000        0.0000000000000000        0.0000000000000000     
   210.00000000000003       0.98166953999999995       -1.8332639500000004E-002   0.0000000000000000        0.0000000000000000        0.0000000000000000     
   211.00000000000000       0.98187518000000007       -1.8128651500000002E-002   0.0000000000000000        0.0000000000000000        0.0000000000000000     
   212.00000000000000       0.98207419000000007       -1.7927416600000003E-002   0.0000000000000000        0.0000000000000000        0.0000000000000000     
   213.00000000000000       0.98227320000000007       -1.7728934799999999E-002   0.0000000000000000        0.0000000000000000        0.0000000000000000     
   214.00000000000000       0.98246558000000017       -1.7533869100000002E-002   0.0000000000000000        0.0000000000000000        0.0000000000000000     
   215.00000000000000       0.98265796000000005       -1.7342219500000002E-002   0.0000000000000000        0.0000000000000000        0.0000000000000000     
   216.00000000000000       0.98285034000000004       -1.7152660000000004E-002   0.0000000000000000        0.0000000000000000        0.0000000000000000     
   217.00000000000000       0.98303609000000003       -1.6966482900000000E-002   0.0000000000000000        0.0000000000000000        0.0000000000000000     
   218.00000000000003       0.98322184000000001       -1.6783058900000002E-002   0.0000000000000000        0.0000000000000000        0.0000000000000000     
   219.00000000000000       0.98339759000000004       -1.6601724999999998E-002   0.0000000000000000        0.0000000000000000        0.0000000000000000     
   220.00000000000000       0.98357671000000013       -1.6423773500000002E-002   0.0000000000000000        0.0000000000000000        0.0000000000000000     
   221.00000000000000       0.98374920000000010       -1.6248575099999999E-002   0.0000000000000000        0.0000000000000000        0.0000000000000000     
   222.00000000000000       0.98392169000000007       -1.6075433100000001E-002   0.0000000000000000        0.0000000000000000        0.0000000000000000     
   223.00000000000003       0.98409418000000004       -1.5905707200000001E-002   0.0000000000000000        0.0000000000000000        0.0000000000000000     
   224.00000000000000       0.98426330000000006       -1.5738037699999999E-002   0.0000000000000000        0.0000000000000000        0.0000000000000000     
   225.00000000000000       0.98442916000000003       -1.5572458300000001E-002   0.0000000000000000        0.0000000000000000        0.0000000000000000     
   226.00000000000000       0.98458839000000009       -1.5410261300000002E-002   0.0000000000000000        0.0000000000000000        0.0000000000000000     
   227.00000000000000       0.98475088000000000       -1.5249457700000000E-002   0.0000000000000000        0.0000000000000000        0.0000000000000000     
   228.00000000000000       0.98491011000000006       -1.5092036499999999E-002   0.0000000000000000        0.0000000000000000        0.0000000000000000     
   229.00000000000000       0.98506271000000001       -1.4936042400000002E-002   0.0000000000000000        0.0000000000000000        0.0000000000000000     
   230.00000000000000       0.98521857000000002       -1.4782734000000000E-002   0.0000000000000000        0.0000000000000000        0.0000000000000000     
   231.00000000000003       0.98537117000000007       -1.4631515700000000E-002   0.0000000000000000        0.0000000000000000        0.0000000000000000     
   232.00000000000000       0.98551714000000001       -1.4483016800000002E-002   0.0000000000000000        0.0000000000000000        0.0000000000000000     
   233.00000000000000       0.98566637000000012       -1.4335911300000000E-002   0.0000000000000000        0.0000000000000000        0.0000000000000000     
   234.00000000000000       0.98581234000000006       -1.4191525200000001E-002   0.0000000000000000        0.0000000000000000        0.0000000000000000     
   235.00000000000000       0.98594831000000016       -1.4049195500000002E-002   0.0000000000000000        0.0000000000000000        0.0000000000000000     
   236.00000000000003       0.98609428000000010       -1.3908922200000000E-002   0.0000000000000000        0.0000000000000000        0.0000000000000000     
   237.00000000000000       0.98623025000000009       -1.3770705300000000E-002   0.0000000000000000        0.0000000000000000        0.0000000000000000     
   238.00000000000000       0.98636959000000002       -1.3633881800000001E-002   0.0000000000000000        0.0000000000000000        0.0000000000000000     
   239.00000000000003       0.98649893000000000       -1.3499744000000001E-002   0.0000000000000000        0.0000000000000000        0.0000000000000000     
   240.00000000000000       0.98662826999999997       -1.3367033300000001E-002   0.0000000000000000        0.0000000000000000        0.0000000000000000     
   241.00000000000000       0.98676098000000012       -1.3237008300000000E-002   0.0000000000000000        0.0000000000000000        0.0000000000000000     
   242.00000000000000       0.98689032000000010       -1.3108376700000000E-002   0.0000000000000000        0.0000000000000000        0.0000000000000000     
   243.00000000000000       0.98702303000000002       -1.2981138499999999E-002   0.0000000000000000        0.0000000000000000        0.0000000000000000     
   244.00000000000003       0.98714574000000010       -1.2855923000000002E-002   0.0000000000000000        0.0000000000000000        0.0000000000000000     
   245.00000000000000       0.98726845000000008       -1.2732763899999999E-002   0.0000000000000000        0.0000000000000000        0.0000000000000000     
   246.00000000000000       0.98738789999999999       -1.2610998200000001E-002   0.0000000000000000        0.0000000000000000        0.0000000000000000     
   247.00000000000000       0.98751061000000018       -1.2491255200000001E-002   0.0000000000000000        0.0000000000000000        0.0000000000000000     
   248.00000000000000       0.98762669000000003       -1.2372905599999999E-002   0.0000000000000000        0.0000000000000000        0.0000000000000000     
   249.00000000000003       0.98774277000000010       -1.2256578700000001E-002   0.0000000000000000        0.0000000000000000        0.0000000000000000     
   250.00000000000000       0.98786222000000001       -1.2141645200000002E-002   0.0000000000000000        0.0000000000000000        0.0000000000000000     
   251.00000000000000       0.98797167000000008       -1.2028105100000002E-002   0.0000000000000000        0.0000000000000000        0.0000000000000000     
   252.00000000000003       0.98808112000000015       -1.1916587700000000E-002   0.0000000000000000        0.0000000000000000        0.0000000000000000     
   253.00000000000000       0.98819057000000010       -1.1805767000000002E-002   0.0000000000000000        0.0000000000000000        0.0000000000000000     
   254.00000000000000       0.98830002000000006       -1.1697002700000000E-002   0.0000000000000000        0.0000000000000000        0.0000000000000000     
   255.00000000000000       0.98841283999999996       -1.1590261100000001E-002   0.0000000000000000        0.0000000000000000        0.0000000000000000     
   256.00000000000000       0.98851566000000013       -1.1484249900000000E-002   0.0000000000000000        0.0000000000000000        0.0000000000000000     
   257.00000000000000       0.98861848000000008       -1.1379598400000000E-002   0.0000000000000000        0.0000000000000000        0.0000000000000000     
   258.00000000000000       0.98872130000000014       -1.1276969600000001E-002   0.0000000000000000        0.0000000000000000        0.0000000000000000     
   259.00000000000000       0.98882412000000008       -1.1175071200000003E-002   0.0000000000000000        0.0000000000000000        0.0000000000000000     
   260.00000000000000       0.98892694000000003       -1.1074532500000001E-002   0.0000000000000000        0.0000000000000000        0.0000000000000000     
   261.00000000000000       0.98902313000000008       -1.0976016500000000E-002   0.0000000000000000        0.0000000000000000        0.0000000000000000     
   262.00000000000000       0.98912269000000008       -1.0878230900000001E-002   0.0000000000000000        0.0000000000000000        0.0000000000000000     
   263.00000000000000       0.98921888000000013       -1.0781805000000002E-002   0.0000000000000000        0.0000000000000000        0.0000000000000000     
   264.00000000000000       0.98931507000000007       -1.0686738800000001E-002   0.0000000000000000        0.0000000000000000        0.0000000000000000     
   265.00000000000000       0.98941126000000001       -1.0593032299999999E-002   0.0000000000000000        0.0000000000000000        0.0000000000000000     
   266.00000000000000       0.98950082000000006       -1.0500056200000002E-002   0.0000000000000000        0.0000000000000000        0.0000000000000000     
   267.00000000000000       0.98959038000000010       -1.0409069100000000E-002   0.0000000000000000        0.0000000000000000        0.0000000000000000     
   268.00000000000000       0.98967994000000004       -1.0318812400000000E-002   0.0000000000000000        0.0000000000000000        0.0000000000000000     
   269.00000000000000       0.98976949999999997       -1.0229915400000001E-002   0.0000000000000000        0.0000000000000000        0.0000000000000000     
   270.00000000000000       0.98985906000000001       -1.0141715100000000E-002   0.0000000000000000        0.0000000000000000        0.0000000000000000     
   271.00000000000000       0.98994862000000006       -1.0054874500000000E-002   0.0000000000000000        0.0000000000000000        0.0000000000000000     
   272.00000000000000       0.99003155000000009       -9.9693936000000011E-003   0.0000000000000000        0.0000000000000000        0.0000000000000000     
   273.00000000000000       0.99011448000000013       -9.8846430999999998E-003   0.0000000000000000        0.0000000000000000        0.0000000000000000     
   274.00000000000000       0.99019741000000006       -9.8012186000000015E-003   0.0000000000000000        0.0000000000000000        0.0000000000000000     
   275.00000000000000       0.99028033999999998       -9.7185245000000007E-003   0.0000000000000000        0.0000000000000000        0.0000000000000000     
   276.00000000000000       0.99035990000000007       -9.6371564000000010E-003   0.0000000000000000        0.0000000000000000        0.0000000000000000     
   277.00000000000000       0.99044283000000011       -9.5565187000000024E-003   0.0000000000000000        0.0000000000000000        0.0000000000000000     
   278.00000000000000       0.99051913000000003       -9.4772070000000014E-003   0.0000000000000000        0.0000000000000000        0.0000000000000000     
   279.00000000000000       0.99060206000000006       -9.3985920000000008E-003   0.0000000000000000        0.0000000000000000        0.0000000000000000     
   280.00000000000000       0.99067835999999998       -9.3207073999999994E-003   0.0000000000000000        0.0000000000000000        0.0000000000000000     
   281.00000000000000       0.99075466000000012       -9.2441488000000009E-003   0.0000000000000000        0.0000000000000000        0.0000000000000000     
   282.00000000000000       0.99083096000000004       -9.1689836000000014E-003   0.0000000000000000        0.0000000000000000        0.0000000000000000     
   283.00000000000000       0.99090725999999996       -9.0938184000000002E-003   0.0000000000000000        0.0000000000000000        0.0000000000000000     
   284.00000000000000       0.99098355999999999       -9.0200129000000007E-003   0.0000000000000000        0.0000000000000000        0.0000000000000000     
   285.00000000000000       0.99104986000000006       -8.9469040999999999E-003   0.0000000000000000        0.0000000000000000        0.0000000000000000     
   286.00000000000000       0.99112616000000009       -8.8751549999999992E-003   0.0000000000000000        0.0000000000000000        0.0000000000000000     
   287.00000000000000       0.99119583000000000       -8.8041026000000005E-003   0.0000000000000000        0.0000000000000000        0.0000000000000000     
   288.00000000000000       0.99126550000000013       -8.7337132000000015E-003   0.0000000000000000        0.0000000000000000        0.0000000000000000     
   289.00000000000000       0.99133517000000004       -8.6640542000000018E-003   0.0000000000000000        0.0000000000000000        0.0000000000000000     
   290.00000000000000       0.99140147000000001       -8.5950582000000001E-003   0.0000000000000000        0.0000000000000000        0.0000000000000000     
   291.00000000000000       0.99147114000000003       -8.5274219000000002E-003   0.0000000000000000        0.0000000000000000        0.0000000000000000     
   292.00000000000000       0.99154081000000005       -8.4598529999999998E-003   0.0000000000000000        0.0000000000000000        0.0000000000000000     
   293.00000000000000       0.99160384999999995       -8.3935764000000000E-003   0.0000000000000000        0.0000000000000000        0.0000000000000000     
   294.00000000000000       0.99167352000000009       -8.3280302000000011E-003   0.0000000000000000        0.0000000000000000        0.0000000000000000     
   295.00000000000000       0.99173319000000004       -8.2631470000000002E-003   0.0000000000000000        0.0000000000000000        0.0000000000000000     
   296.00000000000000       0.99180285999999995       -8.1989604999999997E-003   0.0000000000000000        0.0000000000000000        0.0000000000000000     
   297.00000000000000       0.99186590000000008       -8.1354707000000012E-003   0.0000000000000000        0.0000000000000000        0.0000000000000000     
   298.00000000000000       0.99192893999999998       -8.0733405999999994E-003   0.0000000000000000        0.0000000000000000        0.0000000000000000     
   299.00000000000000       0.99198861000000016       -8.0112441999999999E-003   0.0000000000000000        0.0000000000000000        0.0000000000000000     
   300.00000000000000       0.99205165000000006       -7.9498108000000001E-003   0.0000000000000000        0.0000000000000000        0.0000000000000000     
   301.00000000000000       0.99211469000000019       -7.8890741000000007E-003   0.0000000000000000        0.0000000000000000        0.0000000000000000     
   302.00000000000000       0.99216773000000003       -7.8296634000000007E-003   0.0000000000000000        0.0000000000000000        0.0000000000000000     
   303.00000000000000       0.99223077000000004       -7.7702998800000004E-003   0.0000000000000000        0.0000000000000000        0.0000000000000000     
   304.00000000000000       0.99228718000000005       -7.7116195799999997E-003   0.0000000000000000        0.0000000000000000        0.0000000000000000     
   305.00000000000000       0.99234685000000000       -7.6536258700000016E-003   0.0000000000000000        0.0000000000000000        0.0000000000000000     
   306.00000000000000       0.99240326000000012       -7.5963153799999995E-003   0.0000000000000000        0.0000000000000000        0.0000000000000000     
   307.00000000000000       0.99245967000000002       -7.5396914800000001E-003   0.0000000000000000        0.0000000000000000        0.0000000000000000     
   308.00000000000000       0.99251270999999996       -7.4837541699999998E-003   0.0000000000000000        0.0000000000000000        0.0000000000000000     
   309.00000000000000       0.99256912000000008       -7.4285000800000008E-003   0.0000000000000000        0.0000000000000000        0.0000000000000000     
   310.00000000000000       0.99262553000000009       -7.3732695800000012E-003   0.0000000000000000        0.0000000000000000        0.0000000000000000     
   311.00000000000000       0.99267857000000004       -7.3187189299999999E-003   0.0000000000000000        0.0000000000000000        0.0000000000000000     
   312.00000000000000       0.99273498000000004       -7.2655178700000008E-003   0.0000000000000000        0.0000000000000000        0.0000000000000000     
   313.00000000000000       0.99279139000000005       -7.2123404000000004E-003   0.0000000000000000        0.0000000000000000        0.0000000000000000     
   314.00000000000000       0.99283780000000010       -7.1598427800000008E-003   0.0000000000000000        0.0000000000000000        0.0000000000000000     
   315.00000000000000       0.99289421000000000       -7.1073653800000011E-003   0.0000000000000000        0.0000000000000000        0.0000000000000000     
   316.00000000000000       0.99294399000000011       -7.0562375700000003E-003   0.0000000000000000        0.0000000000000000        0.0000000000000000     
   317.00000000000000       0.99299703000000006       -7.0051266100000006E-003   0.0000000000000000        0.0000000000000000        0.0000000000000000     
   318.00000000000000       0.99304681000000006       -6.9546988699999996E-003   0.0000000000000000        0.0000000000000000        0.0000000000000000     
   319.00000000000000       0.99309322000000000       -6.9050835800000005E-003   0.0000000000000000        0.0000000000000000        0.0000000000000000     
   320.00000000000000       0.99314300000000011       -6.8557537100000007E-003   0.0000000000000000        0.0000000000000000        0.0000000000000000     
   321.00000000000000       0.99319278000000000       -6.8069081600000006E-003   0.0000000000000000        0.0000000000000000        0.0000000000000000     
   322.00000000000000       0.99323918999999994       -6.7585435600000000E-003   0.0000000000000000        0.0000000000000000        0.0000000000000000     
   323.00000000000000       0.99328897000000005       -6.7107295800000006E-003   0.0000000000000000        0.0000000000000000        0.0000000000000000     
   324.00000000000000       0.99333538000000010       -6.6633302500000002E-003   0.0000000000000000        0.0000000000000000        0.0000000000000000     
   325.00000000000000       0.99338516000000010       -6.6164781700000005E-003   0.0000000000000000        0.0000000000000000        0.0000000000000000     
   326.00000000000000       0.99343157000000004       -6.5700441100000001E-003   0.0000000000000000        0.0000000000000000        0.0000000000000000     
   327.00000000000000       0.99347472000000003       -6.5241573000000006E-003   0.0000000000000000        0.0000000000000000        0.0000000000000000     
   328.00000000000000       0.99352113000000009       -6.4786817700000004E-003   0.0000000000000000        0.0000000000000000        0.0000000000000000     
   329.00000000000000       0.99356428000000019       -6.4336242599999996E-003   0.0000000000000000        0.0000000000000000        0.0000000000000000     
   330.00000000000000       0.99361406000000008       -6.3890477000000008E-003   0.0000000000000000        0.0000000000000000        0.0000000000000000     
   331.00000000000000       0.99365384000000012       -6.3448857900000009E-003   0.0000000000000000        0.0000000000000000        0.0000000000000000     
   332.00000000000000       0.99369699000000000       -6.3012014600000001E-003   0.0000000000000000        0.0000000000000000        0.0000000000000000     
   333.00000000000000       0.99374339999999994       -6.2579351500000003E-003   0.0000000000000000        0.0000000000000000        0.0000000000000000     
   334.00000000000000       0.99378655000000005       -6.2150801200000008E-003   0.0000000000000000        0.0000000000000000        0.0000000000000000     
   335.00000000000000       0.99382633000000009       -6.1726363700000007E-003   0.0000000000000000        0.0000000000000000        0.0000000000000000     
   336.00000000000000       0.99386948000000008       -6.1306769400000004E-003   0.0000000000000000        0.0000000000000000        0.0000000000000000     
   337.00000000000000       0.99390926000000013       -6.0890624900000008E-003   0.0000000000000000        0.0000000000000000        0.0000000000000000     
   338.00000000000000       0.99395241000000012       -6.0477930200000000E-003   0.0000000000000000        0.0000000000000000        0.0000000000000000     
   339.00000000000000       0.99399219000000005       -6.0070044999999996E-003   0.0000000000000000        0.0000000000000000        0.0000000000000000     
   340.00000000000000       0.99403533999999993       -5.9665609599999997E-003   0.0000000000000000        0.0000000000000000        0.0000000000000000     
   341.00000000000000       0.99407511999999998       -5.9265320700000006E-003   0.0000000000000000        0.0000000000000000        0.0000000000000000     
   342.00000000000000       0.99411164000000007       -5.8869144600000008E-003   0.0000000000000000        0.0000000000000000        0.0000000000000000     
   343.00000000000000       0.99415141999999990       -5.8475755300000003E-003   0.0000000000000000        0.0000000000000000        0.0000000000000000     
   344.00000000000000       0.99419457000000011       -5.8087141800000014E-003   0.0000000000000000        0.0000000000000000        0.0000000000000000     
   345.00000000000000       0.99422772000000004       -5.7701348799999996E-003   0.0000000000000000        0.0000000000000000        0.0000000000000000     
   346.00000000000000       0.99427087000000003       -5.7319668600000007E-003   0.0000000000000000        0.0000000000000000        0.0000000000000000     
   347.00000000000000       0.99430401999999996       -5.6941404500000002E-003   0.0000000000000000        0.0000000000000000        0.0000000000000000     
   348.00000000000000       0.99434380000000000       -5.6566623900000008E-003   0.0000000000000000        0.0000000000000000        0.0000000000000000     
   349.00000000000000       0.99438032000000010       -5.6195293100000003E-003   0.0000000000000000        0.0000000000000000        0.0000000000000000     
   350.00000000000000       0.99441347000000002       -5.5827378400000009E-003   0.0000000000000000        0.0000000000000000        0.0000000000000000     
   351.00000000000000       0.99445662000000001       -5.5462947199999999E-003   0.0000000000000000        0.0000000000000000        0.0000000000000000     
   352.00000000000000       0.99448977000000016       -5.5101932100000009E-003   0.0000000000000000        0.0000000000000000        0.0000000000000000     
   353.00000000000000       0.99452629000000004       -5.4743703799999995E-003   0.0000000000000000        0.0000000000000000        0.0000000000000000     
   354.00000000000000       0.99455944000000007       -5.4389588300000008E-003   0.0000000000000000        0.0000000000000000        0.0000000000000000     
   355.00000000000000       0.99459596000000006       -5.4038259600000006E-003   0.0000000000000000        0.0000000000000000        0.0000000000000000     
   356.00000000000000       0.99462910999999998       -5.3689684000000001E-003   0.0000000000000000        0.0000000000000000        0.0000000000000000     
   357.00000000000000       0.99466226000000013       -5.3344558200000003E-003   0.0000000000000000        0.0000000000000000        0.0000000000000000     
   358.00000000000000       0.99469878000000000       -5.3002848499999998E-003   0.0000000000000000        0.0000000000000000        0.0000000000000000     
   359.00000000000000       0.99473193000000004       -5.2663925600000003E-003   0.0000000000000000        0.0000000000000000        0.0000000000000000     
   360.00000000000000       0.99476845000000003       -5.2327755800000006E-003   0.0000000000000000        0.0000000000000000        0.0000000000000000     
   361.00000000000000       0.99480159999999995       -5.1995035799999997E-003   0.0000000000000000        0.0000000000000000        0.0000000000000000     
   362.00000000000000       0.99483475000000010       -5.1665068900000003E-003   0.0000000000000000        0.0000000000000000        0.0000000000000000     
   363.00000000000000       0.99486464000000008       -5.1337888800000002E-003   0.0000000000000000        0.0000000000000000        0.0000000000000000     
   364.00000000000000       0.99489779000000012       -5.1014124800000003E-003   0.0000000000000000        0.0000000000000000        0.0000000000000000     
   365.00000000000000       0.99493431000000010       -5.0692450900000005E-003   0.0000000000000000        0.0000000000000000        0.0000000000000000     
   366.00000000000000       0.99496083000000013       -5.0374226799999996E-003   0.0000000000000000        0.0000000000000000        0.0000000000000000     
   367.00000000000000       0.99499398000000006       -5.0058755800000002E-003   0.0000000000000000        0.0000000000000000        0.0000000000000000     
   368.00000000000000       0.99502387000000003       -4.9745374900000000E-003   0.0000000000000000        0.0000000000000000        0.0000000000000000     
   369.00000000000000       0.99505702000000007       -4.9435410100000000E-003   0.0000000000000000        0.0000000000000000        0.0000000000000000     
   370.00000000000000       0.99508691000000016       -4.9127535400000002E-003   0.0000000000000000        0.0000000000000000        0.0000000000000000     
   371.00000000000000       0.99512006000000008       -4.8822447500000005E-003   0.0000000000000000        0.0000000000000000        0.0000000000000000     
   372.00000000000000       0.99514658000000011       -4.8520079000000001E-003   0.0000000000000000        0.0000000000000000        0.0000000000000000     
   373.00000000000000       0.99517647000000009       -4.8220497300000007E-003   0.0000000000000000        0.0000000000000000        0.0000000000000000     
   374.00000000000000       0.99520962000000002       -4.7923634999999997E-003   0.0000000000000000        0.0000000000000000        0.0000000000000000     
   375.00000000000000       0.99523614000000005       -4.7628896500000002E-003   0.0000000000000000        0.0000000000000000        0.0000000000000000     
   376.00000000000000       0.99526603000000002       -4.7336877400000000E-003   0.0000000000000000        0.0000000000000000        0.0000000000000000     
   377.00000000000000       0.99529255000000005       -4.7046948400000007E-003   0.0000000000000000        0.0000000000000000        0.0000000000000000     
   378.00000000000000       0.99532244000000003       -4.6759772500000003E-003   0.0000000000000000        0.0000000000000000        0.0000000000000000     
   379.00000000000000       0.99535559000000007       -4.6474686700000000E-003   0.0000000000000000        0.0000000000000000        0.0000000000000000     
   380.00000000000000       0.99538210999999999       -4.6192354000000003E-003   0.0000000000000000        0.0000000000000000        0.0000000000000000     
   381.00000000000000       0.99541199999999996       -4.5912111400000007E-003   0.0000000000000000        0.0000000000000000        0.0000000000000000     
   382.00000000000000       0.99543851999999999       -4.5634588200000005E-003   0.0000000000000000        0.0000000000000000        0.0000000000000000     
   383.00000000000000       0.99546504000000002       -4.5359155100000003E-003   0.0000000000000000        0.0000000000000000        0.0000000000000000     
   384.00000000000000       0.99549493000000000       -4.5085812100000002E-003   0.0000000000000000        0.0000000000000000        0.0000000000000000     
   385.00000000000000       0.99552145000000003       -4.4815188500000004E-003   0.0000000000000000        0.0000000000000000        0.0000000000000000     
   386.00000000000000       0.99554133999999994       -4.4546655000000006E-003   0.0000000000000000        0.0000000000000000        0.0000000000000000     
   387.00000000000000       0.99557123000000014       -4.4279548600000005E-003   0.0000000000000000        0.0000000000000000        0.0000000000000000     
   388.00000000000000       0.99559775000000017       -4.4015824600000001E-003   0.0000000000000000        0.0000000000000000        0.0000000000000000     
   389.00000000000006       0.99562427000000020       -4.3753527700000003E-003   0.0000000000000000        0.0000000000000000        0.0000000000000000     
   390.00000000000000       0.99565415999999995       -4.3493287200000001E-003   0.0000000000000000        0.0000000000000000        0.0000000000000000     
   391.00000000000000       0.99567405000000009       -4.3235136800000001E-003   0.0000000000000000        0.0000000000000000        0.0000000000000000     
   392.00000000000000       0.99570056999999990       -4.2979739499999997E-003   0.0000000000000000        0.0000000000000000        0.0000000000000000     
   393.00000000000000       0.99573046000000009       -4.2725701899999999E-003   0.0000000000000000        0.0000000000000000        0.0000000000000000     
   394.00000000000006       0.99575035000000001       -4.2473788100000007E-003   0.0000000000000000        0.0000000000000000        0.0000000000000000     
   395.00000000000000       0.99577687000000004       -4.2224560000000003E-003   0.0000000000000000        0.0000000000000000        0.0000000000000000     
   396.00000000000000       0.99580676000000001       -4.1976758999999995E-003   0.0000000000000000        0.0000000000000000        0.0000000000000000     
   397.00000000000000       0.99582665000000015       -4.1731014400000002E-003   0.0000000000000000        0.0000000000000000        0.0000000000000000     
   398.00000000000000       0.99585317000000007       -4.1486696900000005E-003   0.0000000000000000        0.0000000000000000        0.0000000000000000     
   399.00000000000006       0.99587306000000009       -4.1245098800000001E-003   0.0000000000000000        0.0000000000000000        0.0000000000000000     
   400.00000000000000       0.99590295000000006       -4.1004894099999998E-003   0.0000000000000000        0.0000000000000000        0.0000000000000000     
   401.00000000000000       0.99592283999999998       -4.0766779500000004E-003   0.0000000000000000        0.0000000000000000        0.0000000000000000     
   402.00000000000000       0.99594273000000011       -4.0530721299999999E-003   0.0000000000000000        0.0000000000000000        0.0000000000000000     
   403.00000000000000       0.99597262000000009       -4.0296719500000008E-003   0.0000000000000000        0.0000000000000000        0.0000000000000000     
   404.00000000000000       0.99599251000000000       -4.0064111100000001E-003   0.0000000000000000        0.0000000000000000        0.0000000000000000     
   405.00000000000000       0.99601903000000003       -3.9832896100000003E-003   0.0000000000000000        0.0000000000000000        0.0000000000000000     
   406.00000000000000       0.99603892000000005       -3.9604434200000002E-003   0.0000000000000000        0.0000000000000000        0.0000000000000000     
   407.00000000000000       0.99606218000000002       -3.9376669000000001E-003   0.0000000000000000        0.0000000000000000        0.0000000000000000     
   408.00000000000000       0.99608207000000004       -3.9151656899999998E-003   0.0000000000000000        0.0000000000000000        0.0000000000000000     
   409.00000000000000       0.99610858999999996       -3.8928038200000000E-003   0.0000000000000000        0.0000000000000000        0.0000000000000000     
   410.00000000000006       0.99613185000000015       -3.8705812899999998E-003   0.0000000000000000        0.0000000000000000        0.0000000000000000     
   411.00000000000000       0.99615174000000006       -3.8485644000000002E-003   0.0000000000000000        0.0000000000000000        0.0000000000000000     
   412.00000000000000       0.99617163000000009       -3.8266868500000002E-003   0.0000000000000000        0.0000000000000000        0.0000000000000000     
   413.00000000000000       0.99619152000000011       -3.8050149400000004E-003   0.0000000000000000        0.0000000000000000        0.0000000000000000     
   414.00000000000000       0.99621478000000008       -3.7834823700000002E-003   0.0000000000000000        0.0000000000000000        0.0000000000000000     
   415.00000000000006       0.99623467000000010       -3.7621554400000001E-003   0.0000000000000000        0.0000000000000000        0.0000000000000000     
   416.00000000000000       0.99626119000000002       -3.7408981800000000E-003   0.0000000000000000        0.0000000000000000        0.0000000000000000     
   417.00000000000000       0.99628445000000010       -3.7198499300000005E-003   0.0000000000000000        0.0000000000000000        0.0000000000000000     
   418.00000000000000       0.99630434000000012       -3.6990073200000007E-003   0.0000000000000000        0.0000000000000000        0.0000000000000000     
   419.00000000000000       0.99632423000000003       -3.6782377500000000E-003   0.0000000000000000        0.0000000000000000        0.0000000000000000     
   420.00000000000006       0.99634412000000006       -3.6576704500000004E-003   0.0000000000000000        0.0000000000000000        0.0000000000000000     
   421.00000000000000       0.99636738000000002       -3.6372424900000004E-003   0.0000000000000000        0.0000000000000000        0.0000000000000000     
   422.00000000000000       0.99638064000000004       -3.6170235400000000E-003   0.0000000000000000        0.0000000000000000        0.0000000000000000     
   423.00000000000000       0.99640053000000006       -3.5968742600000002E-003   0.0000000000000000        0.0000000000000000        0.0000000000000000     
   424.00000000000000       0.99642042000000008       -3.5769272499999996E-003   0.0000000000000000        0.0000000000000000        0.0000000000000000     
   425.00000000000006       0.99644368000000005       -3.5571229500000003E-003   0.0000000000000000        0.0000000000000000        0.0000000000000000     
   426.00000000000000       0.99646356999999997       -3.5373916900000007E-003   0.0000000000000000        0.0000000000000000        0.0000000000000000     
   427.00000000000000       0.99648346000000010       -3.5178626999999999E-003   0.0000000000000000        0.0000000000000000        0.0000000000000000     
   428.00000000000000       0.99650335000000001       -3.4984730500000004E-003   0.0000000000000000        0.0000000000000000        0.0000000000000000     
   429.00000000000000       0.99651998000000008       -3.4792856700000003E-003   0.0000000000000000        0.0000000000000000        0.0000000000000000     
   430.00000000000000       0.99653987000000011       -3.4601713300000001E-003   0.0000000000000000        0.0000000000000000        0.0000000000000000     
   431.00000000000006       0.99655976000000002       -3.4411963299999996E-003   0.0000000000000000        0.0000000000000000        0.0000000000000000     
   432.00000000000000       0.99657965000000004       -3.4223606700000001E-003   0.0000000000000000        0.0000000000000000        0.0000000000000000     
   433.00000000000000       0.99659628000000011       -3.4036609800000002E-003   0.0000000000000000        0.0000000000000000        0.0000000000000000     
   434.00000000000000       0.99661617000000002       -3.3851006300000003E-003   0.0000000000000000        0.0000000000000000        0.0000000000000000     
   435.00000000000000       0.99663606000000016       -3.3666796200000002E-003   0.0000000000000000        0.0000000000000000        0.0000000000000000     
   436.00000000000006       0.99664931999999995       -3.3483945800000005E-003   0.0000000000000000        0.0000000000000000        0.0000000000000000     
   437.00000000000000       0.99666921000000008       -3.3301825800000004E-003   0.0000000000000000        0.0000000000000000        0.0000000000000000     
   438.00000000000000       0.99668584000000005       -3.3121762200000004E-003   0.0000000000000000        0.0000000000000000        0.0000000000000000     
   439.00000000000000       0.99670573000000007       -3.2943058300000001E-003   0.0000000000000000        0.0000000000000000        0.0000000000000000     
   440.00000000000000       0.99672562000000009       -3.2765051099999999E-003   0.0000000000000000        0.0000000000000000        0.0000000000000000     
   441.00000000000006       0.99673888000000010       -3.2588437300000005E-003   0.0000000000000000        0.0000000000000000        0.0000000000000000     
   442.00000000000000       0.99676213999999996       -3.2413216899999995E-003   0.0000000000000000        0.0000000000000000        0.0000000000000000     
   443.00000000000000       0.99677539999999998       -3.2239356200000004E-003   0.0000000000000000        0.0000000000000000        0.0000000000000000     
   444.00000000000000       0.99679529000000011       -3.2066225899999999E-003   0.0000000000000000        0.0000000000000000        0.0000000000000000     
   445.00000000000000       0.99680855000000013       -3.1895118300000001E-003   0.0000000000000000        0.0000000000000000        0.0000000000000000     
   446.00000000000006       0.99682844000000004       -3.1724707400000002E-003   0.0000000000000000        0.0000000000000000        0.0000000000000000     
   447.00000000000000       0.99684507000000011       -3.1555026900000000E-003   0.0000000000000000        0.0000000000000000        0.0000000000000000     
   448.00000000000000       0.99686496000000002       -3.1387402799999999E-003   0.0000000000000000        0.0000000000000000        0.0000000000000000     
   449.00000000000000       0.99687822000000004       -3.1220475399999998E-003   0.0000000000000000        0.0000000000000000        0.0000000000000000     
   450.00000000000000       0.99689148000000005       -3.1054907700000002E-003   0.0000000000000000        0.0000000000000000        0.0000000000000000     
   451.00000000000006       0.99691137000000007       -3.0890070400000002E-003   0.0000000000000000        0.0000000000000000        0.0000000000000000     
   452.00000000000000       0.99692800000000004       -3.0726592799999999E-003   0.0000000000000000        0.0000000000000000        0.0000000000000000     
   453.00000000000000       0.99694126000000005       -3.0564508600000005E-003   0.0000000000000000        0.0000000000000000        0.0000000000000000     
   454.00000000000000       0.99696114999999996       -3.0403087399999999E-003   0.0000000000000000        0.0000000000000000        0.0000000000000000     
   455.00000000000000       0.99697440999999998       -3.0243093299999997E-003   0.0000000000000000        0.0000000000000000        0.0000000000000000     
   456.00000000000000       0.99699104000000005       -3.0084425199999997E-003   0.0000000000000000        0.0000000000000000        0.0000000000000000     
   457.00000000000006       0.99701093000000007       -2.9926487500000001E-003   0.0000000000000000        0.0000000000000000        0.0000000000000000     
   458.00000000000000       0.99702419000000009       -2.9769280200000001E-003   0.0000000000000000        0.0000000000000000        0.0000000000000000     
   459.00000000000000       0.99703744999999999       -2.9613398900000002E-003   0.0000000000000000        0.0000000000000000        0.0000000000000000     
   460.00000000000000       0.99705071000000001       -2.9458911000000000E-003   0.0000000000000000        0.0000000000000000        0.0000000000000000     
   461.00000000000000       0.99707396999999998       -2.9305119799999998E-003   0.0000000000000000        0.0000000000000000        0.0000000000000000     
   462.00000000000006       0.99708722999999999       -2.9152722000000001E-003   0.0000000000000000        0.0000000000000000        0.0000000000000000     
   463.00000000000000       0.99710049000000001       -2.9000987200000004E-003   0.0000000000000000        0.0000000000000000        0.0000000000000000     
   464.00000000000000       0.99711375000000002       -2.8850645800000000E-003   0.0000000000000000        0.0000000000000000        0.0000000000000000     
   465.00000000000000       0.99712701000000004       -2.8701034800000004E-003   0.0000000000000000        0.0000000000000000        0.0000000000000000     
   466.00000000000000       0.99714027000000005       -2.8552749800000005E-003   0.0000000000000000        0.0000000000000000        0.0000000000000000     
   467.00000000000006       0.99716353000000013       -2.8405195200000002E-003   0.0000000000000000        0.0000000000000000        0.0000000000000000     
   468.00000000000000       0.99717679000000015       -2.8258337300000004E-003   0.0000000000000000        0.0000000000000000        0.0000000000000000     
   469.00000000000000       0.99719005000000005       -2.8112839100000002E-003   0.0000000000000000        0.0000000000000000        0.0000000000000000     
   470.00000000000000       0.99720331000000006       -2.7968037600000005E-003   0.0000000000000000        0.0000000000000000        0.0000000000000000     
   471.00000000000000       0.99721657000000008       -2.7824629500000000E-003   0.0000000000000000        0.0000000000000000        0.0000000000000000     
   472.00000000000006       0.99723320000000004       -2.7681884400000000E-003   0.0000000000000000        0.0000000000000000        0.0000000000000000     
   473.00000000000000       0.99724646000000006       -2.7539869700000004E-003   0.0000000000000000        0.0000000000000000        0.0000000000000000     
   474.00000000000000       0.99725971999999996       -2.7398551700000000E-003   0.0000000000000000        0.0000000000000000        0.0000000000000000     
   475.00000000000000       0.99727297999999998       -2.7258593400000001E-003   0.0000000000000000        0.0000000000000000        0.0000000000000000     
   476.00000000000000       0.99728623999999999       -2.7119994799999999E-003   0.0000000000000000        0.0000000000000000        0.0000000000000000     
   477.00000000000006       0.99729950000000001       -2.6981463599999997E-003   0.0000000000000000        0.0000000000000000        0.0000000000000000     
   478.00000000000006       0.99731613000000008       -2.6844258400000004E-003   0.0000000000000000        0.0000000000000000        0.0000000000000000     
   479.00000000000000       0.99732939000000009       -2.6708446600000003E-003   0.0000000000000000        0.0000000000000000        0.0000000000000000     
   480.00000000000000       0.99734265000000000       -2.6572668500000002E-003   0.0000000000000000        0.0000000000000000        0.0000000000000000     
   481.00000000000000       0.99735591000000001       -2.6438216400000002E-003   0.0000000000000000        0.0000000000000000        0.0000000000000000     
   482.00000000000000       0.99736917000000003       -2.6304494700000003E-003   0.0000000000000000        0.0000000000000000        0.0000000000000000     
   483.00000000000006       0.99738579999999999       -2.6171469700000003E-003   0.0000000000000000        0.0000000000000000        0.0000000000000000     
   484.00000000000000       0.99739906000000000       -2.6039804400000001E-003   0.0000000000000000        0.0000000000000000        0.0000000000000000     
   485.00000000000000       0.99741232000000002       -2.5908172800000002E-003   0.0000000000000000        0.0000000000000000        0.0000000000000000     
   486.00000000000000       0.99741895000000003       -2.5777900900000000E-003   0.0000000000000000        0.0000000000000000        0.0000000000000000     
   487.00000000000000       0.99743221000000004       -2.5648325700000003E-003   0.0000000000000000        0.0000000000000000        0.0000000000000000     
   488.00000000000006       0.99744547000000006       -2.5520143900000002E-003   0.0000000000000000        0.0000000000000000        0.0000000000000000     
   489.00000000000000       0.99746210000000002       -2.5391962100000001E-003   0.0000000000000000        0.0000000000000000        0.0000000000000000     
   490.00000000000000       0.99747536000000003       -2.5265139999999997E-003   0.0000000000000000        0.0000000000000000        0.0000000000000000     
   491.00000000000000       0.99748862000000005       -2.5139014600000001E-003   0.0000000000000000        0.0000000000000000        0.0000000000000000     
   492.00000000000000       0.99750188000000006       -2.5013585899999998E-003   0.0000000000000000        0.0000000000000000        0.0000000000000000     
   493.00000000000006       0.99750851000000007       -2.4888853900000003E-003   0.0000000000000000        0.0000000000000000        0.0000000000000000     
   494.00000000000000       0.99752177000000009       -2.4764852300000000E-003   0.0000000000000000        0.0000000000000000        0.0000000000000000     
   495.00000000000000       0.99753503000000010       -2.4641513700000002E-003   0.0000000000000000        0.0000000000000000        0.0000000000000000     
   496.00000000000000       0.99755166000000006       -2.4519534800000000E-003   0.0000000000000000        0.0000000000000000        0.0000000000000000     
   497.00000000000000       0.99755829000000018       -2.4397589599999998E-003   0.0000000000000000        0.0000000000000000        0.0000000000000000     
   498.00000000000006       0.99757155000000020       -2.4277004100000002E-003   0.0000000000000000        0.0000000000000000        0.0000000000000000     
   499.00000000000000       0.99758480999999999       -2.4157115300000001E-003   0.0000000000000000        0.0000000000000000        0.0000000000000000     
   500.00000000000000       0.99759807000000000       -2.4037889500000001E-003   0.0000000000000000        0.0000000000000000        0.0000000000000000     
   501.00000000000000       0.99760470000000012       -2.3918731100000005E-003   0.0000000000000000        0.0000000000000000        0.0000000000000000     
   502.00000000000000       0.99762133000000008       -2.3800932400000001E-003   0.0000000000000000        0.0000000000000000        0.0000000000000000     
   503.00000000000006       0.99763459000000010       -2.3683796700000007E-003   0.0000000000000000        0.0000000000000000        0.0000000000000000     
   504.00000000000006       0.99764122000000000       -2.3568054400000000E-003   0.0000000000000000        0.0000000000000000        0.0000000000000000     
   505.00000000000000       0.99765448000000001       -2.3452312100000002E-003   0.0000000000000000        0.0000000000000000        0.0000000000000000     
   506.00000000000000       0.99766774000000003       -2.3337300199999999E-003   0.0000000000000000        0.0000000000000000        0.0000000000000000     
   507.00000000000000       0.99767436999999992       -2.3222951300000002E-003   0.0000000000000000        0.0000000000000000        0.0000000000000000     
   508.00000000000000       0.99768762999999994       -2.3109299100000005E-003   0.0000000000000000        0.0000000000000000        0.0000000000000000     
   509.00000000000006       0.99770426000000012       -2.2996343599999999E-003   0.0000000000000000        0.0000000000000000        0.0000000000000000     
   510.00000000000000       0.99771089000000002       -2.2884051099999999E-003   0.0000000000000000        0.0000000000000000        0.0000000000000000     
   511.00000000000000       0.99772415000000003       -2.2772489000000003E-003   0.0000000000000000        0.0000000000000000        0.0000000000000000     
   512.00000000000000       0.99773078000000015       -2.2661589900000003E-003   0.0000000000000000        0.0000000000000000        0.0000000000000000     
   513.00000000000000       0.99774404000000017       -2.2552084200000004E-003   0.0000000000000000        0.0000000000000000        0.0000000000000000     
   514.00000000000000       0.99775730000000018       -2.2442578500000000E-003   0.0000000000000000        0.0000000000000000        0.0000000000000000     
   515.00000000000000       0.99776393000000008       -2.2333769500000001E-003   0.0000000000000000        0.0000000000000000        0.0000000000000000     
   516.00000000000000       0.99778056000000004       -2.2224960499999998E-003   0.0000000000000000        0.0000000000000000        0.0000000000000000     
   517.00000000000000       0.99778719000000016       -2.2117544900000004E-003   0.0000000000000000        0.0000000000000000        0.0000000000000000     
   518.00000000000000       0.99780044999999995       -2.2010792300000003E-003   0.0000000000000000        0.0000000000000000        0.0000000000000000     
   519.00000000000000       0.99780708000000007       -2.1904736400000001E-003   0.0000000000000000        0.0000000000000000        0.0000000000000000     
   520.00000000000000       0.99782034000000008       -2.1798714200000004E-003   0.0000000000000000        0.0000000000000000        0.0000000000000000     
   521.00000000000000       0.99782696999999998       -2.1694051699999999E-003   0.0000000000000000        0.0000000000000000        0.0000000000000000     
   522.00000000000000       0.99784022999999999       -2.1589422899999998E-003   0.0000000000000000        0.0000000000000000        0.0000000000000000     
   523.00000000000000       0.99785023000000006       -2.1486120100000002E-003   0.0000000000000000        0.0000000000000000        0.0000000000000000     
   524.00000000000000       0.99786349000000008       -2.1382851000000002E-003   0.0000000000000000        0.0000000000000000        0.0000000000000000     
   525.00000000000000       0.99787012000000019       -2.1280278599999998E-003   0.0000000000000000        0.0000000000000000        0.0000000000000000     
   526.00000000000000       0.99788337999999999       -2.1178402900000003E-003   0.0000000000000000        0.0000000000000000        0.0000000000000000     
   527.00000000000000       0.99789001000000010       -2.1077190200000000E-003   0.0000000000000000        0.0000000000000000        0.0000000000000000     
   528.00000000000000       0.99790327000000012       -2.0976011200000001E-003   0.0000000000000000        0.0000000000000000        0.0000000000000000     
   529.00000000000000       0.99790990000000002       -2.0876191899999999E-003   0.0000000000000000        0.0000000000000000        0.0000000000000000     
   530.00000000000000       0.99792316000000003       -2.0776406300000000E-003   0.0000000000000000        0.0000000000000000        0.0000000000000000     
   531.00000000000000       0.99793316000000010       -2.0677946699999999E-003   0.0000000000000000        0.0000000000000000        0.0000000000000000     
   532.00000000000000       0.99793978999999999       -2.0579520800000002E-003   0.0000000000000000        0.0000000000000000        0.0000000000000000     
   533.00000000000000       0.99795305000000001       -2.0481128600000004E-003   0.0000000000000000        0.0000000000000000        0.0000000000000000     
   534.00000000000000       0.99795968000000013       -2.0384062399999999E-003   0.0000000000000000        0.0000000000000000        0.0000000000000000     
   535.00000000000000       0.99797294000000014       -2.0287692899999999E-003   0.0000000000000000        0.0000000000000000        0.0000000000000000     
   536.00000000000000       0.99797957000000004       -2.0191357099999998E-003   0.0000000000000000        0.0000000000000000        0.0000000000000000     
   537.00000000000000       0.99798620000000016       -2.0095718000000002E-003   0.0000000000000000        0.0000000000000000        0.0000000000000000     
   538.00000000000000       0.99799945999999995       -2.0000741900000002E-003   0.0000000000000000        0.0000000000000000        0.0000000000000000     
   539.00000000000000       0.99800946000000001       -1.9906462500000003E-003   0.0000000000000000        0.0000000000000000        0.0000000000000000     
   540.00000000000000       0.99802272000000003       -1.9812216799999999E-003   0.0000000000000000        0.0000000000000000        0.0000000000000000     
   541.00000000000000       0.99802935000000015       -1.9718634100000000E-003   0.0000000000000000        0.0000000000000000        0.0000000000000000     
   542.00000000000000       0.99803598000000004       -1.9625748100000001E-003   0.0000000000000000        0.0000000000000000        0.0000000000000000     
   543.00000000000000       0.99804924000000006       -1.9533558800000003E-003   0.0000000000000000        0.0000000000000000        0.0000000000000000     
   544.00000000000000       0.99805587000000018       -1.9442032500000001E-003   0.0000000000000000        0.0000000000000000        0.0000000000000000     
   545.00000000000000       0.99806250000000007       -1.9350539900000001E-003   0.0000000000000000        0.0000000000000000        0.0000000000000000     
   546.00000000000000       0.99807576000000009       -1.9259744000000001E-003   0.0000000000000000        0.0000000000000000        0.0000000000000000     
   547.00000000000000       0.99808575999999993       -1.9169611100000000E-003   0.0000000000000000        0.0000000000000000        0.0000000000000000     
   548.00000000000000       0.99809239000000005       -1.9080174900000001E-003   0.0000000000000000        0.0000000000000000        0.0000000000000000     
   549.00000000000000       0.99809901999999995       -1.8990772400000000E-003   0.0000000000000000        0.0000000000000000        0.0000000000000000     
   550.00000000000000       0.99811227999999996       -1.8902032900000002E-003   0.0000000000000000        0.0000000000000000        0.0000000000000000     
