   1.0000000000000000        1.4367988000000002E-002 -0.98563036000000004        0.0000000000000000        0.0000000000000000        0.0000000000000000     
   2.0000000000000000       0.14675890000000000      -0.85324110000000009        0.0000000000000000        0.0000000000000000        0.0000000000000000     
   3.0000000000000000       0.28993758000000003      -0.71006241999999997        0.0000000000000000        0.0000000000000000        0.0000000000000000     
   4.0000000000000000       0.39766126000000002      -0.60233874000000009        0.0000000000000000        0.0000000000000000        0.0000000000000000     
   5.0000000000000000       0.47643390000000002      -0.52356610000000003        0.0000000000000000        0.0000000000000000        0.0000000000000000     
   6.0000000000000000       0.53526066999999999      -0.46473933000000001        0.0000000000000000        0.0000000000000000        0.0000000000000000     
   7.0000000000000000       0.58065692000000002      -0.41934308000000003        0.0000000000000000        0.0000000000000000        0.0000000000000000     
   8.0000000000000000       0.61656844000000000      -0.38343156000000000        0.0000000000000000        0.0000000000000000        0.0000000000000000     
   9.0000000000000000       0.64564328999999998      -0.35435671000000002        0.0000000000000000        0.0000000000000000        0.0000000000000000     
   10.000000000000000       0.66963897999999999      -0.33036102000000001        0.0000000000000000        0.0000000000000000        0.0000000000000000     
   11.000000000000000       0.68978280000000014      -0.31021720000000003        0.0000000000000000        0.0000000000000000        0.0000000000000000     
   12.000000000000000       0.70694182000000005      -0.29305818000000000        0.0000000000000000        0.0000000000000000        0.0000000000000000     
   13.000000000000000       0.72171647999999999      -0.27828352000000001        0.0000000000000000        0.0000000000000000        0.0000000000000000     
   14.000000000000000       0.73461678000000008      -0.26538322000000003        0.0000000000000000        0.0000000000000000        0.0000000000000000     
   15.000000000000000       0.74596305000000007      -0.25403695000000004        0.0000000000000000        0.0000000000000000        0.0000000000000000     
   16.000000000000000       0.75603865999999997      -0.24396134000000000        0.0000000000000000        0.0000000000000000        0.0000000000000000     
   17.000000000000000       0.76505709000000000      -0.23494291000000000        0.0000000000000000        0.0000000000000000        0.0000000000000000     
   18.000000000000000       0.77317845000000007      -0.22682155000000001        0.0000000000000000        0.0000000000000000        0.0000000000000000     
   19.000000000000000       0.78054611000000007      -0.21945388999999998        0.0000000000000000        0.0000000000000000        0.0000000000000000     
   20.000000000000000       0.78726669999999999      -0.21273330000000001        0.0000000000000000        0.0000000000000000        0.0000000000000000     
   21.000000000000000       0.79342707000000012      -0.20657293000000002        0.0000000000000000        0.0000000000000000        0.0000000000000000     
   22.000000000000000       0.79909722000000005      -0.20090278000000000        0.0000000000000000        0.0000000000000000        0.0000000000000000     
   23.000000000000000       0.80435378000000002      -0.19564622000000001        0.0000000000000000        0.0000000000000000        0.0000000000000000     
   24.000000000000000       0.80923012000000005      -0.19076988000000000        0.0000000000000000        0.0000000000000000        0.0000000000000000     
   25.000000000000000       0.81378298000000004      -0.18621702000000001        0.0000000000000000        0.0000000000000000        0.0000000000000000     
   26.000000000000000       0.81804562000000014      -0.18195438000000000        0.0000000000000000        0.0000000000000000        0.0000000000000000     
   27.000000000000000       0.82205478000000010      -0.17794522000000002        0.0000000000000000        0.0000000000000000        0.0000000000000000     
   28.000000000000000       0.82582709000000010      -0.17417257300000002        0.0000000000000000        0.0000000000000000        0.0000000000000000     
   29.000000000000000       0.82939592000000006      -0.17060374300000000        0.0000000000000000        0.0000000000000000        0.0000000000000000     
   30.000000000000000       0.83277464000000001      -0.16722637100000001        0.0000000000000000        0.0000000000000000        0.0000000000000000     
   31.000000000000000       0.83598651000000013      -0.16401382700000003        0.0000000000000000        0.0000000000000000        0.0000000000000000     
   32.000000000000000       0.83904489999999998      -0.16095442600000001        0.0000000000000000        0.0000000000000000        0.0000000000000000     
   33.000000000000000       0.84196318000000003      -0.15803681999999999        0.0000000000000000        0.0000000000000000        0.0000000000000000     
   34.000000000000000       0.84475135000000001      -0.15524966100000001        0.0000000000000000        0.0000000000000000        0.0000000000000000     
   35.000000000000000       0.84742267000000004      -0.15257631900000002        0.0000000000000000        0.0000000000000000        0.0000000000000000     
   36.000000000000000       0.84999388000000020      -0.15000713100000002        0.0000000000000000        0.0000000000000000        0.0000000000000000     
   37.000000000000000       0.85246161000000009      -0.14753906400000000        0.0000000000000000        0.0000000000000000        0.0000000000000000     
   38.000000000000000       0.85483586000000011      -0.14516279200000001        0.0000000000000000        0.0000000000000000        0.0000000000000000     
   39.000000000000000       0.85712337000000005      -0.14287595600000003        0.0000000000000000        0.0000000000000000        0.0000000000000000     
   40.000000000000000       0.85934403000000015      -0.14065664400000000        0.0000000000000000        0.0000000000000000        0.0000000000000000     
   41.000000000000000       0.86148458000000017      -0.13851643100000002        0.0000000000000000        0.0000000000000000        0.0000000000000000     
   42.000000000000000       0.86355165000000000      -0.13644666500000002        0.0000000000000000        0.0000000000000000        0.0000000000000000     
   43.000000000000000       0.86556198000000006      -0.13443936800000000        0.0000000000000000        0.0000000000000000        0.0000000000000000     
   44.000000000000000       0.86751208999999996      -0.13248656200000000        0.0000000000000000        0.0000000000000000        0.0000000000000000     
   45.000000000000000       0.86940546000000007      -0.13059352900000001        0.0000000000000000        0.0000000000000000        0.0000000000000000     
   46.000000000000000       0.87124872000000009      -0.12875262800000001        0.0000000000000000        0.0000000000000000        0.0000000000000000     
   47.000000000000000       0.87303850000000005      -0.12696217400000001        0.0000000000000000        0.0000000000000000        0.0000000000000000     
   48.000000000000000       0.87478480000000003      -0.12521486300000001        0.0000000000000000        0.0000000000000000        0.0000000000000000     
   49.000000000000000       0.87649099000000008      -0.12351002100000000        0.0000000000000000        0.0000000000000000        0.0000000000000000     
   50.000000000000000       0.87814707000000003      -0.12185293000000001        0.0000000000000000        0.0000000000000000        0.0000000000000000     
   51.000000000000000       0.87976967000000006      -0.12022999300000001        0.0000000000000000        0.0000000000000000        0.0000000000000000     
   52.000000000000000       0.88135216000000005      -0.11864649200000001        0.0000000000000000        0.0000000000000000        0.0000000000000000     
   53.000000000000000       0.88289791000000006      -0.11710175300000000        0.0000000000000000        0.0000000000000000        0.0000000000000000     
   54.000000000000000       0.88441681000000005      -0.11558217900000001        0.0000000000000000        0.0000000000000000        0.0000000000000000     
   55.000000000000000       0.88589897000000006      -0.11409968200000001        0.0000000000000000        0.0000000000000000        0.0000000000000000     
   56.000000000000000       0.88735102000000010      -0.11264796900000001        0.0000000000000000        0.0000000000000000        0.0000000000000000     
   57.000000000000000       0.88877296000000006      -0.11122535500000000        0.0000000000000000        0.0000000000000000        0.0000000000000000     
   58.000000000000000       0.89016815999999999      -0.10983184000000001        0.0000000000000000        0.0000000000000000        0.0000000000000000     
   59.000000000000007       0.89153987999999995      -0.10846011999999999        0.0000000000000000        0.0000000000000000        0.0000000000000000     
   60.000000000000000       0.89288486000000011      -0.10711615099999999        0.0000000000000000        0.0000000000000000        0.0000000000000000     
   61.000000000000007       0.89420636000000009      -0.10579296600000000        0.0000000000000000        0.0000000000000000        0.0000000000000000     
   62.000000000000000       0.89550449000000010      -0.10449618400000001        0.0000000000000000        0.0000000000000000        0.0000000000000000     
   63.000000000000007       0.89677251000000013      -0.10322580500000000        0.0000000000000000        0.0000000000000000        0.0000000000000000     
   64.000000000000000       0.89803042000000000      -0.10196789500000002        0.0000000000000000        0.0000000000000000        0.0000000000000000     
   65.000000000000000       0.89926496000000011      -0.10073504000000000        0.0000000000000000        0.0000000000000000        0.0000000000000000     
   66.000000000000000       0.90047275999999998       -9.9527240000000003E-002   0.0000000000000000        0.0000000000000000        0.0000000000000000     
   67.000000000000000       0.90167044999999990       -9.8330224000000022E-002   0.0000000000000000        0.0000000000000000        0.0000000000000000     
   68.000000000000000       0.90284803000000002       -9.7150622000000006E-002   0.0000000000000000        0.0000000000000000        0.0000000000000000     
   69.000000000000000       0.90400561000000001       -9.5994390000000013E-002   0.0000000000000000        0.0000000000000000        0.0000000000000000     
   70.000000000000000       0.90514644999999994       -9.4854898000000007E-002   0.0000000000000000        0.0000000000000000        0.0000000000000000     
   71.000000000000000       0.90627718000000002       -9.3724168000000024E-002   0.0000000000000000        0.0000000000000000        0.0000000000000000     
   72.000000000000000       0.90738454000000002       -9.2616134000000003E-002   0.0000000000000000        0.0000000000000000        0.0000000000000000     
   73.000000000000000       0.90847516000000006       -9.1523154999999995E-002   0.0000000000000000        0.0000000000000000        0.0000000000000000     
   74.000000000000000       0.90956241000000015       -9.0438601000000007E-002   0.0000000000000000        0.0000000000000000        0.0000000000000000     
   75.000000000000000       0.91062629000000017       -8.9375057999999993E-002   0.0000000000000000        0.0000000000000000        0.0000000000000000     
   76.000000000000000       0.91168006000000013       -8.8319266000000007E-002   0.0000000000000000        0.0000000000000000        0.0000000000000000     
   77.000000000000000       0.91272383000000001       -8.7277181000000009E-002   0.0000000000000000        0.0000000000000000        0.0000000000000000     
   78.000000000000000       0.91375086000000005       -8.6248802999999999E-002   0.0000000000000000        0.0000000000000000        0.0000000000000000     
   79.000000000000000       0.91476789000000014       -8.5233457999999998E-002   0.0000000000000000        0.0000000000000000        0.0000000000000000     
   80.000000000000000       0.91576818000000004       -8.4231146000000007E-002   0.0000000000000000        0.0000000000000000        0.0000000000000000     
   81.000000000000000       0.91675846999999999       -8.3241867000000011E-002   0.0000000000000000        0.0000000000000000        0.0000000000000000     
   82.000000000000000       0.91773539000000004       -8.2264610000000002E-002   0.0000000000000000        0.0000000000000000        0.0000000000000000     
   83.000000000000000       0.91870557000000019       -8.1293082000000003E-002   0.0000000000000000        0.0000000000000000        0.0000000000000000     
   84.000000000000000       0.91966575000000006       -8.0333239000000001E-002   0.0000000000000000        0.0000000000000000        0.0000000000000000     
   85.000000000000000       0.92061593000000008       -7.9385417999999999E-002   0.0000000000000000        0.0000000000000000        0.0000000000000000     
   86.000000000000000       0.92155273999999998       -7.8448945000000006E-002   0.0000000000000000        0.0000000000000000        0.0000000000000000     
   87.000000000000000       0.92247618000000009       -7.7523483000000004E-002   0.0000000000000000        0.0000000000000000        0.0000000000000000     
   88.000000000000000       0.92339625000000014       -7.6602739000000003E-002   0.0000000000000000        0.0000000000000000        0.0000000000000000     
   89.000000000000000       0.92429969000000001       -7.5699299000000012E-002   0.0000000000000000        0.0000000000000000        0.0000000000000000     
   90.000000000000000       0.92519976000000015       -7.4799903000000001E-002   0.0000000000000000        0.0000000000000000        0.0000000000000000     
   91.000000000000000       0.92608983000000000       -7.3910844000000003E-002   0.0000000000000000        0.0000000000000000        0.0000000000000000     
   92.000000000000000       0.92696653000000007       -7.3032122000000005E-002   0.0000000000000000        0.0000000000000000        0.0000000000000000     
   93.000000000000000       0.92784323000000013       -7.2156769999999995E-002   0.0000000000000000        0.0000000000000000        0.0000000000000000     
   94.000000000000000       0.92870330000000001       -7.1298385000000006E-002   0.0000000000000000        0.0000000000000000        0.0000000000000000     
   95.000000000000000       0.92955662999999999       -7.0442695999999999E-002   0.0000000000000000        0.0000000000000000        0.0000000000000000     
   96.000000000000000       0.93040332999999997       -6.9598332999999998E-002   0.0000000000000000        0.0000000000000000        0.0000000000000000     
   97.000000000000000       0.93124003000000011       -6.8762306999999995E-002   0.0000000000000000        0.0000000000000000        0.0000000000000000     
   98.000000000000000       0.93206673000000007       -6.7933281000000012E-002   0.0000000000000000        0.0000000000000000        0.0000000000000000     
   99.000000000000000       0.93288343000000007       -6.7113850600000011E-002   0.0000000000000000        0.0000000000000000        0.0000000000000000     
   100.00000000000000       0.93370013000000007       -6.6302150600000012E-002   0.0000000000000000        0.0000000000000000        0.0000000000000000     
   101.00000000000000       0.93450346000000006       -6.5498181000000003E-002   0.0000000000000000        0.0000000000000000        0.0000000000000000     
   102.00000000000000       0.93529353000000004       -6.4703133000000010E-002   0.0000000000000000        0.0000000000000000        0.0000000000000000     
   103.00000000000000       0.93608360000000002       -6.3914983900000000E-002   0.0000000000000000        0.0000000000000000        0.0000000000000000     
   104.00000000000000       0.93686367000000004       -6.3135554199999999E-002   0.0000000000000000        0.0000000000000000        0.0000000000000000     
   105.00000000000001       0.93764037000000000       -6.2363450500000001E-002   0.0000000000000000        0.0000000000000000        0.0000000000000000     
   106.00000000000000       0.93840044000000000       -6.1598571700000000E-002   0.0000000000000000        0.0000000000000000        0.0000000000000000     
   107.00000000000000       0.93915725000000005       -6.0842210100000002E-002   0.0000000000000000        0.0000000000000000        0.0000000000000000     
   108.00000000000000       0.93990731999999999       -6.0092938600000000E-002   0.0000000000000000        0.0000000000000000        0.0000000000000000     
   109.00000000000001       0.94065076000000014       -5.9351319100000008E-002   0.0000000000000000        0.0000000000000000        0.0000000000000000     
   110.00000000000000       0.94138094000000005       -5.8617317900000000E-002   0.0000000000000000        0.0000000000000000        0.0000000000000000     
   111.00000000000000       0.94210774999999991       -5.7890833900000008E-002   0.0000000000000000        0.0000000000000000        0.0000000000000000     
   112.00000000000000       0.94282456000000003       -5.7171833399999997E-002   0.0000000000000000        0.0000000000000000        0.0000000000000000     
   113.00000000000000       0.94353810999999999       -5.6460249000000011E-002   0.0000000000000000        0.0000000000000000        0.0000000000000000     
   114.00000000000000       0.94424829000000010       -5.5756013300000004E-002   0.0000000000000000        0.0000000000000000        0.0000000000000000     
   115.00000000000000       0.94494184000000003       -5.5059058900000006E-002   0.0000000000000000        0.0000000000000000        0.0000000000000000     
   116.00000000000000       0.94562876000000018       -5.4369385799999996E-002   0.0000000000000000        0.0000000000000000        0.0000000000000000     
   117.00000000000000       0.94631568000000010       -5.3687555900000003E-002   0.0000000000000000        0.0000000000000000        0.0000000000000000     
   118.00000000000001       0.94698597000000007       -5.3012209500000004E-002   0.0000000000000000        0.0000000000000000        0.0000000000000000     
   119.00000000000000       0.94765626000000003       -5.2343975900000006E-002   0.0000000000000000        0.0000000000000000        0.0000000000000000     
   120.00000000000000       0.94831992000000009       -5.1683450700000001E-002   0.0000000000000000        0.0000000000000000        0.0000000000000000     
   121.00000000000000       0.94896695000000009       -5.1029970900000006E-002   0.0000000000000000        0.0000000000000000        0.0000000000000000     
   122.00000000000001       0.94961398000000008       -5.0383435400000003E-002   0.0000000000000000        0.0000000000000000        0.0000000000000000     
   123.00000000000000       0.95025438000000007       -4.9743877900000004E-002   0.0000000000000000        0.0000000000000000        0.0000000000000000     
   124.00000000000000       0.95088478000000021       -4.9111894000000003E-002   0.0000000000000000        0.0000000000000000        0.0000000000000000     
   125.00000000000000       0.95151518000000002       -4.8486787000000003E-002   0.0000000000000000        0.0000000000000000        0.0000000000000000     
   126.00000000000001       0.95213232000000014       -4.7868523200000006E-002   0.0000000000000000        0.0000000000000000        0.0000000000000000     
   127.00000000000000       0.95274283000000004       -4.7257068899999997E-002   0.0000000000000000        0.0000000000000000        0.0000000000000000     
   128.00000000000000       0.95334333999999998       -4.6653053400000005E-002   0.0000000000000000        0.0000000000000000        0.0000000000000000     
   129.00000000000000       0.95394722000000010       -4.6055150699999998E-002   0.0000000000000000        0.0000000000000000        0.0000000000000000     
   130.00000000000000       0.95453447000000002       -4.5464619400000003E-002   0.0000000000000000        0.0000000000000000        0.0000000000000000     
   131.00000000000000       0.95511835000000012       -4.4881459499999998E-002   0.0000000000000000        0.0000000000000000        0.0000000000000000     
   132.00000000000000       0.95569234000000003       -4.4304345000000002E-002   0.0000000000000000        0.0000000000000000        0.0000000000000000     
   133.00000000000000       0.95626296000000011       -4.3734534500000005E-002   0.0000000000000000        0.0000000000000000        0.0000000000000000     
   134.00000000000000       0.95683032000000001       -4.3171331300000004E-002   0.0000000000000000        0.0000000000000000        0.0000000000000000     
   135.00000000000000       0.95738431000000013       -4.2614769099999998E-002   0.0000000000000000        0.0000000000000000        0.0000000000000000     
   136.00000000000000       0.95793503999999996       -4.2064780500000003E-002   0.0000000000000000        0.0000000000000000        0.0000000000000000     
   137.00000000000000       0.95847914000000012       -4.1521399200000003E-002   0.0000000000000000        0.0000000000000000        0.0000000000000000     
   138.00000000000000       0.95901323999999999       -4.0985187100000008E-002   0.0000000000000000        0.0000000000000000        0.0000000000000000     
   139.00000000000000       0.95954408000000013       -4.0454885599999997E-002   0.0000000000000000        0.0000000000000000        0.0000000000000000     
   140.00000000000000       0.96007155000000011       -3.9931753300000004E-002   0.0000000000000000        0.0000000000000000        0.0000000000000000     
   141.00000000000000       0.96058576000000007       -3.9415127199999997E-002   0.0000000000000000        0.0000000000000000        0.0000000000000000     
   142.00000000000000       0.96109660000000008       -3.8904310600000006E-002   0.0000000000000000        0.0000000000000000        0.0000000000000000     
   143.00000000000000       0.96159755000000002       -3.8400629500000005E-002   0.0000000000000000        0.0000000000000000        0.0000000000000000     
   144.00000000000000       0.96209513000000002       -3.7903387199999999E-002   0.0000000000000000        0.0000000000000000        0.0000000000000000     
   145.00000000000000       0.96258945000000007       -3.7411954400000003E-002   0.0000000000000000        0.0000000000000000        0.0000000000000000     
   146.00000000000000       0.96307377000000005       -3.6926926700000001E-002   0.0000000000000000        0.0000000000000000        0.0000000000000000     
   147.00000000000000       0.96355146000000003       -3.6448304100000002E-002   0.0000000000000000        0.0000000000000000        0.0000000000000000     
   148.00000000000000       0.96402252000000010       -3.5976086599999998E-002   0.0000000000000000        0.0000000000000000        0.0000000000000000     
   149.00000000000000       0.96449358000000007       -3.5509611200000006E-002   0.0000000000000000        0.0000000000000000        0.0000000000000000     
   150.00000000000000       0.96495138000000014       -3.5049507200000003E-002   0.0000000000000000        0.0000000000000000        0.0000000000000000     
   151.00000000000000       0.96540581000000003       -3.4595740899999998E-002   0.0000000000000000        0.0000000000000000        0.0000000000000000     
   152.00000000000000       0.96585035000000008       -3.4147682999999998E-002   0.0000000000000000        0.0000000000000000        0.0000000000000000     
   153.00000000000000       0.96629151999999996       -3.3705962800000003E-002   0.0000000000000000        0.0000000000000000        0.0000000000000000     
   154.00000000000000       0.96672606000000005       -3.3269917300000000E-002   0.0000000000000000        0.0000000000000000        0.0000000000000000     
   155.00000000000000       0.96716060000000004       -3.2840209500000002E-002   0.0000000000000000        0.0000000000000000        0.0000000000000000     
   156.00000000000000       0.96758188000000001       -3.2415446000000001E-002   0.0000000000000000        0.0000000000000000        0.0000000000000000     
   157.00000000000000       0.96800316000000008       -3.1997020200000004E-002   0.0000000000000000        0.0000000000000000        0.0000000000000000     
   158.00000000000000       0.96841780999999993       -3.1584864700000000E-002   0.0000000000000000        0.0000000000000000        0.0000000000000000     
   159.00000000000000       0.96882583000000011       -3.1177687200000002E-002   0.0000000000000000        0.0000000000000000        0.0000000000000000     
   160.00000000000000       0.96922722000000006       -3.0776117000000002E-002   0.0000000000000000        0.0000000000000000        0.0000000000000000     
   161.00000000000000       0.96961861000000005       -3.0380817100000002E-002   0.0000000000000000        0.0000000000000000        0.0000000000000000     
   162.00000000000000       0.97001336999999999       -2.9990461500000003E-002   0.0000000000000000        0.0000000000000000        0.0000000000000000     
   163.00000000000000       0.97039150000000007       -2.9605713200000005E-002   0.0000000000000000        0.0000000000000000        0.0000000000000000     
   164.00000000000000       0.97076963000000005       -2.9226504800000004E-002   0.0000000000000000        0.0000000000000000        0.0000000000000000     
   165.00000000000000       0.97115112999999997       -2.8852240700000000E-002   0.0000000000000000        0.0000000000000000        0.0000000000000000     
   166.00000000000000       0.97151600000000005       -2.8484179500000002E-002   0.0000000000000000        0.0000000000000000        0.0000000000000000     
   167.00000000000000       0.97188087000000012       -2.8120399600000002E-002   0.0000000000000000        0.0000000000000000        0.0000000000000000     
   168.00000000000000       0.97223910999999996       -2.7762788900000002E-002   0.0000000000000000        0.0000000000000000        0.0000000000000000     
   169.00000000000000       0.97259072000000002       -2.7409425800000001E-002   0.0000000000000000        0.0000000000000000        0.0000000000000000     
   170.00000000000000       0.97294232999999997       -2.7061636300000001E-002   0.0000000000000000        0.0000000000000000        0.0000000000000000     
   171.00000000000000       0.97327731000000006       -2.6718690000000000E-002   0.0000000000000000        0.0000000000000000        0.0000000000000000     
   172.00000000000000       0.97361566000000010       -2.6381283600000000E-002   0.0000000000000000        0.0000000000000000        0.0000000000000000     
   173.00000000000000       0.97395401000000015       -2.6048057400000001E-002   0.0000000000000000        0.0000000000000000        0.0000000000000000     
   174.00000000000000       0.97427573000000001       -2.5720371100000000E-002   0.0000000000000000        0.0000000000000000        0.0000000000000000     
   175.00000000000000       0.97460082000000003       -2.5396898700000000E-002   0.0000000000000000        0.0000000000000000        0.0000000000000000     
   176.00000000000000       0.97492254000000000       -2.5078898800000003E-002   0.0000000000000000        0.0000000000000000        0.0000000000000000     
   177.00000000000000       0.97523437000000002       -2.4765112800000003E-002   0.0000000000000000        0.0000000000000000        0.0000000000000000     
   178.00000000000000       0.97554282999999997       -2.4456136300000000E-002   0.0000000000000000        0.0000000000000000        0.0000000000000000     
   179.00000000000000       0.97584466000000003       -2.4151340000000000E-002   0.0000000000000000        0.0000000000000000        0.0000000000000000     
   180.00000000000000       0.97614986000000004       -2.3851386900000000E-002   0.0000000000000000        0.0000000000000000        0.0000000000000000     
   181.00000000000000       0.97644505999999998       -2.3556243300000002E-002   0.0000000000000000        0.0000000000000000        0.0000000000000000     
   182.00000000000000       0.97673363000000002       -2.3265279900000001E-002   0.0000000000000000        0.0000000000000000        0.0000000000000000     
   183.00000000000000       0.97702220000000006       -2.2978463000000001E-002   0.0000000000000000        0.0000000000000000        0.0000000000000000     
   184.00000000000000       0.97730413999999999       -2.2696455600000002E-002   0.0000000000000000        0.0000000000000000        0.0000000000000000     
   185.00000000000000       0.97757945000000013       -2.2417931700000001E-002   0.0000000000000000        0.0000000000000000        0.0000000000000000     
   186.00000000000000       0.97785476000000005       -2.2144217300000005E-002   0.0000000000000000        0.0000000000000000        0.0000000000000000     
   187.00000000000000       0.97812344000000007       -2.1874615700000002E-002   0.0000000000000000        0.0000000000000000        0.0000000000000000     
   188.00000000000000       0.97839212000000009       -2.1608531300000001E-002   0.0000000000000000        0.0000000000000000        0.0000000000000000     
   189.00000000000000       0.97865080000000004       -2.1347222700000001E-002   0.0000000000000000        0.0000000000000000        0.0000000000000000     
   190.00000000000000       0.97891284999999995       -2.1089363900000001E-002   0.0000000000000000        0.0000000000000000        0.0000000000000000     
   191.00000000000000       0.97916827000000006       -2.0835651600000001E-002   0.0000000000000000        0.0000000000000000        0.0000000000000000     
   192.00000000000000       0.97941369000000000       -2.0585389100000000E-002   0.0000000000000000        0.0000000000000000        0.0000000000000000     
   193.00000000000000       0.97966248000000000       -2.0339273100000003E-002   0.0000000000000000        0.0000000000000000        0.0000000000000000     
   194.00000000000000       0.97990464000000010       -2.0097236200000000E-002   0.0000000000000000        0.0000000000000000        0.0000000000000000     
   195.00000000000000       0.98014343000000004       -1.9857986100000002E-002   0.0000000000000000        0.0000000000000000        0.0000000000000000     
   196.00000000000000       0.98037896000000002       -1.9622882500000001E-002   0.0000000000000000        0.0000000000000000        0.0000000000000000     
   197.00000000000003       0.98061111999999995       -1.9391858000000001E-002   0.0000000000000000        0.0000000000000000        0.0000000000000000     
   198.00000000000000       0.98084002000000015       -1.9163620300000003E-002   0.0000000000000000        0.0000000000000000        0.0000000000000000     
   199.00000000000000       0.98105891999999995       -1.8939495399999999E-002   0.0000000000000000        0.0000000000000000        0.0000000000000000     
   200.00000000000000       0.98127782000000008       -1.8718123600000001E-002   0.0000000000000000        0.0000000000000000        0.0000000000000000     
   201.00000000000000       0.98150009000000005       -1.8500864600000000E-002   0.0000000000000000        0.0000000000000000        0.0000000000000000     
   202.00000000000000       0.98171236000000006       -1.8286392400000004E-002   0.0000000000000000        0.0000000000000000        0.0000000000000000     
   203.00000000000000       0.98192463000000008       -1.8075302600000002E-002   0.0000000000000000        0.0000000000000000        0.0000000000000000     
   204.00000000000000       0.98213027000000008       -1.7867696299999999E-002   0.0000000000000000        0.0000000000000000        0.0000000000000000     
   205.00000000000003       0.98233591000000009       -1.7662809400000000E-002   0.0000000000000000        0.0000000000000000        0.0000000000000000     
   206.00000000000000       0.98253829000000015       -1.7461372300000003E-002   0.0000000000000000        0.0000000000000000        0.0000000000000000     
   207.00000000000000       0.98273730000000015       -1.7262654600000003E-002   0.0000000000000000        0.0000000000000000        0.0000000000000000     
   208.00000000000000       0.98293631000000015       -1.7067386700000003E-002   0.0000000000000000        0.0000000000000000        0.0000000000000000     
   209.00000000000000       0.98312869000000003       -1.6874871900000001E-002   0.0000000000000000        0.0000000000000000        0.0000000000000000     
   210.00000000000003       0.98331444000000001       -1.6685773200000000E-002   0.0000000000000000        0.0000000000000000        0.0000000000000000     
   211.00000000000000       0.98350019000000011       -1.6498764600000000E-002   0.0000000000000000        0.0000000000000000        0.0000000000000000     
   212.00000000000000       0.98368594000000009       -1.6315138399999998E-002   0.0000000000000000        0.0000000000000000        0.0000000000000000     
   213.00000000000000       0.98386506000000007       -1.6134299000000001E-002   0.0000000000000000        0.0000000000000000        0.0000000000000000     
   214.00000000000000       0.98404418000000005       -1.5956179000000001E-002   0.0000000000000000        0.0000000000000000        0.0000000000000000     
   215.00000000000000       0.98421993000000008       -1.5780149099999998E-002   0.0000000000000000        0.0000000000000000        0.0000000000000000     
   216.00000000000000       0.98439242000000005       -1.5607501600000002E-002   0.0000000000000000        0.0000000000000000        0.0000000000000000     
   217.00000000000000       0.98456491000000002       -1.5437607200000000E-002   0.0000000000000000        0.0000000000000000        0.0000000000000000     
   218.00000000000003       0.98473076999999998       -1.5269802900000001E-002   0.0000000000000000        0.0000000000000000        0.0000000000000000     
   219.00000000000000       0.98489663000000005       -1.5104718000000000E-002   0.0000000000000000        0.0000000000000000        0.0000000000000000     
   220.00000000000000       0.98505912000000007       -1.4941723200000001E-002   0.0000000000000000        0.0000000000000000        0.0000000000000000     
   221.00000000000000       0.98521835000000002       -1.4781414099999999E-002   0.0000000000000000        0.0000000000000000        0.0000000000000000     
   222.00000000000000       0.98537757999999998       -1.4623891800000002E-002   0.0000000000000000        0.0000000000000000        0.0000000000000000     
   223.00000000000003       0.98553344000000009       -1.4468392200000001E-002   0.0000000000000000        0.0000000000000000        0.0000000000000000     
   224.00000000000000       0.98568604000000004       -1.4314982699999999E-002   0.0000000000000000        0.0000000000000000        0.0000000000000000     
   225.00000000000000       0.98583864000000010       -1.4164292600000003E-002   0.0000000000000000        0.0000000000000000        0.0000000000000000     
   226.00000000000000       0.98598124000000009       -1.4015692600000001E-002   0.0000000000000000        0.0000000000000000        0.0000000000000000     
   227.00000000000000       0.98613384000000015       -1.3869115300000000E-002   0.0000000000000000        0.0000000000000000        0.0000000000000000     
   228.00000000000000       0.98627644000000003       -1.3725291099999998E-002   0.0000000000000000        0.0000000000000000        0.0000000000000000     
   229.00000000000000       0.98641578000000008       -1.3582860300000001E-002   0.0000000000000000        0.0000000000000000        0.0000000000000000     
   230.00000000000000       0.98656175000000013       -1.3443115200000001E-002   0.0000000000000000        0.0000000000000000        0.0000000000000000     
   231.00000000000003       0.98669772000000000       -1.3304797200000003E-002   0.0000000000000000        0.0000000000000000        0.0000000000000000     
   232.00000000000000       0.98683043000000015       -1.3169198599999999E-002   0.0000000000000000        0.0000000000000000        0.0000000000000000     
   233.00000000000000       0.98696640000000002       -1.3034959700000001E-002   0.0000000000000000        0.0000000000000000        0.0000000000000000     
   234.00000000000000       0.98709574000000000       -1.2903473900000002E-002   0.0000000000000000        0.0000000000000000        0.0000000000000000     
   235.00000000000000       0.98722845000000004       -1.2773347800000001E-002   0.0000000000000000        0.0000000000000000        0.0000000000000000     
   236.00000000000003       0.98735116000000001       -1.2645278100000002E-002   0.0000000000000000        0.0000000000000000        0.0000000000000000     
   237.00000000000000       0.98748387000000015       -1.2518601800000003E-002   0.0000000000000000        0.0000000000000000        0.0000000000000000     
   238.00000000000000       0.98760658000000001       -1.2393981900000002E-002   0.0000000000000000        0.0000000000000000        0.0000000000000000     
   239.00000000000003       0.98772929000000009       -1.2271418400000001E-002   0.0000000000000000        0.0000000000000000        0.0000000000000000     
   240.00000000000000       0.98784874000000000       -1.2150877600000002E-002   0.0000000000000000        0.0000000000000000        0.0000000000000000     
   241.00000000000000       0.98797145000000008       -1.2031730200000002E-002   0.0000000000000000        0.0000000000000000        0.0000000000000000     
   242.00000000000000       0.98808753000000005       -1.1913976200000001E-002   0.0000000000000000        0.0000000000000000        0.0000000000000000     
   243.00000000000000       0.98820035000000006       -1.1798244899999999E-002   0.0000000000000000        0.0000000000000000        0.0000000000000000     
   244.00000000000003       0.98831643000000002       -1.1683907000000000E-002   0.0000000000000000        0.0000000000000000        0.0000000000000000     
   245.00000000000000       0.98842588000000009       -1.1571591800000001E-002   0.0000000000000000        0.0000000000000000        0.0000000000000000     
   246.00000000000000       0.98853533000000016       -1.1460670000000001E-002   0.0000000000000000        0.0000000000000000        0.0000000000000000     
   247.00000000000000       0.98864815000000006       -1.1351107900000001E-002   0.0000000000000000        0.0000000000000000        0.0000000000000000     
   248.00000000000000       0.98875760000000001       -1.1242939200000001E-002   0.0000000000000000        0.0000000000000000        0.0000000000000000     
   249.00000000000003       0.98886042000000007       -1.1136826900000001E-002   0.0000000000000000        0.0000000000000000        0.0000000000000000     
   250.00000000000000       0.98896987000000003       -1.1031411300000000E-002   0.0000000000000000        0.0000000000000000        0.0000000000000000     
   251.00000000000000       0.98907269000000009       -1.0928018400000000E-002   0.0000000000000000        0.0000000000000000        0.0000000000000000     
   252.00000000000003       0.98917224999999998       -1.0826018900000001E-002   0.0000000000000000        0.0000000000000000        0.0000000000000000     
   253.00000000000000       0.98927507000000003       -1.0725379100000000E-002   0.0000000000000000        0.0000000000000000        0.0000000000000000     
   254.00000000000000       0.98937125999999997       -1.0626099000000002E-002   0.0000000000000000        0.0000000000000000        0.0000000000000000     
   255.00000000000000       0.98947408000000003       -1.0528212300000001E-002   0.0000000000000000        0.0000000000000000        0.0000000000000000     
   256.00000000000000       0.98957026999999997       -1.0431685300000000E-002   0.0000000000000000        0.0000000000000000        0.0000000000000000     
   257.00000000000000       0.98966646000000003       -1.0336551700000000E-002   0.0000000000000000        0.0000000000000000        0.0000000000000000     
   258.00000000000000       0.98975601999999996       -1.0242114800000000E-002   0.0000000000000000        0.0000000000000000        0.0000000000000000     
   259.00000000000000       0.98985221000000001       -1.0149666900000002E-002   0.0000000000000000        0.0000000000000000        0.0000000000000000     
   260.00000000000000       0.98994176999999994       -1.0057983100000001E-002   0.0000000000000000        0.0000000000000000        0.0000000000000000     
   261.00000000000000       0.99003133000000010       -9.9676253000000013E-003   0.0000000000000000        0.0000000000000000        0.0000000000000000     
   262.00000000000000       0.99012089000000003       -9.8786609000000008E-003   0.0000000000000000        0.0000000000000000        0.0000000000000000     
   263.00000000000000       0.99021045000000008       -9.7910224999999997E-003   0.0000000000000000        0.0000000000000000        0.0000000000000000     
   264.00000000000000       0.99029338000000000       -9.7041145000000013E-003   0.0000000000000000        0.0000000000000000        0.0000000000000000     
   265.00000000000000       0.99038294000000004       -9.6185661999999995E-003   0.0000000000000000        0.0000000000000000        0.0000000000000000     
   266.00000000000000       0.99046586999999997       -9.5337483000000004E-003   0.0000000000000000        0.0000000000000000        0.0000000000000000     
   267.00000000000000       0.99054880000000001       -9.4502564000000008E-003   0.0000000000000000        0.0000000000000000        0.0000000000000000     
   268.00000000000000       0.99063173000000004       -9.3681242000000012E-003   0.0000000000000000        0.0000000000000000        0.0000000000000000     
   269.00000000000000       0.99071466000000008       -9.2867224000000009E-003   0.0000000000000000        0.0000000000000000        0.0000000000000000     
   270.00000000000000       0.99079096000000022       -9.2066803000000023E-003   0.0000000000000000        0.0000000000000000        0.0000000000000000     
   271.00000000000000       0.99087389000000003       -9.1273012000000001E-003   0.0000000000000000        0.0000000000000000        0.0000000000000000     
   272.00000000000000       0.99095019000000018       -9.0486525000000005E-003   0.0000000000000000        0.0000000000000000        0.0000000000000000     
   273.00000000000000       0.99102649000000009       -8.9719928000000018E-003   0.0000000000000000        0.0000000000000000        0.0000000000000000     
   274.00000000000000       0.99110279000000001       -8.8954005000000010E-003   0.0000000000000000        0.0000000000000000        0.0000000000000000     
   275.00000000000000       0.99117909000000015       -8.8201679000000002E-003   0.0000000000000000        0.0000000000000000        0.0000000000000000     
   276.00000000000000       0.99125539000000007       -8.7455983000000008E-003   0.0000000000000000        0.0000000000000000        0.0000000000000000     
   277.00000000000000       0.99132832000000004       -8.6724221000000004E-003   0.0000000000000000        0.0000000000000000        0.0000000000000000     
   278.00000000000000       0.99139799000000006       -8.5999088999999997E-003   0.0000000000000000        0.0000000000000000        0.0000000000000000     
   279.00000000000000       0.99147428999999998       -8.5281261000000001E-003   0.0000000000000000        0.0000000000000000        0.0000000000000000     
   280.00000000000000       0.99154396000000000       -8.4576692999999998E-003   0.0000000000000000        0.0000000000000000        0.0000000000000000     
   281.00000000000000       0.99161363000000002       -8.3872462000000002E-003   0.0000000000000000        0.0000000000000000        0.0000000000000000     
   282.00000000000000       0.99168330000000005       -8.3181828000000006E-003   0.0000000000000000        0.0000000000000000        0.0000000000000000     
   283.00000000000000       0.99174960000000012       -8.2504790999999994E-003   0.0000000000000000        0.0000000000000000        0.0000000000000000     
   284.00000000000000       0.99181927000000003       -8.1828091000000006E-003   0.0000000000000000        0.0000000000000000        0.0000000000000000     
   285.00000000000000       0.99188231000000004       -8.1164988000000000E-003   0.0000000000000000        0.0000000000000000        0.0000000000000000     
   286.00000000000000       0.99195198000000007       -8.0501884999999995E-003   0.0000000000000000        0.0000000000000000        0.0000000000000000     
   287.00000000000000       0.99201501999999997       -7.9852715999999997E-003   0.0000000000000000        0.0000000000000000        0.0000000000000000     
   288.00000000000000       0.99207469000000015       -7.9210176999999996E-003   0.0000000000000000        0.0000000000000000        0.0000000000000000     
   289.00000000000000       0.99214436000000006       -7.8574604999999999E-003   0.0000000000000000        0.0000000000000000        0.0000000000000000     
   290.00000000000000       0.99220740000000007       -7.7952630000000002E-003   0.0000000000000000        0.0000000000000000        0.0000000000000000     
   291.00000000000000       0.99227044000000009       -7.7330655000000005E-003   0.0000000000000000        0.0000000000000000        0.0000000000000000     
   292.00000000000000       0.99233011000000004       -7.6715984000000001E-003   0.0000000000000000        0.0000000000000000        0.0000000000000000     
   293.00000000000000       0.99238652000000016       -7.6114573000000000E-003   0.0000000000000000        0.0000000000000000        0.0000000000000000     
   294.00000000000000       0.99244956000000006       -7.5513499000000005E-003   0.0000000000000000        0.0000000000000000        0.0000000000000000     
   295.00000000000000       0.99250923000000013       -7.4919156100000002E-003   0.0000000000000000        0.0000000000000000        0.0000000000000000     
   296.00000000000000       0.99256564000000003       -7.4338410200000017E-003   0.0000000000000000        0.0000000000000000        0.0000000000000000     
   297.00000000000000       0.99262205000000003       -7.3757900200000000E-003   0.0000000000000000        0.0000000000000000        0.0000000000000000     
   298.00000000000000       0.99268509000000005       -7.3184289800000005E-003   0.0000000000000000        0.0000000000000000        0.0000000000000000     
   299.00000000000000       0.99273813000000000       -7.2617511599999997E-003   0.0000000000000000        0.0000000000000000        0.0000000000000000     
   300.00000000000000       0.99279454000000011       -7.2064262999999998E-003   0.0000000000000000        0.0000000000000000        0.0000000000000000     
   301.00000000000000       0.99285095000000001       -7.1511216600000007E-003   0.0000000000000000        0.0000000000000000        0.0000000000000000     
   302.00000000000000       0.99290399000000007       -7.0965036099999998E-003   0.0000000000000000        0.0000000000000000        0.0000000000000000     
   303.00000000000000       0.99296040000000008       -7.0419091500000001E-003   0.0000000000000000        0.0000000000000000        0.0000000000000000     
   304.00000000000000       0.99301018000000008       -6.9886609100000005E-003   0.0000000000000000        0.0000000000000000        0.0000000000000000     
   305.00000000000000       0.99306322000000002       -6.9358306899999994E-003   0.0000000000000000        0.0000000000000000        0.0000000000000000     
   306.00000000000000       0.99311963000000003       -6.8835544600000000E-003   0.0000000000000000        0.0000000000000000        0.0000000000000000     
   307.00000000000000       0.99316603999999997       -6.8318288499999999E-003   0.0000000000000000        0.0000000000000000        0.0000000000000000     
   308.00000000000000       0.99321582000000008       -6.7806572300000006E-003   0.0000000000000000        0.0000000000000000        0.0000000000000000     
   309.00000000000000       0.99327223000000009       -6.7300328600000004E-003   0.0000000000000000        0.0000000000000000        0.0000000000000000     
   310.00000000000000       0.99331864000000003       -6.6799624800000009E-003   0.0000000000000000        0.0000000000000000        0.0000000000000000     
   311.00000000000000       0.99336842000000014       -6.6304427200000000E-003   0.0000000000000000        0.0000000000000000        0.0000000000000000     
   312.00000000000000       0.99341820000000003       -6.5814702099999999E-003   0.0000000000000000        0.0000000000000000        0.0000000000000000     
   313.00000000000000       0.99346460999999997       -6.5329820200000005E-003   0.0000000000000000        0.0000000000000000        0.0000000000000000     
   314.00000000000000       0.99351439000000008       -6.4850444500000005E-003   0.0000000000000000        0.0000000000000000        0.0000000000000000     
   315.00000000000000       0.99356080000000002       -6.4375248999999999E-003   0.0000000000000000        0.0000000000000000        0.0000000000000000     
   316.00000000000000       0.99361058000000013       -6.3906189000000006E-003   0.0000000000000000        0.0000000000000000        0.0000000000000000     
   317.00000000000000       0.99365699000000007       -6.3441309200000006E-003   0.0000000000000000        0.0000000000000000        0.0000000000000000     
   318.00000000000000       0.99370014000000007       -6.2981272600000004E-003   0.0000000000000000        0.0000000000000000        0.0000000000000000     
   319.00000000000000       0.99374991999999995       -6.2526674800000006E-003   0.0000000000000000        0.0000000000000000        0.0000000000000000     
   320.00000000000000       0.99378970000000000       -6.2076257200000002E-003   0.0000000000000000        0.0000000000000000        0.0000000000000000     
   321.00000000000000       0.99383948000000000       -6.1630649100000009E-003   0.0000000000000000        0.0000000000000000        0.0000000000000000     
   322.00000000000000       0.99387926000000004       -6.1189221200000001E-003   0.0000000000000000        0.0000000000000000        0.0000000000000000     
   323.00000000000000       0.99392241000000003       -6.0752569100000001E-003   0.0000000000000000        0.0000000000000000        0.0000000000000000     
   324.00000000000000       0.99396881999999998       -6.0320097200000002E-003   0.0000000000000000        0.0000000000000000        0.0000000000000000     
   325.00000000000000       0.99401197000000008       -5.9892434800000007E-003   0.0000000000000000        0.0000000000000000        0.0000000000000000     
   326.00000000000000       0.99405175000000001       -5.9468885200000005E-003   0.0000000000000000        0.0000000000000000        0.0000000000000000     
   327.00000000000000       0.99409490000000011       -5.9050178800000002E-003   0.0000000000000000        0.0000000000000000        0.0000000000000000     
   328.00000000000000       0.99413468000000016       -5.8634922200000014E-003   0.0000000000000000        0.0000000000000000        0.0000000000000000     
   329.00000000000000       0.99417783000000004       -5.8223812099999998E-003   0.0000000000000000        0.0000000000000000        0.0000000000000000     
   330.00000000000000       0.99421761000000008       -5.7816814800000001E-003   0.0000000000000000        0.0000000000000000        0.0000000000000000     
   331.00000000000000       0.99426075999999997       -5.7413997700000007E-003   0.0000000000000000        0.0000000000000000        0.0000000000000000     
   332.00000000000000       0.99429391000000011       -5.7015293399999998E-003   0.0000000000000000        0.0000000000000000        0.0000000000000000     
   333.00000000000000       0.99433706000000011       -5.6620701900000001E-003   0.0000000000000000        0.0000000000000000        0.0000000000000000     
   334.00000000000000       0.99437683999999993       -5.6229593900000005E-003   0.0000000000000000        0.0000000000000000        0.0000000000000000     
   335.00000000000000       0.99441336000000002       -5.5842598700000003E-003   0.0000000000000000        0.0000000000000000        0.0000000000000000     
   336.00000000000000       0.99445314000000007       -5.5459087000000002E-003   0.0000000000000000        0.0000000000000000        0.0000000000000000     
   337.00000000000000       0.99448965999999994       -5.5079025100000008E-003   0.0000000000000000        0.0000000000000000        0.0000000000000000     
   338.00000000000000       0.99452943999999999       -5.4703076000000000E-003   0.0000000000000000        0.0000000000000000        0.0000000000000000     
   339.00000000000000       0.99456596000000008       -5.4330576700000006E-003   0.0000000000000000        0.0000000000000000        0.0000000000000000     
   340.00000000000000       0.99460574000000013       -5.3961560899999997E-003   0.0000000000000000        0.0000000000000000        0.0000000000000000     
   341.00000000000000       0.99464226000000000       -5.3595994900000003E-003   0.0000000000000000        0.0000000000000000        0.0000000000000000     
   342.00000000000000       0.99467540999999993       -5.3234508000000007E-003   0.0000000000000000        0.0000000000000000        0.0000000000000000     
   343.00000000000000       0.99471193000000002       -5.2875841600000008E-003   0.0000000000000000        0.0000000000000000        0.0000000000000000     
   344.00000000000000       0.99474508000000006       -5.2520624999999998E-003   0.0000000000000000        0.0000000000000000        0.0000000000000000     
   345.00000000000000       0.99478160000000004       -5.2168858200000003E-003   0.0000000000000000        0.0000000000000000        0.0000000000000000     
   346.00000000000000       0.99481474999999997       -5.1820507500000010E-003   0.0000000000000000        0.0000000000000000        0.0000000000000000     
   347.00000000000000       0.99484790000000012       -5.1474977300000006E-003   0.0000000000000000        0.0000000000000000        0.0000000000000000     
   348.00000000000000       0.99488441999999999       -5.1132863200000003E-003   0.0000000000000000        0.0000000000000000        0.0000000000000000     
   349.00000000000000       0.99491757000000003       -5.0794198899999999E-003   0.0000000000000000        0.0000000000000000        0.0000000000000000     
   350.00000000000000       0.99495409000000001       -5.0458287700000000E-003   0.0000000000000000        0.0000000000000000        0.0000000000000000     
   351.00000000000000       0.99498723999999994       -5.0125859999999994E-003   0.0000000000000000        0.0000000000000000        0.0000000000000000     
   352.00000000000000       0.99502376000000003       -4.9796185400000003E-003   0.0000000000000000        0.0000000000000000        0.0000000000000000     
   353.00000000000000       0.99505028000000006       -4.9469926900000006E-003   0.0000000000000000        0.0000000000000000        0.0000000000000000     
   354.00000000000000       0.99508342999999999       -4.9145792199999996E-003   0.0000000000000000        0.0000000000000000        0.0000000000000000     
   355.00000000000000       0.99511995000000009       -4.8825736600000003E-003   0.0000000000000000        0.0000000000000000        0.0000000000000000     
   356.00000000000000       0.99514647000000012       -4.8507804800000005E-003   0.0000000000000000        0.0000000000000000        0.0000000000000000     
   357.00000000000000       0.99518299000000010       -4.8192659800000001E-003   0.0000000000000000        0.0000000000000000        0.0000000000000000     
   358.00000000000000       0.99520951000000013       -4.7880930899999999E-003   0.0000000000000000        0.0000000000000000        0.0000000000000000     
   359.00000000000000       0.99524266000000006       -4.7571292099999997E-003   0.0000000000000000        0.0000000000000000        0.0000000000000000     
   360.00000000000000       0.99527255000000014       -4.7265069399999998E-003   0.0000000000000000        0.0000000000000000        0.0000000000000000     
   361.00000000000000       0.99530570000000007       -4.6960970500000004E-003   0.0000000000000000        0.0000000000000000        0.0000000000000000     
   362.00000000000000       0.99533559000000005       -4.6660287700000004E-003   0.0000000000000000        0.0000000000000000        0.0000000000000000     
   363.00000000000000       0.99536211000000008       -4.6361694999999996E-003   0.0000000000000000        0.0000000000000000        0.0000000000000000     
   364.00000000000000       0.99539526000000011       -4.6065855400000003E-003   0.0000000000000000        0.0000000000000000        0.0000000000000000     
   365.00000000000000       0.99542514999999998       -4.5772768899999998E-003   0.0000000000000000        0.0000000000000000        0.0000000000000000     
   366.00000000000000       0.99545167000000001       -4.5481806199999999E-003   0.0000000000000000        0.0000000000000000        0.0000000000000000     
   367.00000000000000       0.99547819000000004       -4.5193562900000001E-003   0.0000000000000000        0.0000000000000000        0.0000000000000000     
   368.00000000000000       0.99550808000000002       -4.4908106400000005E-003   0.0000000000000000        0.0000000000000000        0.0000000000000000     
   369.00000000000000       0.99553460000000005       -4.4624706300000006E-003   0.0000000000000000        0.0000000000000000        0.0000000000000000     
   370.00000000000000       0.99556449000000002       -4.4344093000000008E-003   0.0000000000000000        0.0000000000000000        0.0000000000000000     
   371.00000000000000       0.99559101000000005       -4.4066199100000003E-003   0.0000000000000000        0.0000000000000000        0.0000000000000000     
   372.00000000000000       0.99561753000000008       -4.3790395300000000E-003   0.0000000000000000        0.0000000000000000        0.0000000000000000     
   373.00000000000000       0.99564742000000006       -4.3516715300000001E-003   0.0000000000000000        0.0000000000000000        0.0000000000000000     
   374.00000000000000       0.99567394000000009       -4.3245721000000001E-003   0.0000000000000000        0.0000000000000000        0.0000000000000000     
   375.00000000000000       0.99570046000000012       -4.2976850500000005E-003   0.0000000000000000        0.0000000000000000        0.0000000000000000     
   376.00000000000000       0.99573035000000010       -4.2710070100000002E-003   0.0000000000000000        0.0000000000000000        0.0000000000000000     
   377.00000000000000       0.99575687000000013       -4.2445346100000005E-003   0.0000000000000000        0.0000000000000000        0.0000000000000000     
   378.00000000000000       0.99578339000000016       -4.2183375200000005E-003   0.0000000000000000        0.0000000000000000        0.0000000000000000     
   379.00000000000000       0.99580665000000002       -4.1923494400000006E-003   0.0000000000000000        0.0000000000000000        0.0000000000000000     
   380.00000000000000       0.99583317000000005       -4.1665669999999995E-003   0.0000000000000000        0.0000000000000000        0.0000000000000000     
   381.00000000000000       0.99585969000000008       -4.1410598700000007E-003   0.0000000000000000        0.0000000000000000        0.0000000000000000     
   382.00000000000000       0.99588295000000016       -4.1156954499999999E-003   0.0000000000000000        0.0000000000000000        0.0000000000000000     
   383.00000000000000       0.99590947000000019       -4.0905366700000004E-003   0.0000000000000000        0.0000000000000000        0.0000000000000000     
   384.00000000000000       0.99593599000000022       -4.0655835300000007E-003   0.0000000000000000        0.0000000000000000        0.0000000000000000     
   385.00000000000000       0.99595925000000007       -4.0409090700000002E-003   0.0000000000000000        0.0000000000000000        0.0000000000000000     
   386.00000000000000       0.99598576999999999       -4.0163705800000003E-003   0.0000000000000000        0.0000000000000000        0.0000000000000000     
   387.00000000000000       0.99600566000000013       -3.9920444700000000E-003   0.0000000000000000        0.0000000000000000        0.0000000000000000     
   388.00000000000000       0.99603554999999999       -3.9679206300000007E-003   0.0000000000000000        0.0000000000000000        0.0000000000000000     
   389.00000000000006       0.99605544000000001       -3.9440058000000007E-003   0.0000000000000000        0.0000000000000000        0.0000000000000000     
   390.00000000000000       0.99608196000000004       -3.9202999800000008E-003   0.0000000000000000        0.0000000000000000        0.0000000000000000     
   391.00000000000000       0.99610184999999996       -3.8967301300000005E-003   0.0000000000000000        0.0000000000000000        0.0000000000000000     
   392.00000000000000       0.99612511000000015       -3.8734389600000004E-003   0.0000000000000000        0.0000000000000000        0.0000000000000000     
   393.00000000000000       0.99615163000000007       -3.8502174599999999E-003   0.0000000000000000        0.0000000000000000        0.0000000000000000     
   394.00000000000006       0.99617152000000009       -3.8272712700000004E-003   0.0000000000000000        0.0000000000000000        0.0000000000000000     
   395.00000000000000       0.99619478000000006       -3.8044644199999996E-003   0.0000000000000000        0.0000000000000000        0.0000000000000000     
   396.00000000000000       0.99622129999999998       -3.7818632100000004E-003   0.0000000000000000        0.0000000000000000        0.0000000000000000     
   397.00000000000000       0.99624119000000011       -3.7594676400000003E-003   0.0000000000000000        0.0000000000000000        0.0000000000000000     
   398.00000000000000       0.99626445000000008       -3.7372147800000003E-003   0.0000000000000000        0.0000000000000000        0.0000000000000000     
   399.00000000000006       0.99628434000000010       -3.7151675600000005E-003   0.0000000000000000        0.0000000000000000        0.0000000000000000     
   400.00000000000000       0.99630423000000001       -3.6932596800000003E-003   0.0000000000000000        0.0000000000000000        0.0000000000000000     
   401.00000000000000       0.99632412000000015       -3.6714911400000001E-003   0.0000000000000000        0.0000000000000000        0.0000000000000000     
   402.00000000000000       0.99635401000000001       -3.6499945400000002E-003   0.0000000000000000        0.0000000000000000        0.0000000000000000     
   403.00000000000000       0.99637390000000003       -3.6285743500000002E-003   0.0000000000000000        0.0000000000000000        0.0000000000000000     
   404.00000000000000       0.99639379000000006       -3.6073564300000004E-003   0.0000000000000000        0.0000000000000000        0.0000000000000000     
   405.00000000000000       0.99641368000000008       -3.5863475199999998E-003   0.0000000000000000        0.0000000000000000        0.0000000000000000     
   406.00000000000000       0.99643694000000005       -3.5654082800000006E-003   0.0000000000000000        0.0000000000000000        0.0000000000000000     
   407.00000000000000       0.99645683000000007       -3.5446780500000001E-003   0.0000000000000000        0.0000000000000000        0.0000000000000000     
   408.00000000000000       0.99647672000000009       -3.5241500900000003E-003   0.0000000000000000        0.0000000000000000        0.0000000000000000     
   409.00000000000000       0.99649998000000006       -3.5036985400000000E-003   0.0000000000000000        0.0000000000000000        0.0000000000000000     
   410.00000000000006       0.99651987000000009       -3.4834492599999998E-003   0.0000000000000000        0.0000000000000000        0.0000000000000000     
   411.00000000000000       0.99653313000000010       -3.4634089899999998E-003   0.0000000000000000        0.0000000000000000        0.0000000000000000     
   412.00000000000000       0.99655302000000001       -3.4434383900000002E-003   0.0000000000000000        0.0000000000000000        0.0000000000000000     
   413.00000000000000       0.99657627999999998       -3.4236734299999999E-003   0.0000000000000000        0.0000000000000000        0.0000000000000000     
   414.00000000000000       0.99659617000000011       -3.4039815100000001E-003   0.0000000000000000        0.0000000000000000        0.0000000000000000     
   415.00000000000006       0.99661606000000003       -3.3844952300000003E-003   0.0000000000000000        0.0000000000000000        0.0000000000000000     
   416.00000000000000       0.99663594999999994       -3.3651482900000002E-003   0.0000000000000000        0.0000000000000000        0.0000000000000000     
   417.00000000000000       0.99665258000000001       -3.3459406900000002E-003   0.0000000000000000        0.0000000000000000        0.0000000000000000     
   418.00000000000000       0.99667247000000003       -3.3269353600000003E-003   0.0000000000000000        0.0000000000000000        0.0000000000000000     
   419.00000000000000       0.99669236000000005       -3.3080030700000005E-003   0.0000000000000000        0.0000000000000000        0.0000000000000000     
   420.00000000000006       0.99671225000000008       -3.2892101199999998E-003   0.0000000000000000        0.0000000000000000        0.0000000000000000     
   421.00000000000000       0.99672888000000004       -3.2706228100000002E-003   0.0000000000000000        0.0000000000000000        0.0000000000000000     
   422.00000000000000       0.99674877000000017       -3.2521051700000001E-003   0.0000000000000000        0.0000000000000000        0.0000000000000000     
   423.00000000000000       0.99676866000000008       -3.2337965400000002E-003   0.0000000000000000        0.0000000000000000        0.0000000000000000     
   424.00000000000000       0.99678192000000010       -3.2155575799999998E-003   0.0000000000000000        0.0000000000000000        0.0000000000000000     
   425.00000000000006       0.99680518000000007       -3.1974545900000004E-003   0.0000000000000000        0.0000000000000000        0.0000000000000000     
   426.00000000000000       0.99681844000000008       -3.1794909399999998E-003   0.0000000000000000        0.0000000000000000        0.0000000000000000     
   427.00000000000000       0.99683833000000011       -3.1617329300000002E-003   0.0000000000000000        0.0000000000000000        0.0000000000000000     
   428.00000000000000       0.99685822000000002       -3.1440479599999997E-003   0.0000000000000000        0.0000000000000000        0.0000000000000000     
   429.00000000000000       0.99687148000000003       -3.1264326600000001E-003   0.0000000000000000        0.0000000000000000        0.0000000000000000     
   430.00000000000000       0.99689474000000011       -3.1090230000000003E-003   0.0000000000000000        0.0000000000000000        0.0000000000000000     
   431.00000000000006       0.99690800000000013       -3.0917493100000000E-003   0.0000000000000000        0.0000000000000000        0.0000000000000000     
   432.00000000000000       0.99692789000000004       -3.0745486599999998E-003   0.0000000000000000        0.0000000000000000        0.0000000000000000     
   433.00000000000000       0.99694115000000005       -3.0574873500000001E-003   0.0000000000000000        0.0000000000000000        0.0000000000000000     
   434.00000000000000       0.99695778000000002       -3.0405620100000001E-003   0.0000000000000000        0.0000000000000000        0.0000000000000000     
   435.00000000000000       0.99697767000000004       -3.0237760100000001E-003   0.0000000000000000        0.0000000000000000        0.0000000000000000     
   436.00000000000006       0.99699093000000005       -3.0070596800000002E-003   0.0000000000000000        0.0000000000000000        0.0000000000000000     
   437.00000000000000       0.99701082000000008       -2.9904826899999999E-003   0.0000000000000000        0.0000000000000000        0.0000000000000000     
   438.00000000000000       0.99702408000000009       -2.9740416699999997E-003   0.0000000000000000        0.0000000000000000        0.0000000000000000     
   439.00000000000000       0.99704071000000005       -2.9577399900000000E-003   0.0000000000000000        0.0000000000000000        0.0000000000000000     
   440.00000000000000       0.99706059999999996       -2.9415079800000003E-003   0.0000000000000000        0.0000000000000000        0.0000000000000000     
   441.00000000000006       0.99707385999999998       -2.9254119399999999E-003   0.0000000000000000        0.0000000000000000        0.0000000000000000     
   442.00000000000000       0.99708711999999999       -2.9094552400000004E-003   0.0000000000000000        0.0000000000000000        0.0000000000000000     
   443.00000000000000       0.99711038000000007       -2.8935715800000000E-003   0.0000000000000000        0.0000000000000000        0.0000000000000000     
   444.00000000000000       0.99712364000000009       -2.8778238899999998E-003   0.0000000000000000        0.0000000000000000        0.0000000000000000     
   445.00000000000000       0.99713690000000010       -2.8621458700000004E-003   0.0000000000000000        0.0000000000000000        0.0000000000000000     
   446.00000000000006       0.99715016000000001       -2.8466071899999998E-003   0.0000000000000000        0.0000000000000000        0.0000000000000000     
   447.00000000000000       0.99717005000000014       -2.8312044799999997E-003   0.0000000000000000        0.0000000000000000        0.0000000000000000     
   448.00000000000000       0.99718667999999999       -2.8158714400000001E-003   0.0000000000000000        0.0000000000000000        0.0000000000000000     
   449.00000000000000       0.99719994000000001       -2.8006114399999997E-003   0.0000000000000000        0.0000000000000000        0.0000000000000000     
   450.00000000000000       0.99721320000000002       -2.7855537100000003E-003   0.0000000000000000        0.0000000000000000        0.0000000000000000     
   451.00000000000006       0.99722646000000004       -2.7705027199999999E-003   0.0000000000000000        0.0000000000000000        0.0000000000000000     
   452.00000000000000       0.99724634999999995       -2.7555877000000001E-003   0.0000000000000000        0.0000000000000000        0.0000000000000000     
   453.00000000000000       0.99726298000000002       -2.7408086500000000E-003   0.0000000000000000        0.0000000000000000        0.0000000000000000     
   454.00000000000000       0.99727624000000004       -2.7260992700000003E-003   0.0000000000000000        0.0000000000000000        0.0000000000000000     
   455.00000000000000       0.99728950000000005       -2.7115292300000002E-003   0.0000000000000000        0.0000000000000000        0.0000000000000000     
   456.00000000000000       0.99730276000000007       -2.6970288600000002E-003   0.0000000000000000        0.0000000000000000        0.0000000000000000     
   457.00000000000006       0.99731602000000008       -2.6825981599999998E-003   0.0000000000000000        0.0000000000000000        0.0000000000000000     
   458.00000000000000       0.99732928000000010       -2.6683034300000004E-003   0.0000000000000000        0.0000000000000000        0.0000000000000000     
   459.00000000000000       0.99734591000000006       -2.6541480400000001E-003   0.0000000000000000        0.0000000000000000        0.0000000000000000     
   460.00000000000000       0.99735917000000007       -2.6399960200000003E-003   0.0000000000000000        0.0000000000000000        0.0000000000000000     
   461.00000000000000       0.99737242999999998       -2.6259799700000001E-003   0.0000000000000000        0.0000000000000000        0.0000000000000000     
   462.00000000000006       0.99738568999999999       -2.6121032600000000E-003   0.0000000000000000        0.0000000000000000        0.0000000000000000     
   463.00000000000000       0.99739895000000001       -2.5982928499999999E-003   0.0000000000000000        0.0000000000000000        0.0000000000000000     
   464.00000000000000       0.99741558000000008       -2.5845554800000003E-003   0.0000000000000000        0.0000000000000000        0.0000000000000000     
   465.00000000000000       0.99742884000000009       -2.5708877799999999E-003   0.0000000000000000        0.0000000000000000        0.0000000000000000     
   466.00000000000000       0.99744210000000011       -2.5573560500000000E-003   0.0000000000000000        0.0000000000000000        0.0000000000000000     
   467.00000000000006       0.99745536000000001       -2.5438939900000001E-003   0.0000000000000000        0.0000000000000000        0.0000000000000000     
   468.00000000000000       0.99746862000000003       -2.5305049700000003E-003   0.0000000000000000        0.0000000000000000        0.0000000000000000     
   469.00000000000000       0.99748188000000004       -2.5172485500000001E-003   0.0000000000000000        0.0000000000000000        0.0000000000000000     
   470.00000000000000       0.99749851000000000       -2.5040651700000000E-003   0.0000000000000000        0.0000000000000000        0.0000000000000000     
   471.00000000000000       0.99751177000000002       -2.4909514599999998E-003   0.0000000000000000        0.0000000000000000        0.0000000000000000     
   472.00000000000006       0.99752503000000003       -2.4779737200000002E-003   0.0000000000000000        0.0000000000000000        0.0000000000000000     
   473.00000000000000       0.99753166000000004       -2.4649993500000002E-003   0.0000000000000000        0.0000000000000000        0.0000000000000000     
   474.00000000000000       0.99754492000000006       -2.4521609500000002E-003   0.0000000000000000        0.0000000000000000        0.0000000000000000     
   475.00000000000000       0.99756155000000013       -2.4393922200000003E-003   0.0000000000000000        0.0000000000000000        0.0000000000000000     
   476.00000000000000       0.99757481000000003       -2.4267594600000005E-003   0.0000000000000000        0.0000000000000000        0.0000000000000000     
   477.00000000000006       0.99758807000000005       -2.4141334399999997E-003   0.0000000000000000        0.0000000000000000        0.0000000000000000     
   478.00000000000006       0.99760133000000006       -2.4016400200000004E-003   0.0000000000000000        0.0000000000000000        0.0000000000000000     
   479.00000000000000       0.99760796000000007       -2.3892162700000002E-003   0.0000000000000000        0.0000000000000000        0.0000000000000000     
   480.00000000000000       0.99762122000000009       -2.3768655600000005E-003   0.0000000000000000        0.0000000000000000        0.0000000000000000     
   481.00000000000000       0.99763448000000010       -2.3645811500000000E-003   0.0000000000000000        0.0000000000000000        0.0000000000000000     
   482.00000000000000       0.99765111000000006       -2.3524360800000000E-003   0.0000000000000000        0.0000000000000000        0.0000000000000000     
   483.00000000000006       0.99765773999999996       -2.3402910099999999E-003   0.0000000000000000        0.0000000000000000        0.0000000000000000     
   484.00000000000000       0.99767099999999997       -2.3282852800000000E-003   0.0000000000000000        0.0000000000000000        0.0000000000000000     
   485.00000000000000       0.99768425999999999       -2.3162795500000001E-003   0.0000000000000000        0.0000000000000000        0.0000000000000000     
   486.00000000000000       0.99769752000000000       -2.3044131599999997E-003   0.0000000000000000        0.0000000000000000        0.0000000000000000     
   487.00000000000000       0.99770415000000012       -2.2926130700000004E-003   0.0000000000000000        0.0000000000000000        0.0000000000000000     
   488.00000000000006       0.99772078000000008       -2.2808860200000001E-003   0.0000000000000000        0.0000000000000000        0.0000000000000000     
   489.00000000000000       0.99773404000000010       -2.2692252699999999E-003   0.0000000000000000        0.0000000000000000        0.0000000000000000     
   490.00000000000000       0.99774067000000000       -2.2576375599999998E-003   0.0000000000000000        0.0000000000000000        0.0000000000000000     
   491.00000000000000       0.99775393000000001       -2.2461824500000001E-003   0.0000000000000000        0.0000000000000000        0.0000000000000000     
   492.00000000000000       0.99776719000000003       -2.2347307100000001E-003   0.0000000000000000        0.0000000000000000        0.0000000000000000     
   493.00000000000006       0.99777381999999992       -2.2233486400000000E-003   0.0000000000000000        0.0000000000000000        0.0000000000000000     
   494.00000000000000       0.99779045000000011       -2.2121025400000001E-003   0.0000000000000000        0.0000000000000000        0.0000000000000000     
   495.00000000000000       0.99779708000000000       -2.2008598099999997E-003   0.0000000000000000        0.0000000000000000        0.0000000000000000     
   496.00000000000000       0.99781034000000002       -2.1896867500000002E-003   0.0000000000000000        0.0000000000000000        0.0000000000000000     
   497.00000000000000       0.99782360000000003       -2.1786496600000003E-003   0.0000000000000000        0.0000000000000000        0.0000000000000000     
   498.00000000000006       0.99783023000000015       -2.1676159400000001E-003   0.0000000000000000        0.0000000000000000        0.0000000000000000     
   499.00000000000000       0.99784349000000017       -2.1567148199999999E-003   0.0000000000000000        0.0000000000000000        0.0000000000000000     
   500.00000000000000       0.99785012000000006       -2.1458204400000001E-003   0.0000000000000000        0.0000000000000000        0.0000000000000000     
   501.00000000000000       0.99786675000000002       -2.1349923600000003E-003   0.0000000000000000        0.0000000000000000        0.0000000000000000     
   502.00000000000000       0.99788001000000004       -2.1243002499999998E-003   0.0000000000000000        0.0000000000000000        0.0000000000000000     
   503.00000000000006       0.99788664000000016       -2.1136148800000002E-003   0.0000000000000000        0.0000000000000000        0.0000000000000000     
   504.00000000000006       0.99789989999999995       -2.1029958100000001E-003   0.0000000000000000        0.0000000000000000        0.0000000000000000     
   505.00000000000000       0.99790653000000007       -2.0924430400000001E-003   0.0000000000000000        0.0000000000000000        0.0000000000000000     
   506.00000000000000       0.99791979000000008       -2.0819633100000001E-003   0.0000000000000000        0.0000000000000000        0.0000000000000000     
   507.00000000000000       0.99792641999999998       -2.0715498800000002E-003   0.0000000000000000        0.0000000000000000        0.0000000000000000     
   508.00000000000000       0.99794305000000016       -2.0612094899999998E-003   0.0000000000000000        0.0000000000000000        0.0000000000000000     
   509.00000000000006       0.99794968000000006       -2.0509354000000000E-003   0.0000000000000000        0.0000000000000000        0.0000000000000000     
   510.00000000000000       0.99796294000000008       -2.0407309800000001E-003   0.0000000000000000        0.0000000000000000        0.0000000000000000     
   511.00000000000000       0.99796957000000019       -2.0305928599999999E-003   0.0000000000000000        0.0000000000000000        0.0000000000000000     
   512.00000000000000       0.99797620000000009       -2.0204614800000001E-003   0.0000000000000000        0.0000000000000000        0.0000000000000000     
   513.00000000000000       0.99798946000000011       -2.0104627000000000E-003   0.0000000000000000        0.0000000000000000        0.0000000000000000     
   514.00000000000000       0.99799609000000000       -2.0004672900000003E-003   0.0000000000000000        0.0000000000000000        0.0000000000000000     
   515.00000000000000       0.99800935000000002       -1.9905415500000002E-003   0.0000000000000000        0.0000000000000000        0.0000000000000000     
   516.00000000000000       0.99801935000000008       -1.9806854800000001E-003   0.0000000000000000        0.0000000000000000        0.0000000000000000     
   517.00000000000000       0.99803261000000010       -1.9708957100000001E-003   0.0000000000000000        0.0000000000000000        0.0000000000000000     
   518.00000000000000       0.99803923999999999       -1.9611756100000001E-003   0.0000000000000000        0.0000000000000000        0.0000000000000000     
   519.00000000000000       0.99804587000000011       -1.9514588800000001E-003   0.0000000000000000        0.0000000000000000        0.0000000000000000     
   520.00000000000000       0.99805913000000013       -1.9418781200000001E-003   0.0000000000000000        0.0000000000000000        0.0000000000000000     
   521.00000000000000       0.99806576000000002       -1.9322973600000000E-003   0.0000000000000000        0.0000000000000000        0.0000000000000000     
   522.00000000000000       0.99807902000000004       -1.9227896400000001E-003   0.0000000000000000        0.0000000000000000        0.0000000000000000     
   523.00000000000000       0.99808565000000016       -1.9133482200000000E-003   0.0000000000000000        0.0000000000000000        0.0000000000000000     
   524.00000000000000       0.99809565000000000       -1.9039731000000002E-003   0.0000000000000000        0.0000000000000000        0.0000000000000000     
   525.00000000000000       0.99810891000000002       -1.8946047200000000E-003   0.0000000000000000        0.0000000000000000        0.0000000000000000     
   526.00000000000000       0.99811554000000013       -1.8853689400000000E-003   0.0000000000000000        0.0000000000000000        0.0000000000000000     
   527.00000000000000       0.99812217000000003       -1.8761331600000001E-003   0.0000000000000000        0.0000000000000000        0.0000000000000000     
   528.00000000000000       0.99813543000000005       -1.8669704200000000E-003   0.0000000000000000        0.0000000000000000        0.0000000000000000     
   529.00000000000000       0.99814206000000016       -1.8578076800000003E-003   0.0000000000000000        0.0000000000000000        0.0000000000000000     
   530.00000000000000       0.99814869000000006       -1.8487809100000002E-003   0.0000000000000000        0.0000000000000000        0.0000000000000000     
   531.00000000000000       0.99816195000000008       -1.8397575100000002E-003   0.0000000000000000        0.0000000000000000        0.0000000000000000     
   532.00000000000000       0.99817195000000014       -1.8308004099999999E-003   0.0000000000000000        0.0000000000000000        0.0000000000000000     
   533.00000000000000       0.99817858000000004       -1.8218466800000001E-003   0.0000000000000000        0.0000000000000000        0.0000000000000000     
   534.00000000000000       0.99818520999999993       -1.8130289200000000E-003   0.0000000000000000        0.0000000000000000        0.0000000000000000     
   535.00000000000000       0.99819846999999995       -1.8042111600000000E-003   0.0000000000000000        0.0000000000000000        0.0000000000000000     
   536.00000000000000       0.99820510000000007       -1.7954630700000001E-003   0.0000000000000000        0.0000000000000000        0.0000000000000000     
   537.00000000000000       0.99821172999999996       -1.7867812800000001E-003   0.0000000000000000        0.0000000000000000        0.0000000000000000     
   538.00000000000000       0.99821836000000008       -1.7781062300000002E-003   0.0000000000000000        0.0000000000000000        0.0000000000000000     
   539.00000000000000       0.99823162000000010       -1.7694974800000001E-003   0.0000000000000000        0.0000000000000000        0.0000000000000000     
   540.00000000000000       0.99824162000000005       -1.7609550300000001E-003   0.0000000000000000        0.0000000000000000        0.0000000000000000     
   541.00000000000000       0.99824825000000006       -1.7524856199999999E-003   0.0000000000000000        0.0000000000000000        0.0000000000000000     
   542.00000000000000       0.99825488000000007       -1.7440128400000000E-003   0.0000000000000000        0.0000000000000000        0.0000000000000000     
   543.00000000000000       0.99826813999999997       -1.7356131000000000E-003   0.0000000000000000        0.0000000000000000        0.0000000000000000     
   544.00000000000000       0.99827477000000009       -1.7272133600000003E-003   0.0000000000000000        0.0000000000000000        0.0000000000000000     
   545.00000000000000       0.99828139999999999       -1.7189495900000000E-003   0.0000000000000000        0.0000000000000000        0.0000000000000000     
   546.00000000000000       0.99828803000000010       -1.7106858200000000E-003   0.0000000000000000        0.0000000000000000        0.0000000000000000     
   547.00000000000000       0.99829466000000000       -1.7024254200000001E-003   0.0000000000000000        0.0000000000000000        0.0000000000000000     
   548.00000000000000       0.99830129000000001       -1.6943009900000001E-003   0.0000000000000000        0.0000000000000000        0.0000000000000000     
   549.00000000000000       0.99831792000000008       -1.6861765599999999E-003   0.0000000000000000        0.0000000000000000        0.0000000000000000     
   550.00000000000000       0.99832454999999998       -1.6781218000000004E-003   0.0000000000000000        0.0000000000000000        0.0000000000000000     
