   1.0000000000000000        1.4272589000000002E-002 -0.98572677000000009        0.0000000000000000        0.0000000000000000        0.0000000000000000     
   2.0000000000000000       0.14576828000000000      -0.85423172000000003        0.0000000000000000        0.0000000000000000        0.0000000000000000     
   3.0000000000000000       0.28796297000000004      -0.71203703000000007        0.0000000000000000        0.0000000000000000        0.0000000000000000     
   4.0000000000000000       0.39494200000000002      -0.60505800000000010        0.0000000000000000        0.0000000000000000        0.0000000000000000     
   5.0000000000000000       0.47316281000000004      -0.52683718999999996        0.0000000000000000        0.0000000000000000        0.0000000000000000     
   6.0000000000000000       0.53158068000000003      -0.46841932000000003        0.0000000000000000        0.0000000000000000        0.0000000000000000     
   7.0000000000000000       0.57665443999999999      -0.42334556000000001        0.0000000000000000        0.0000000000000000        0.0000000000000000     
   8.0000000000000000       0.61232336000000009      -0.38767664000000002        0.0000000000000000        0.0000000000000000        0.0000000000000000     
   9.0000000000000000       0.64119212999999997      -0.35880787000000003        0.0000000000000000        0.0000000000000000        0.0000000000000000     
   10.000000000000000       0.66503163000000010      -0.33496837000000002        0.0000000000000000        0.0000000000000000        0.0000000000000000     
   11.000000000000000       0.68504252000000010      -0.31495748000000001        0.0000000000000000        0.0000000000000000        0.0000000000000000     
   12.000000000000000       0.70208523999999994      -0.29791476000000000        0.0000000000000000        0.0000000000000000        0.0000000000000000     
   13.000000000000000       0.71677023000000006      -0.28322976999999999        0.0000000000000000        0.0000000000000000        0.0000000000000000     
   14.000000000000000       0.72958086000000011      -0.27041914000000000        0.0000000000000000        0.0000000000000000        0.0000000000000000     
   15.000000000000000       0.74087072000000009      -0.25912928000000002        0.0000000000000000        0.0000000000000000        0.0000000000000000     
   16.000000000000000       0.75089329000000005      -0.24910670999999998        0.0000000000000000        0.0000000000000000        0.0000000000000000     
   17.000000000000000       0.75986531000000002      -0.24013469000000001        0.0000000000000000        0.0000000000000000        0.0000000000000000     
   18.000000000000000       0.76795352000000006      -0.23204648000000003        0.0000000000000000        0.0000000000000000        0.0000000000000000     
   19.000000000000000       0.77528477000000007      -0.22471523000000002        0.0000000000000000        0.0000000000000000        0.0000000000000000     
   20.000000000000000       0.78197895000000006      -0.21802105000000002        0.0000000000000000        0.0000000000000000        0.0000000000000000     
   21.000000000000000       0.78811954000000006      -0.21188045999999999        0.0000000000000000        0.0000000000000000        0.0000000000000000     
   22.000000000000000       0.79378316999999998      -0.20621683000000002        0.0000000000000000        0.0000000000000000        0.0000000000000000     
   23.000000000000000       0.79902658000000004      -0.20097342000000001        0.0000000000000000        0.0000000000000000        0.0000000000000000     
   24.000000000000000       0.80389977000000012      -0.19610022999999999        0.0000000000000000        0.0000000000000000        0.0000000000000000     
   25.000000000000000       0.80844948000000005      -0.19155052000000000        0.0000000000000000        0.0000000000000000        0.0000000000000000     
   26.000000000000000       0.81271897000000004      -0.18728103000000001        0.0000000000000000        0.0000000000000000        0.0000000000000000     
   27.000000000000000       0.81672498000000004      -0.18327502000000001        0.0000000000000000        0.0000000000000000        0.0000000000000000     
   28.000000000000000       0.82050414000000005      -0.17949687100000003        0.0000000000000000        0.0000000000000000        0.0000000000000000     
   29.000000000000000       0.82408645000000003      -0.17591489800000001        0.0000000000000000        0.0000000000000000        0.0000000000000000     
   30.000000000000000       0.82747528000000004      -0.17252370900000003        0.0000000000000000        0.0000000000000000        0.0000000000000000     
   31.000000000000000       0.83069736999999999      -0.16930397799999999        0.0000000000000000        0.0000000000000000        0.0000000000000000     
   32.000000000000000       0.83376924000000008      -0.16623008600000000        0.0000000000000000        0.0000000000000000        0.0000000000000000     
   33.000000000000000       0.83670763000000004      -0.16329135900000002        0.0000000000000000        0.0000000000000000        0.0000000000000000     
   34.000000000000000       0.83951591000000003      -0.16048274200000001        0.0000000000000000        0.0000000000000000        0.0000000000000000     
   35.000000000000000       0.84221071000000003      -0.15778794200000001        0.0000000000000000        0.0000000000000000        0.0000000000000000     
   36.000000000000000       0.84479540000000009      -0.15520358900000003        0.0000000000000000        0.0000000000000000        0.0000000000000000     
   37.000000000000000       0.84728661000000005      -0.15271339000000000        0.0000000000000000        0.0000000000000000        0.0000000000000000     
   38.000000000000000       0.84969097000000005      -0.15030869300000002        0.0000000000000000        0.0000000000000000        0.0000000000000000     
   39.000000000000000       0.85200522000000001      -0.14799309500000002        0.0000000000000000        0.0000000000000000        0.0000000000000000     
   40.000000000000000       0.85424936000000007      -0.14575198800000000        0.0000000000000000        0.0000000000000000        0.0000000000000000     
   41.000000000000000       0.85641665000000000      -0.14358335000000000        0.0000000000000000        0.0000000000000000        0.0000000000000000     
   42.000000000000000       0.85851382999999992      -0.14148515900000000        0.0000000000000000        0.0000000000000000        0.0000000000000000     
   43.000000000000000       0.86055090000000001      -0.13944977400000000        0.0000000000000000        0.0000000000000000        0.0000000000000000     
   44.000000000000000       0.86253112000000010      -0.13746888000000002        0.0000000000000000        0.0000000000000000        0.0000000000000000     
   45.000000000000000       0.86445786000000002      -0.13554112900000001        0.0000000000000000        0.0000000000000000        0.0000000000000000     
   46.000000000000000       0.86632786000000017      -0.13367247700000001        0.0000000000000000        0.0000000000000000        0.0000000000000000     
   47.000000000000000       0.86815101000000006      -0.13184797900000000        0.0000000000000000        0.0000000000000000        0.0000000000000000     
   48.000000000000000       0.86992742000000001      -0.13007359099999999        0.0000000000000000        0.0000000000000000        0.0000000000000000     
   49.000000000000000       0.87166361000000003      -0.12833504200000001        0.0000000000000000        0.0000000000000000        0.0000000000000000     
   50.000000000000000       0.87335643000000007      -0.12664458100000001        0.0000000000000000        0.0000000000000000        0.0000000000000000     
   51.000000000000000       0.87501240000000013      -0.12498827400000001        0.0000000000000000        0.0000000000000000        0.0000000000000000     
   52.000000000000000       0.87662825999999994      -0.12337207700000001        0.0000000000000000        0.0000000000000000        0.0000000000000000     
   53.000000000000000       0.87820401000000003      -0.12179497900000001        0.0000000000000000        0.0000000000000000        0.0000000000000000     
   54.000000000000000       0.87975628000000006      -0.12024304599999999        0.0000000000000000        0.0000000000000000        0.0000000000000000     
   55.000000000000000       0.88127181000000010      -0.11872886400000002        0.0000000000000000        0.0000000000000000        0.0000000000000000     
   56.000000000000000       0.88276049000000001      -0.11723849900000001        0.0000000000000000        0.0000000000000000        0.0000000000000000     
   57.000000000000000       0.88421580000000011      -0.11578487400000001        0.0000000000000000        0.0000000000000000        0.0000000000000000     
   58.000000000000000       0.88564763000000002      -0.11435371799999999        0.0000000000000000        0.0000000000000000        0.0000000000000000     
   59.000000000000007       0.88704935000000007      -0.11295166100000001        0.0000000000000000        0.0000000000000000        0.0000000000000000     
   60.000000000000000       0.88843095999999999      -0.11157072500000001        0.0000000000000000        0.0000000000000000        0.0000000000000000     
   61.000000000000007       0.88978245999999994      -0.11021720300000000        0.0000000000000000        0.0000000000000000        0.0000000000000000     
   62.000000000000000       0.89111722000000004      -0.10888446500000001        0.0000000000000000        0.0000000000000000        0.0000000000000000     
   63.000000000000007       0.89242850000000007      -0.10757150000000001        0.0000000000000000        0.0000000000000000        0.0000000000000000     
   64.000000000000000       0.89371641000000013      -0.10628460100000001        0.0000000000000000        0.0000000000000000        0.0000000000000000     
   65.000000000000000       0.89498421000000006      -0.10501646400000000        0.0000000000000000        0.0000000000000000        0.0000000000000000     
   66.000000000000000       0.89623190000000008      -0.10376675200000002        0.0000000000000000        0.0000000000000000        0.0000000000000000     
   67.000000000000000       0.89745959000000008      -0.10254175800000002        0.0000000000000000        0.0000000000000000        0.0000000000000000     
   68.000000000000000       0.89867380000000008      -0.10132788499999999        0.0000000000000000        0.0000000000000000        0.0000000000000000     
   69.000000000000000       0.89986127000000016      -0.10013738200000001        0.0000000000000000        0.0000000000000000        0.0000000000000000     
   70.000000000000000       0.90104200000000012       -9.8956989000000023E-002   0.0000000000000000        0.0000000000000000        0.0000000000000000     
   71.000000000000000       0.90220599000000012       -9.7792999000000019E-002   0.0000000000000000        0.0000000000000000        0.0000000000000000     
   72.000000000000000       0.90334998000000000       -9.6651368000000001E-002   0.0000000000000000        0.0000000000000000        0.0000000000000000     
   73.000000000000000       0.90448049000000008       -9.5518836000000010E-002   0.0000000000000000        0.0000000000000000        0.0000000000000000     
   74.000000000000000       0.90559762999999993       -9.4401358999999990E-002   0.0000000000000000        0.0000000000000000        0.0000000000000000     
   75.000000000000000       0.90670140000000021       -9.3298600000000009E-002   0.0000000000000000        0.0000000000000000        0.0000000000000000     
   76.000000000000000       0.90778179999999997       -9.2216851999999988E-002   0.0000000000000000        0.0000000000000000        0.0000000000000000     
   77.000000000000000       0.90886546000000012       -9.1136225000000001E-002   0.0000000000000000        0.0000000000000000        0.0000000000000000     
   78.000000000000000       0.90992574999999998       -9.0075598000000021E-002   0.0000000000000000        0.0000000000000000        0.0000000000000000     
   79.000000000000000       0.91097267000000004       -8.9028678000000014E-002   0.0000000000000000        0.0000000000000000        0.0000000000000000     
   80.000000000000000       0.91201284999999999       -8.7988160999999995E-002   0.0000000000000000        0.0000000000000000        0.0000000000000000     
   81.000000000000000       0.91303966000000014       -8.6960677000000000E-002   0.0000000000000000        0.0000000000000000        0.0000000000000000     
   82.000000000000000       0.91405310000000006       -8.5945889000000011E-002   0.0000000000000000        0.0000000000000000        0.0000000000000000     
   83.000000000000000       0.91505654000000014       -8.4943459999999998E-002   0.0000000000000000        0.0000000000000000        0.0000000000000000     
   84.000000000000000       0.91604660999999998       -8.3952716000000011E-002   0.0000000000000000        0.0000000000000000        0.0000000000000000     
   85.000000000000000       0.91702667999999998       -8.2974331000000012E-002   0.0000000000000000        0.0000000000000000        0.0000000000000000     
   86.000000000000000       0.91800001000000009       -8.2000664000000015E-002   0.0000000000000000        0.0000000000000000        0.0000000000000000     
   87.000000000000000       0.91896334000000013       -8.1038345000000012E-002   0.0000000000000000        0.0000000000000000        0.0000000000000000     
   88.000000000000000       0.91991330000000004       -8.0087374000000003E-002   0.0000000000000000        0.0000000000000000        0.0000000000000000     
   89.000000000000000       0.92085326000000001       -7.9147077000000010E-002   0.0000000000000000        0.0000000000000000        0.0000000000000000     
   90.000000000000000       0.92178985000000002       -7.8211161000000001E-002   0.0000000000000000        0.0000000000000000        0.0000000000000000     
   91.000000000000000       0.92270644000000002       -7.7292211999999999E-002   0.0000000000000000        0.0000000000000000        0.0000000000000000     
   92.000000000000000       0.92362303000000012       -7.6377307000000005E-002   0.0000000000000000        0.0000000000000000        0.0000000000000000     
   93.000000000000000       0.92452625000000010       -7.5472739000000011E-002   0.0000000000000000        0.0000000000000000        0.0000000000000000     
   94.000000000000000       0.92542283999999997       -7.4577834000000010E-002   0.0000000000000000        0.0000000000000000        0.0000000000000000     
   95.000000000000000       0.92630606000000004       -7.3693265999999993E-002   0.0000000000000000        0.0000000000000000        0.0000000000000000     
   96.000000000000000       0.92718928000000012       -7.2811731000000005E-002   0.0000000000000000        0.0000000000000000        0.0000000000000000     
   97.000000000000000       0.92805250000000006       -7.1946152000000013E-002   0.0000000000000000        0.0000000000000000        0.0000000000000000     
   98.000000000000000       0.92891572000000000       -7.1083606000000008E-002   0.0000000000000000        0.0000000000000000        0.0000000000000000     
   99.000000000000000       0.92976893999999999       -7.0230723000000009E-002   0.0000000000000000        0.0000000000000000        0.0000000000000000     
   100.00000000000000       0.93061216000000013       -6.9387424600000011E-002   0.0000000000000000        0.0000000000000000        0.0000000000000000     
   101.00000000000000       0.93144875000000005       -6.8551991399999998E-002   0.0000000000000000        0.0000000000000000        0.0000000000000000     
   102.00000000000000       0.93227534000000012       -6.7724288600000002E-002   0.0000000000000000        0.0000000000000000        0.0000000000000000     
   103.00000000000000       0.93309856000000002       -6.6904810699999998E-002   0.0000000000000000        0.0000000000000000        0.0000000000000000     
   104.00000000000000       0.93390515000000007       -6.6092861000000003E-002   0.0000000000000000        0.0000000000000000        0.0000000000000000     
   105.00000000000001       0.93471174000000001       -6.5289630700000004E-002   0.0000000000000000        0.0000000000000000        0.0000000000000000     
   106.00000000000000       0.93550833000000000       -6.4493692700000008E-002   0.0000000000000000        0.0000000000000000        0.0000000000000000     
   107.00000000000000       0.93629829000000009       -6.3705642600000001E-002   0.0000000000000000        0.0000000000000000        0.0000000000000000     
   108.00000000000000       0.93707825000000000       -6.2925379300000001E-002   0.0000000000000000        0.0000000000000000        0.0000000000000000     
   109.00000000000001       0.93784821000000007       -6.2153532100000006E-002   0.0000000000000000        0.0000000000000000        0.0000000000000000     
   110.00000000000000       0.93861154000000013       -6.1388707600000002E-002   0.0000000000000000        0.0000000000000000        0.0000000000000000     
   111.00000000000000       0.93936824000000008       -6.0632096999999996E-002   0.0000000000000000        0.0000000000000000        0.0000000000000000     
   112.00000000000000       0.94011494000000018       -5.9882340600000000E-002   0.0000000000000000        0.0000000000000000        0.0000000000000000     
   113.00000000000000       0.94086164000000005       -5.9140730700000012E-002   0.0000000000000000        0.0000000000000000        0.0000000000000000     
   114.00000000000000       0.94159170999999997       -5.8406503200000001E-002   0.0000000000000000        0.0000000000000000        0.0000000000000000     
   115.00000000000000       0.94232178000000011       -5.7680287400000002E-002   0.0000000000000000        0.0000000000000000        0.0000000000000000     
   116.00000000000000       0.94303522000000006       -5.6961352899999998E-002   0.0000000000000000        0.0000000000000000        0.0000000000000000     
   117.00000000000000       0.94374866000000002       -5.6249632300000005E-002   0.0000000000000000        0.0000000000000000        0.0000000000000000     
   118.00000000000001       0.94445547000000007       -5.5545159300000008E-002   0.0000000000000000        0.0000000000000000        0.0000000000000000     
   119.00000000000000       0.94515228000000007       -5.4849125100000007E-002   0.0000000000000000        0.0000000000000000        0.0000000000000000     
   120.00000000000000       0.94584245999999994       -5.4159507000000003E-002   0.0000000000000000        0.0000000000000000        0.0000000000000000     
   121.00000000000000       0.94651938000000002       -5.3477631000000005E-002   0.0000000000000000        0.0000000000000000        0.0000000000000000     
   122.00000000000001       0.94719293000000004       -5.2802766700000003E-002   0.0000000000000000        0.0000000000000000        0.0000000000000000     
   123.00000000000000       0.94786322000000012       -5.2135543399999998E-002   0.0000000000000000        0.0000000000000000        0.0000000000000000     
   124.00000000000000       0.94852014000000007       -5.1475927400000010E-002   0.0000000000000000        0.0000000000000000        0.0000000000000000     
   125.00000000000000       0.94918042999999996       -5.0823188300000002E-002   0.0000000000000000        0.0000000000000000        0.0000000000000000     
   126.00000000000001       0.94982409000000001       -5.0178022800000006E-002   0.0000000000000000        0.0000000000000000        0.0000000000000000     
   127.00000000000000       0.95046112000000005       -4.9539700499999999E-002   0.0000000000000000        0.0000000000000000        0.0000000000000000     
   128.00000000000000       0.95109152000000008       -4.8908154000000002E-002   0.0000000000000000        0.0000000000000000        0.0000000000000000     
   129.00000000000000       0.95171192000000004       -4.8284743000000005E-002   0.0000000000000000        0.0000000000000000        0.0000000000000000     
   130.00000000000000       0.95233569000000007       -4.7668107800000005E-002   0.0000000000000000        0.0000000000000000        0.0000000000000000     
   131.00000000000000       0.95294283000000002       -4.7058147300000006E-002   0.0000000000000000        0.0000000000000000        0.0000000000000000     
   132.00000000000000       0.95354334000000018       -4.6455591900000003E-002   0.0000000000000000        0.0000000000000000        0.0000000000000000     
   133.00000000000000       0.95414048000000018       -4.5860374200000005E-002   0.0000000000000000        0.0000000000000000        0.0000000000000000     
   134.00000000000000       0.95472773000000011       -4.5271797500000002E-002   0.0000000000000000        0.0000000000000000        0.0000000000000000     
   135.00000000000000       0.95531161000000009       -4.4689861800000008E-002   0.0000000000000000        0.0000000000000000        0.0000000000000000     
   136.00000000000000       0.95588222999999994       -4.4115196400000001E-002   0.0000000000000000        0.0000000000000000        0.0000000000000000     
   137.00000000000000       0.95645285000000002       -4.3547801300000001E-002   0.0000000000000000        0.0000000000000000        0.0000000000000000     
   138.00000000000000       0.95701347000000014       -4.2986946099999999E-002   0.0000000000000000        0.0000000000000000        0.0000000000000000     
   139.00000000000000       0.95757083000000009       -4.2432664500000002E-002   0.0000000000000000        0.0000000000000000        0.0000000000000000     
   140.00000000000000       0.95811156000000008       -4.1885585800000000E-002   0.0000000000000000        0.0000000000000000        0.0000000000000000     
   141.00000000000000       0.95865229000000007       -4.1345676300000002E-002   0.0000000000000000        0.0000000000000000        0.0000000000000000     
   142.00000000000000       0.95918639000000006       -4.0811609999999998E-002   0.0000000000000000        0.0000000000000000        0.0000000000000000     
   143.00000000000000       0.95971386000000014       -4.0284712899999998E-002   0.0000000000000000        0.0000000000000000        0.0000000000000000     
   144.00000000000000       0.96023470000000000       -3.9764254600000007E-002   0.0000000000000000        0.0000000000000000        0.0000000000000000     
   145.00000000000000       0.96074554000000012       -3.9250931800000000E-002   0.0000000000000000        0.0000000000000000        0.0000000000000000     
   146.00000000000000       0.96125975000000008       -3.8743384799999996E-002   0.0000000000000000        0.0000000000000000        0.0000000000000000     
   147.00000000000000       0.96175733000000008       -3.8242905899999999E-002   0.0000000000000000        0.0000000000000000        0.0000000000000000     
   148.00000000000000       0.96224828000000007       -3.7748865800000003E-002   0.0000000000000000        0.0000000000000000        0.0000000000000000     
   149.00000000000000       0.96273923000000006       -3.7261197100000004E-002   0.0000000000000000        0.0000000000000000        0.0000000000000000     
   150.00000000000000       0.96322354999999993       -3.6779933500000001E-002   0.0000000000000000        0.0000000000000000        0.0000000000000000     
   151.00000000000000       0.96369461000000012       -3.6305075000000006E-002   0.0000000000000000        0.0000000000000000        0.0000000000000000     
   152.00000000000000       0.96416230000000003       -3.5835891199999997E-002   0.0000000000000000        0.0000000000000000        0.0000000000000000     
   153.00000000000000       0.96462672999999999       -3.5373708100000005E-002   0.0000000000000000        0.0000000000000000        0.0000000000000000     
   154.00000000000000       0.96508116000000010       -3.4917233399999997E-002   0.0000000000000000        0.0000000000000000        0.0000000000000000     
   155.00000000000000       0.96553233000000005       -3.4467096400000008E-002   0.0000000000000000        0.0000000000000000        0.0000000000000000     
   156.00000000000000       0.96598013000000016       -3.4023263400000003E-002   0.0000000000000000        0.0000000000000000        0.0000000000000000     
   157.00000000000000       0.96641467000000014       -3.3585071400000006E-002   0.0000000000000000        0.0000000000000000        0.0000000000000000     
   158.00000000000000       0.96684921000000001       -3.3153217100000000E-002   0.0000000000000000        0.0000000000000000        0.0000000000000000     
   159.00000000000000       0.96727048999999998       -3.2726970100000002E-002   0.0000000000000000        0.0000000000000000        0.0000000000000000     
   160.00000000000000       0.96769177000000006       -3.2307027099999996E-002   0.0000000000000000        0.0000000000000000        0.0000000000000000     
   161.00000000000000       0.96810968000000008       -3.1892657700000000E-002   0.0000000000000000        0.0000000000000000        0.0000000000000000     
   162.00000000000000       0.96851770000000004       -3.1483929299999998E-002   0.0000000000000000        0.0000000000000000        0.0000000000000000     
   163.00000000000000       0.96891572000000004       -3.1081471200000002E-002   0.0000000000000000        0.0000000000000000        0.0000000000000000     
   164.00000000000000       0.96931710999999998       -3.0683923700000004E-002   0.0000000000000000        0.0000000000000000        0.0000000000000000     
   165.00000000000000       0.96970850000000008       -3.0292646500000006E-002   0.0000000000000000        0.0000000000000000        0.0000000000000000     
   166.00000000000000       0.97009663000000002       -2.9906279899999999E-002   0.0000000000000000        0.0000000000000000        0.0000000000000000     
   167.00000000000000       0.97047476000000010       -2.9526149900000000E-002   0.0000000000000000        0.0000000000000000        0.0000000000000000     
   168.00000000000000       0.97084626000000007       -2.9150896800000003E-002   0.0000000000000000        0.0000000000000000        0.0000000000000000     
   169.00000000000000       0.97121776000000004       -2.8781217300000002E-002   0.0000000000000000        0.0000000000000000        0.0000000000000000     
   170.00000000000000       0.97158263000000011       -2.8417077700000001E-002   0.0000000000000000        0.0000000000000000        0.0000000000000000     
   171.00000000000000       0.97194087000000007       -2.8057848699999999E-002   0.0000000000000000        0.0000000000000000        0.0000000000000000     
   172.00000000000000       0.97229911000000002       -2.7704125900000005E-002   0.0000000000000000        0.0000000000000000        0.0000000000000000     
   173.00000000000000       0.97264072000000001       -2.7355313700000005E-002   0.0000000000000000        0.0000000000000000        0.0000000000000000     
   174.00000000000000       0.97298569999999995       -2.7011344700000002E-002   0.0000000000000000        0.0000000000000000        0.0000000000000000     
   175.00000000000000       0.97333068000000011       -2.6672881900000004E-002   0.0000000000000000        0.0000000000000000        0.0000000000000000     
   176.00000000000000       0.97365903000000009       -2.6339295999999998E-002   0.0000000000000000        0.0000000000000000        0.0000000000000000     
   177.00000000000000       0.97399075000000002       -2.6010553299999999E-002   0.0000000000000000        0.0000000000000000        0.0000000000000000     
   178.00000000000000       0.97431246999999999       -2.5686653800000001E-002   0.0000000000000000        0.0000000000000000        0.0000000000000000     
   179.00000000000000       0.97463093000000001       -2.5367597500000002E-002   0.0000000000000000        0.0000000000000000        0.0000000000000000     
   180.00000000000000       0.97494601999999997       -2.5053384400000003E-002   0.0000000000000000        0.0000000000000000        0.0000000000000000     
   181.00000000000000       0.97525448000000003       -2.4744014500000001E-002   0.0000000000000000        0.0000000000000000        0.0000000000000000     
   182.00000000000000       0.97556294000000010       -2.4438791100000003E-002   0.0000000000000000        0.0000000000000000        0.0000000000000000     
   183.00000000000000       0.97586150999999999       -2.4138377200000002E-002   0.0000000000000000        0.0000000000000000        0.0000000000000000     
   184.00000000000000       0.97615671000000004       -2.3842143499999999E-002   0.0000000000000000        0.0000000000000000        0.0000000000000000     
   185.00000000000000       0.97645191000000009       -2.3550719300000002E-002   0.0000000000000000        0.0000000000000000        0.0000000000000000     
   186.00000000000000       0.97673385000000001       -2.3263441600000000E-002   0.0000000000000000        0.0000000000000000        0.0000000000000000     
   187.00000000000000       0.97702242000000006       -2.2980939700000005E-002   0.0000000000000000        0.0000000000000000        0.0000000000000000     
   188.00000000000000       0.97729773000000009       -2.2701955000000003E-002   0.0000000000000000        0.0000000000000000        0.0000000000000000     
   189.00000000000000       0.97757304000000000       -2.2427779800000002E-002   0.0000000000000000        0.0000000000000000        0.0000000000000000     
   190.00000000000000       0.97783835000000008       -2.2157717399999999E-002   0.0000000000000000        0.0000000000000000        0.0000000000000000     
   191.00000000000000       0.97810703000000010       -2.1891767800000000E-002   0.0000000000000000        0.0000000000000000        0.0000000000000000     
   192.00000000000000       0.97836908000000000       -2.1629301700000002E-002   0.0000000000000000        0.0000000000000000        0.0000000000000000     
   193.00000000000000       0.97863113000000002       -2.1371645099999999E-002   0.0000000000000000        0.0000000000000000        0.0000000000000000     
   194.00000000000000       0.97888318000000007       -2.1117404600000000E-002   0.0000000000000000        0.0000000000000000        0.0000000000000000     
   195.00000000000000       0.97913197000000007       -2.0867310600000001E-002   0.0000000000000000        0.0000000000000000        0.0000000000000000     
   196.00000000000000       0.97937739000000001       -2.0620666400000001E-002   0.0000000000000000        0.0000000000000000        0.0000000000000000     
   197.00000000000003       0.97961955000000012       -2.0378101300000003E-002   0.0000000000000000        0.0000000000000000        0.0000000000000000     
   198.00000000000000       0.97985834000000005       -2.0139019700000000E-002   0.0000000000000000        0.0000000000000000        0.0000000000000000     
   199.00000000000000       0.98009387000000003       -1.9903387900000000E-002   0.0000000000000000        0.0000000000000000        0.0000000000000000     
   200.00000000000000       0.98032603000000007       -1.9671835200000001E-002   0.0000000000000000        0.0000000000000000        0.0000000000000000     
   201.00000000000000       0.98055493000000005       -1.9443732299999999E-002   0.0000000000000000        0.0000000000000000        0.0000000000000000     
   202.00000000000000       0.98078046000000008       -1.9218382500000002E-002   0.0000000000000000        0.0000000000000000        0.0000000000000000     
   203.00000000000000       0.98099935999999999       -1.8997145500000000E-002   0.0000000000000000        0.0000000000000000        0.0000000000000000     
   204.00000000000000       0.98122163000000007       -1.8779358300000003E-002   0.0000000000000000        0.0000000000000000        0.0000000000000000     
   205.00000000000003       0.98143390000000008       -1.8564953500000002E-002   0.0000000000000000        0.0000000000000000        0.0000000000000000     
   206.00000000000000       0.98164616999999998       -1.8353335500000002E-002   0.0000000000000000        0.0000000000000000        0.0000000000000000     
   207.00000000000000       0.98185181000000010       -1.8145167300000001E-002   0.0000000000000000        0.0000000000000000        0.0000000000000000     
   208.00000000000000       0.98205745000000011       -1.7940381500000002E-002   0.0000000000000000        0.0000000000000000        0.0000000000000000     
   209.00000000000000       0.98226309000000001       -1.7738382500000000E-002   0.0000000000000000        0.0000000000000000        0.0000000000000000     
   210.00000000000003       0.98246210000000000       -1.7539799600000003E-002   0.0000000000000000        0.0000000000000000        0.0000000000000000     
   211.00000000000000       0.98265448000000011       -1.7343936100000002E-002   0.0000000000000000        0.0000000000000000        0.0000000000000000     
   212.00000000000000       0.98284685999999999       -1.7150859399999999E-002   0.0000000000000000        0.0000000000000000        0.0000000000000000     
   213.00000000000000       0.98303924000000009       -1.6961165100000002E-002   0.0000000000000000        0.0000000000000000        0.0000000000000000     
   214.00000000000000       0.98322499000000008       -1.6774257600000002E-002   0.0000000000000000        0.0000000000000000        0.0000000000000000     
   215.00000000000000       0.98341074000000006       -1.6590069499999999E-002   0.0000000000000000        0.0000000000000000        0.0000000000000000     
   216.00000000000000       0.98358985999999993       -1.6408634500000002E-002   0.0000000000000000        0.0000000000000000        0.0000000000000000     
   217.00000000000000       0.98376898000000002       -1.6229918900000001E-002   0.0000000000000000        0.0000000000000000        0.0000000000000000     
   218.00000000000003       0.98394810000000010       -1.6053956400000000E-002   0.0000000000000000        0.0000000000000000        0.0000000000000000     
   219.00000000000000       0.98412059000000007       -1.5880747000000004E-002   0.0000000000000000        0.0000000000000000        0.0000000000000000     
   220.00000000000000       0.98429308000000004       -1.5710257000000002E-002   0.0000000000000000        0.0000000000000000        0.0000000000000000     
   221.00000000000000       0.98445557000000006       -1.5541857100000002E-002   0.0000000000000000        0.0000000000000000        0.0000000000000000     
   222.00000000000000       0.98462143000000013       -1.5376176599999999E-002   0.0000000000000000        0.0000000000000000        0.0000000000000000     
   223.00000000000003       0.98478729000000009       -1.5213249199999999E-002   0.0000000000000000        0.0000000000000000        0.0000000000000000     
   224.00000000000000       0.98494652000000005       -1.5052378200000001E-002   0.0000000000000000        0.0000000000000000        0.0000000000000000     
   225.00000000000000       0.98510238000000006       -1.4894226600000001E-002   0.0000000000000000        0.0000000000000000        0.0000000000000000     
   226.00000000000000       0.98526161000000001       -1.4738131400000002E-002   0.0000000000000000        0.0000000000000000        0.0000000000000000     
   227.00000000000000       0.98541421000000007       -1.4584789300000001E-002   0.0000000000000000        0.0000000000000000        0.0000000000000000     
   228.00000000000000       0.98556343999999996       -1.4433503600000000E-002   0.0000000000000000        0.0000000000000000        0.0000000000000000     
   229.00000000000000       0.98571604000000002       -1.4284240600000001E-002   0.0000000000000000        0.0000000000000000        0.0000000000000000     
   230.00000000000000       0.98585864000000012       -1.4137101400000001E-002   0.0000000000000000        0.0000000000000000        0.0000000000000000     
   231.00000000000003       0.98601124000000007       -1.3992647900000002E-002   0.0000000000000000        0.0000000000000000        0.0000000000000000     
   232.00000000000000       0.98614721000000016       -1.3850250800000002E-002   0.0000000000000000        0.0000000000000000        0.0000000000000000     
   233.00000000000000       0.98629318000000010       -1.3709247100000000E-002   0.0000000000000000        0.0000000000000000        0.0000000000000000     
   234.00000000000000       0.98642915000000009       -1.3570962800000001E-002   0.0000000000000000        0.0000000000000000        0.0000000000000000     
   235.00000000000000       0.98656849000000002       -1.3434734900000000E-002   0.0000000000000000        0.0000000000000000        0.0000000000000000     
   236.00000000000003       0.98669783000000000       -1.3299900400000000E-002   0.0000000000000000        0.0000000000000000        0.0000000000000000     
   237.00000000000000       0.98683054000000014       -1.3167122300000000E-002   0.0000000000000000        0.0000000000000000        0.0000000000000000     
   238.00000000000000       0.98695988000000012       -1.3037029900000002E-002   0.0000000000000000        0.0000000000000000        0.0000000000000000     
   239.00000000000003       0.98709259000000005       -1.2907701600000000E-002   0.0000000000000000        0.0000000000000000        0.0000000000000000     
   240.00000000000000       0.98722193000000003       -1.2781059000000001E-002   0.0000000000000000        0.0000000000000000        0.0000000000000000     
   241.00000000000000       0.98734464000000011       -1.2655809800000001E-002   0.0000000000000000        0.0000000000000000        0.0000000000000000     
   242.00000000000000       0.98747072000000014       -1.2532617000000001E-002   0.0000000000000000        0.0000000000000000        0.0000000000000000     
   243.00000000000000       0.98758680000000010       -1.2410783900000001E-002   0.0000000000000000        0.0000000000000000        0.0000000000000000     
   244.00000000000003       0.98770950999999996       -1.2291007200000001E-002   0.0000000000000000        0.0000000000000000        0.0000000000000000     
   245.00000000000000       0.98782896000000009       -1.2173253199999999E-002   0.0000000000000000        0.0000000000000000        0.0000000000000000     
   246.00000000000000       0.98794504000000005       -1.2056926300000000E-002   0.0000000000000000        0.0000000000000000        0.0000000000000000     
   247.00000000000000       0.98806112000000001       -1.1941925400000001E-002   0.0000000000000000        0.0000000000000000        0.0000000000000000     
   248.00000000000000       0.98817057000000008       -1.1828351600000002E-002   0.0000000000000000        0.0000000000000000        0.0000000000000000     
   249.00000000000003       0.98828339000000009       -1.1716766800000000E-002   0.0000000000000000        0.0000000000000000        0.0000000000000000     
   250.00000000000000       0.98839284000000016       -1.1606609100000002E-002   0.0000000000000000        0.0000000000000000        0.0000000000000000     
   251.00000000000000       0.98850229000000012       -1.1497777400000001E-002   0.0000000000000000        0.0000000000000000        0.0000000000000000     
   252.00000000000003       0.98861174000000007       -1.1391035800000001E-002   0.0000000000000000        0.0000000000000000        0.0000000000000000     
   253.00000000000000       0.98871456000000013       -1.1284957200000001E-002   0.0000000000000000        0.0000000000000000        0.0000000000000000     
   254.00000000000000       0.98881738000000008       -1.1180935000000003E-002   0.0000000000000000        0.0000000000000000        0.0000000000000000     
   255.00000000000000       0.98892356999999997       -1.1078306200000001E-002   0.0000000000000000        0.0000000000000000        0.0000000000000000     
   256.00000000000000       0.98902639000000003       -1.0977037100000000E-002   0.0000000000000000        0.0000000000000000        0.0000000000000000     
   257.00000000000000       0.98912258000000008       -1.0877127700000003E-002   0.0000000000000000        0.0000000000000000        0.0000000000000000     
   258.00000000000000       0.98921877000000014       -1.0777915000000001E-002   0.0000000000000000        0.0000000000000000        0.0000000000000000     
   259.00000000000000       0.98932159000000008       -1.0680758700000001E-002   0.0000000000000000        0.0000000000000000        0.0000000000000000     
   260.00000000000000       0.98941778000000014       -1.0584962099999999E-002   0.0000000000000000        0.0000000000000000        0.0000000000000000     
   261.00000000000000       0.98950734000000007       -1.0489862200000000E-002   0.0000000000000000        0.0000000000000000        0.0000000000000000     
   262.00000000000000       0.98960353000000012       -1.0396155700000001E-002   0.0000000000000000        0.0000000000000000        0.0000000000000000     
   263.00000000000000       0.98969309000000005       -1.0303775200000000E-002   0.0000000000000000        0.0000000000000000        0.0000000000000000     
   264.00000000000000       0.98978264999999999       -1.0212788100000000E-002   0.0000000000000000        0.0000000000000000        0.0000000000000000     
   265.00000000000000       0.98987884000000004       -1.0123160700000000E-002   0.0000000000000000        0.0000000000000000        0.0000000000000000     
   266.00000000000000       0.98996177000000007       -1.0034230000000002E-002   0.0000000000000000        0.0000000000000000        0.0000000000000000     
   267.00000000000000       0.99005133000000001       -9.9466927000000007E-003   0.0000000000000000        0.0000000000000000        0.0000000000000000     
   268.00000000000000       0.99014089000000016       -9.8604814000000009E-003   0.0000000000000000        0.0000000000000000        0.0000000000000000     
   269.00000000000000       0.99022382000000009       -9.7750004999999987E-003   0.0000000000000000        0.0000000000000000        0.0000000000000000     
   270.00000000000000       0.99030675000000001       -9.6908793000000000E-003   0.0000000000000000        0.0000000000000000        0.0000000000000000     
   271.00000000000000       0.99038968000000005       -9.6074211000000010E-003   0.0000000000000000        0.0000000000000000        0.0000000000000000     
   272.00000000000000       0.99047261000000009       -9.5253562999999992E-003   0.0000000000000000        0.0000000000000000        0.0000000000000000     
   273.00000000000000       0.99055553999999990       -9.4446512000000010E-003   0.0000000000000000        0.0000000000000000        0.0000000000000000     
   274.00000000000000       0.99063847000000016       -9.3646427999999997E-003   0.0000000000000000        0.0000000000000000        0.0000000000000000     
   275.00000000000000       0.99071477000000008       -9.2853311000000004E-003   0.0000000000000000        0.0000000000000000        0.0000000000000000     
   276.00000000000000       0.99079107000000000       -9.2073790999999995E-003   0.0000000000000000        0.0000000000000000        0.0000000000000000     
   277.00000000000000       0.99086737000000014       -9.1301238000000007E-003   0.0000000000000000        0.0000000000000000        0.0000000000000000     
   278.00000000000000       0.99095030000000006       -9.0542282000000002E-003   0.0000000000000000        0.0000000000000000        0.0000000000000000     
   279.00000000000000       0.99101996999999997       -8.9790293000000000E-003   0.0000000000000000        0.0000000000000000        0.0000000000000000     
   280.00000000000000       0.99109289999999994       -8.9044934000000013E-003   0.0000000000000000        0.0000000000000000        0.0000000000000000     
   281.00000000000000       0.99116920000000008       -8.8313508999999998E-003   0.0000000000000000        0.0000000000000000        0.0000000000000000     
   282.00000000000000       0.99123887000000011       -8.7589051000000005E-003   0.0000000000000000        0.0000000000000000        0.0000000000000000     
   283.00000000000000       0.99131517000000002       -8.6871223000000008E-003   0.0000000000000000        0.0000000000000000        0.0000000000000000     
   284.00000000000000       0.99138484000000004       -8.6160699000000021E-003   0.0000000000000000        0.0000000000000000        0.0000000000000000     
   285.00000000000000       0.99145451000000007       -8.5463434999999994E-003   0.0000000000000000        0.0000000000000000        0.0000000000000000     
   286.00000000000000       0.99152081000000003       -8.4773138000000005E-003   0.0000000000000000        0.0000000000000000        0.0000000000000000     
   287.00000000000000       0.99159048000000016       -8.4089808000000019E-003   0.0000000000000000        0.0000000000000000        0.0000000000000000     
   288.00000000000000       0.99166015000000007       -8.3420075000000000E-003   0.0000000000000000        0.0000000000000000        0.0000000000000000     
   289.00000000000000       0.99172319000000009       -8.2750679000000004E-003   0.0000000000000000        0.0000000000000000        0.0000000000000000     
   290.00000000000000       0.99179286000000011       -8.2094543000000020E-003   0.0000000000000000        0.0000000000000000        0.0000000000000000     
   291.00000000000000       0.99185253000000007       -8.1438743999999990E-003   0.0000000000000000        0.0000000000000000        0.0000000000000000     
   292.00000000000000       0.99192220000000009       -8.0796879000000002E-003   0.0000000000000000        0.0000000000000000        0.0000000000000000     
   293.00000000000000       0.99198524000000010       -8.0161307000000005E-003   0.0000000000000000        0.0000000000000000        0.0000000000000000     
   294.00000000000000       0.99204828000000012       -7.9533039000000000E-003   0.0000000000000000        0.0000000000000000        0.0000000000000000     
   295.00000000000000       0.99210795000000007       -7.8911737999999999E-003   0.0000000000000000        0.0000000000000000        0.0000000000000000     
   296.00000000000000       0.99217099000000009       -7.8297067000000012E-003   0.0000000000000000        0.0000000000000000        0.0000000000000000     
   297.00000000000000       0.99223403000000010       -7.7689363000000003E-003   0.0000000000000000        0.0000000000000000        0.0000000000000000     
   298.00000000000000       0.99228707000000016       -7.7088288999999999E-003   0.0000000000000000        0.0000000000000000        0.0000000000000000     
   299.00000000000000       0.99235011000000006       -7.6494384200000006E-003   0.0000000000000000        0.0000000000000000        0.0000000000000000     
   300.00000000000000       0.99240652000000007       -7.5913874199999998E-003   0.0000000000000000        0.0000000000000000        0.0000000000000000     
   301.00000000000000       0.99246956000000008       -7.5333633800000006E-003   0.0000000000000000        0.0000000000000000        0.0000000000000000     
   302.00000000000000       0.99252260000000003       -7.4753629299999999E-003   0.0000000000000000        0.0000000000000000        0.0000000000000000     
   303.00000000000000       0.99257901000000004       -7.4187087000000011E-003   0.0000000000000000        0.0000000000000000        0.0000000000000000     
   304.00000000000000       0.99263542000000016       -7.3627444300000001E-003   0.0000000000000000        0.0000000000000000        0.0000000000000000     
   305.00000000000000       0.99269509000000011       -7.3074600100000000E-003   0.0000000000000000        0.0000000000000000        0.0000000000000000     
   306.00000000000000       0.99274487000000000       -7.2522025500000005E-003   0.0000000000000000        0.0000000000000000        0.0000000000000000     
   307.00000000000000       0.99280128000000012       -7.1982913100000004E-003   0.0000000000000000        0.0000000000000000        0.0000000000000000     
   308.00000000000000       0.99285431999999996       -7.1444002900000010E-003   0.0000000000000000        0.0000000000000000        0.0000000000000000     
   309.00000000000000       0.99291073000000007       -7.0911958599999998E-003   0.0000000000000000        0.0000000000000000        0.0000000000000000     
   310.00000000000000       0.99295714000000002       -7.0386746500000008E-003   0.0000000000000000        0.0000000000000000        0.0000000000000000     
   311.00000000000000       0.99301355000000013       -6.9868366600000006E-003   0.0000000000000000        0.0000000000000000        0.0000000000000000     
   312.00000000000000       0.99306333000000002       -6.9353503900000009E-003   0.0000000000000000        0.0000000000000000        0.0000000000000000     
   313.00000000000000       0.99311636999999997       -6.8844147400000007E-003   0.0000000000000000        0.0000000000000000        0.0000000000000000     
   314.00000000000000       0.99316614999999997       -6.8340960099999995E-003   0.0000000000000000        0.0000000000000000        0.0000000000000000     
   315.00000000000000       0.99321593000000008       -6.7842616000000008E-003   0.0000000000000000        0.0000000000000000        0.0000000000000000     
   316.00000000000000       0.99326234000000002       -6.7349778099999999E-003   0.0000000000000000        0.0000000000000000        0.0000000000000000     
   317.00000000000000       0.99331212000000013       -6.6862412700000005E-003   0.0000000000000000        0.0000000000000000        0.0000000000000000     
   318.00000000000000       0.99335853000000007       -6.6379227500000006E-003   0.0000000000000000        0.0000000000000000        0.0000000000000000     
   319.00000000000000       0.99340831000000007       -6.5901514799999996E-003   0.0000000000000000        0.0000000000000000        0.0000000000000000     
   320.00000000000000       0.99345472000000001       -6.5429308299999999E-003   0.0000000000000000        0.0000000000000000        0.0000000000000000     
   321.00000000000000       0.99350450000000001       -6.4961282000000013E-003   0.0000000000000000        0.0000000000000000        0.0000000000000000     
   322.00000000000000       0.99355428000000001       -6.4498031499999999E-003   0.0000000000000000        0.0000000000000000        0.0000000000000000     
   323.00000000000000       0.99359406000000006       -6.4039624199999992E-003   0.0000000000000000        0.0000000000000000        0.0000000000000000     
   324.00000000000000       0.99364384000000006       -6.3586060100000010E-003   0.0000000000000000        0.0000000000000000        0.0000000000000000     
   325.00000000000000       0.99368362000000010       -6.3137271800000000E-003   0.0000000000000000        0.0000000000000000        0.0000000000000000     
   326.00000000000000       0.99373340000000010       -6.2692629999999997E-003   0.0000000000000000        0.0000000000000000        0.0000000000000000     
   327.00000000000000       0.99377318000000003       -6.2252168400000005E-003   0.0000000000000000        0.0000000000000000        0.0000000000000000     
   328.00000000000000       0.99381633000000003       -6.1816482600000004E-003   0.0000000000000000        0.0000000000000000        0.0000000000000000     
   329.00000000000000       0.99386274000000008       -6.1385640000000000E-003   0.0000000000000000        0.0000000000000000        0.0000000000000000     
   330.00000000000000       0.99390589000000007       -6.0958247200000003E-003   0.0000000000000000        0.0000000000000000        0.0000000000000000     
   331.00000000000000       0.99394567000000011       -6.0535663900000009E-003   0.0000000000000000        0.0000000000000000        0.0000000000000000     
   332.00000000000000       0.99398882000000000       -6.0117193399999999E-003   0.0000000000000000        0.0000000000000000        0.0000000000000000     
   333.00000000000000       0.99402860000000004       -5.9702240100000005E-003   0.0000000000000000        0.0000000000000000        0.0000000000000000     
   334.00000000000000       0.99407175000000003       -5.9292062600000009E-003   0.0000000000000000        0.0000000000000000        0.0000000000000000     
   335.00000000000000       0.99411153000000008       -5.8885334900000011E-003   0.0000000000000000        0.0000000000000000        0.0000000000000000     
   336.00000000000000       0.99415468000000007       -5.8482753699999994E-003   0.0000000000000000        0.0000000000000000        0.0000000000000000     
   337.00000000000000       0.99418782999999999       -5.8084319000000001E-003   0.0000000000000000        0.0000000000000000        0.0000000000000000     
   338.00000000000000       0.99423097999999999       -5.7689300400000001E-003   0.0000000000000000        0.0000000000000000        0.0000000000000000     
   339.00000000000000       0.99427076000000003       -5.7298428299999999E-003   0.0000000000000000        0.0000000000000000        0.0000000000000000     
   340.00000000000000       0.99430728000000013       -5.6911039699999999E-003   0.0000000000000000        0.0000000000000000        0.0000000000000000     
   341.00000000000000       0.99434706000000017       -5.6527763900000010E-003   0.0000000000000000        0.0000000000000000        0.0000000000000000     
   342.00000000000000       0.99438358000000004       -5.6147904199999998E-003   0.0000000000000000        0.0000000000000000        0.0000000000000000     
   343.00000000000000       0.99442336000000009       -5.5771528000000013E-003   0.0000000000000000        0.0000000000000000        0.0000000000000000     
   344.00000000000000       0.99445988000000018       -5.5398635299999995E-003   0.0000000000000000        0.0000000000000000        0.0000000000000000     
   345.00000000000000       0.99449303000000011       -5.5029821700000002E-003   0.0000000000000000        0.0000000000000000        0.0000000000000000     
   346.00000000000000       0.99453618000000010       -5.4663794900000010E-003   0.0000000000000000        0.0000000000000000        0.0000000000000000     
   347.00000000000000       0.99456933000000003       -5.4301217899999999E-003   0.0000000000000000        0.0000000000000000        0.0000000000000000     
   348.00000000000000       0.99460585000000001       -5.3942090700000002E-003   0.0000000000000000        0.0000000000000000        0.0000000000000000     
   349.00000000000000       0.99463900000000005       -5.3586413300000003E-003   0.0000000000000000        0.0000000000000000        0.0000000000000000     
   350.00000000000000       0.99467215000000009       -5.3234152000000007E-003   0.0000000000000000        0.0000000000000000        0.0000000000000000     
   351.00000000000000       0.99470867000000007       -5.2884711200000007E-003   0.0000000000000000        0.0000000000000000        0.0000000000000000     
   352.00000000000000       0.99474182000000000       -5.2539349499999997E-003   0.0000000000000000        0.0000000000000000        0.0000000000000000     
   353.00000000000000       0.99477834000000009       -5.2196111600000001E-003   0.0000000000000000        0.0000000000000000        0.0000000000000000     
   354.00000000000000       0.99481149000000002       -5.1856289800000007E-003   0.0000000000000000        0.0000000000000000        0.0000000000000000     
   355.00000000000000       0.99484801000000012       -5.1519917800000002E-003   0.0000000000000000        0.0000000000000000        0.0000000000000000     
   356.00000000000000       0.99488116000000004       -5.1186332600000007E-003   0.0000000000000000        0.0000000000000000        0.0000000000000000     
   357.00000000000000       0.99491430999999997       -5.0855500500000010E-003   0.0000000000000000        0.0000000000000000        0.0000000000000000     
   358.00000000000000       0.99495083000000006       -5.0528118200000001E-003   0.0000000000000000        0.0000000000000000        0.0000000000000000     
   359.00000000000000       0.99497735000000009       -5.0203489000000007E-003   0.0000000000000000        0.0000000000000000        0.0000000000000000     
   360.00000000000000       0.99501386999999997       -4.9881612900000002E-003   0.0000000000000000        0.0000000000000000        0.0000000000000000     
   361.00000000000000       0.99504039000000000       -4.9563186600000003E-003   0.0000000000000000        0.0000000000000000        0.0000000000000000     
   362.00000000000000       0.99507353999999992       -4.9246850400000005E-003   0.0000000000000000        0.0000000000000000        0.0000000000000000     
   363.00000000000000       0.99511006000000002       -4.8933267299999996E-003   0.0000000000000000        0.0000000000000000        0.0000000000000000     
   364.00000000000000       0.99513658000000005       -4.8623134000000002E-003   0.0000000000000000        0.0000000000000000        0.0000000000000000     
   365.00000000000000       0.99516647000000003       -4.8315090800000009E-003   0.0000000000000000        0.0000000000000000        0.0000000000000000     
   366.00000000000000       0.99519962000000017       -4.8010463700000000E-003   0.0000000000000000        0.0000000000000000        0.0000000000000000     
   367.00000000000000       0.99522613999999998       -4.7707926700000002E-003   0.0000000000000000        0.0000000000000000        0.0000000000000000     
   368.00000000000000       0.99526266000000008       -4.7408176499999996E-003   0.0000000000000000        0.0000000000000000        0.0000000000000000     
   369.00000000000000       0.99528918000000011       -4.7110482699999996E-003   0.0000000000000000        0.0000000000000000        0.0000000000000000     
   370.00000000000000       0.99531570000000003       -4.6816238700000002E-003   0.0000000000000000        0.0000000000000000        0.0000000000000000     
   371.00000000000000       0.99534559000000011       -4.6524051100000005E-003   0.0000000000000000        0.0000000000000000        0.0000000000000000     
   372.00000000000000       0.99537874000000004       -4.6234650300000001E-003   0.0000000000000000        0.0000000000000000        0.0000000000000000     
   373.00000000000000       0.99540863000000002       -4.5947305900000002E-003   0.0000000000000000        0.0000000000000000        0.0000000000000000     
   374.00000000000000       0.99543515000000005       -4.5662714600000010E-003   0.0000000000000000        0.0000000000000000        0.0000000000000000     
   375.00000000000000       0.99546167000000008       -4.5380247099999996E-003   0.0000000000000000        0.0000000000000000        0.0000000000000000     
   376.00000000000000       0.99549156000000005       -4.5100499000000002E-003   0.0000000000000000        0.0000000000000000        0.0000000000000000     
   377.00000000000000       0.99551808000000008       -4.4822841000000000E-003   0.0000000000000000        0.0000000000000000        0.0000000000000000     
   378.00000000000000       0.99554460000000011       -4.4547902400000000E-003   0.0000000000000000        0.0000000000000000        0.0000000000000000     
   379.00000000000000       0.99557449000000009       -4.4275087600000006E-003   0.0000000000000000        0.0000000000000000        0.0000000000000000     
   380.00000000000000       0.99560101000000012       -4.4004329199999999E-003   0.0000000000000000        0.0000000000000000        0.0000000000000000     
   381.00000000000000       0.99562752999999993       -4.3736323899999999E-003   0.0000000000000000        0.0000000000000000        0.0000000000000000     
   382.00000000000000       0.99565079000000001       -4.3469745700000003E-003   0.0000000000000000        0.0000000000000000        0.0000000000000000     
   383.00000000000000       0.99567731000000004       -4.3205886900000001E-003   0.0000000000000000        0.0000000000000000        0.0000000000000000     
   384.00000000000000       0.99570383000000007       -4.2944781200000004E-003   0.0000000000000000        0.0000000000000000        0.0000000000000000     
   385.00000000000000       0.99573372000000004       -4.2685068899999999E-003   0.0000000000000000        0.0000000000000000        0.0000000000000000     
   386.00000000000000       0.99576024000000007       -4.2427446700000005E-003   0.0000000000000000        0.0000000000000000        0.0000000000000000     
   387.00000000000000       0.99578012999999999       -4.2171914600000002E-003   0.0000000000000000        0.0000000000000000        0.0000000000000000     
   388.00000000000000       0.99581002000000018       -4.1919101900000002E-003   0.0000000000000000        0.0000000000000000        0.0000000000000000     
   389.00000000000006       0.99582991000000010       -4.1667682600000002E-003   0.0000000000000000        0.0000000000000000        0.0000000000000000     
   390.00000000000000       0.99585643000000013       -4.1419016400000000E-003   0.0000000000000000        0.0000000000000000        0.0000000000000000     
   391.00000000000000       0.99588632000000010       -4.1171777300000002E-003   0.0000000000000000        0.0000000000000000        0.0000000000000000     
   392.00000000000000       0.99590621000000012       -4.0926594600000001E-003   0.0000000000000000        0.0000000000000000        0.0000000000000000     
   393.00000000000000       0.99593273000000004       -4.0683468300000006E-003   0.0000000000000000        0.0000000000000000        0.0000000000000000     
   394.00000000000006       0.99595599000000001       -4.0442432100000003E-003   0.0000000000000000        0.0000000000000000        0.0000000000000000     
   395.00000000000000       0.99598251000000004       -4.0203452300000006E-003   0.0000000000000000        0.0000000000000000        0.0000000000000000     
   396.00000000000000       0.99600239999999995       -3.9965865900000001E-003   0.0000000000000000        0.0000000000000000        0.0000000000000000     
   397.00000000000000       0.99602229000000009       -3.9730335900000011E-003   0.0000000000000000        0.0000000000000000        0.0000000000000000     
   398.00000000000000       0.99605218000000006       -3.9496896000000004E-003   0.0000000000000000        0.0000000000000000        0.0000000000000000     
   399.00000000000006       0.99607207000000009       -3.9264849499999997E-003   0.0000000000000000        0.0000000000000000        0.0000000000000000     
   400.00000000000000       0.99609859000000012       -3.9035556100000006E-003   0.0000000000000000        0.0000000000000000        0.0000000000000000     
   401.00000000000000       0.99612184999999998       -3.8806959400000001E-003   0.0000000000000000        0.0000000000000000        0.0000000000000000     
   402.00000000000000       0.99614174000000000       -3.8581115800000007E-003   0.0000000000000000        0.0000000000000000        0.0000000000000000     
   403.00000000000000       0.99616163000000002       -3.8356665600000001E-003   0.0000000000000000        0.0000000000000000        0.0000000000000000     
   404.00000000000000       0.99618815000000005       -3.8133608800000000E-003   0.0000000000000000        0.0000000000000000        0.0000000000000000     
   405.00000000000000       0.99621141000000013       -3.7912608400000004E-003   0.0000000000000000        0.0000000000000000        0.0000000000000000     
   406.00000000000000       0.99623130000000015       -3.7693664400000005E-003   0.0000000000000000        0.0000000000000000        0.0000000000000000     
   407.00000000000000       0.99625119000000006       -3.7476113800000003E-003   0.0000000000000000        0.0000000000000000        0.0000000000000000     
   408.00000000000000       0.99627445000000003       -3.7259990300000001E-003   0.0000000000000000        0.0000000000000000        0.0000000000000000     
   409.00000000000000       0.99629434000000006       -3.7045889499999997E-003   0.0000000000000000        0.0000000000000000        0.0000000000000000     
   410.00000000000006       0.99631423000000008       -3.6833182100000001E-003   0.0000000000000000        0.0000000000000000        0.0000000000000000     
   411.00000000000000       0.99633411999999999       -3.6621901799999998E-003   0.0000000000000000        0.0000000000000000        0.0000000000000000     
   412.00000000000000       0.99635738000000007       -3.6412644200000004E-003   0.0000000000000000        0.0000000000000000        0.0000000000000000     
   413.00000000000000       0.99637727000000009       -3.6204813700000003E-003   0.0000000000000000        0.0000000000000000        0.0000000000000000     
   414.00000000000000       0.99639716000000011       -3.5999005900000003E-003   0.0000000000000000        0.0000000000000000        0.0000000000000000     
   415.00000000000006       0.99641705000000014       -3.5793928499999999E-003   0.0000000000000000        0.0000000000000000        0.0000000000000000     
   416.00000000000000       0.99644031000000000       -3.5590907500000000E-003   0.0000000000000000        0.0000000000000000        0.0000000000000000     
   417.00000000000000       0.99646020000000002       -3.5389279899999998E-003   0.0000000000000000        0.0000000000000000        0.0000000000000000     
   418.00000000000000       0.99648009000000004       -3.5189708700000002E-003   0.0000000000000000        0.0000000000000000        0.0000000000000000     
   419.00000000000000       0.99650335000000001       -3.4990834200000001E-003   0.0000000000000000        0.0000000000000000        0.0000000000000000     
   420.00000000000006       0.99652324000000014       -3.4794049800000002E-003   0.0000000000000000        0.0000000000000000        0.0000000000000000     
   421.00000000000000       0.99654313000000005       -3.4597962099999998E-003   0.0000000000000000        0.0000000000000000        0.0000000000000000     
   422.00000000000000       0.99655639000000007       -3.4403930800000005E-003   0.0000000000000000        0.0000000000000000        0.0000000000000000     
   423.00000000000000       0.99657965000000004       -3.4211292899999999E-003   0.0000000000000000        0.0000000000000000        0.0000000000000000     
   424.00000000000000       0.99659954000000006       -3.4020048399999998E-003   0.0000000000000000        0.0000000000000000        0.0000000000000000     
   425.00000000000006       0.99661943000000008       -3.3830163600000003E-003   0.0000000000000000        0.0000000000000000        0.0000000000000000     
   426.00000000000000       0.99663269000000010       -3.3641672199999999E-003   0.0000000000000000        0.0000000000000000        0.0000000000000000     
   427.00000000000000       0.99665258000000001       -3.3454574200000005E-003   0.0000000000000000        0.0000000000000000        0.0000000000000000     
   428.00000000000000       0.99667583999999998       -3.3268835900000003E-003   0.0000000000000000        0.0000000000000000        0.0000000000000000     
   429.00000000000000       0.99668909999999999       -3.3084491000000002E-003   0.0000000000000000        0.0000000000000000        0.0000000000000000     
   430.00000000000000       0.99670899000000013       -3.2901539500000002E-003   0.0000000000000000        0.0000000000000000        0.0000000000000000     
   431.00000000000006       0.99672888000000004       -3.2719981400000002E-003   0.0000000000000000        0.0000000000000000        0.0000000000000000     
   432.00000000000000       0.99674551000000000       -3.2539783000000004E-003   0.0000000000000000        0.0000000000000000        0.0000000000000000     
   433.00000000000000       0.99676540000000002       -3.2360281299999996E-003   0.0000000000000000        0.0000000000000000        0.0000000000000000     
   434.00000000000000       0.99677866000000004       -3.2182869700000004E-003   0.0000000000000000        0.0000000000000000        0.0000000000000000     
   435.00000000000000       0.99679855000000006       -3.2006154800000002E-003   0.0000000000000000        0.0000000000000000        0.0000000000000000     
   436.00000000000006       0.99681518000000002       -3.1831462600000002E-003   0.0000000000000000        0.0000000000000000        0.0000000000000000     
   437.00000000000000       0.99683506999999993       -3.1657500800000003E-003   0.0000000000000000        0.0000000000000000        0.0000000000000000     
   438.00000000000000       0.99684832999999995       -3.1484269400000003E-003   0.0000000000000000        0.0000000000000000        0.0000000000000000     
   439.00000000000000       0.99686822000000008       -3.1313060700000005E-003   0.0000000000000000        0.0000000000000000        0.0000000000000000     
   440.00000000000000       0.99688148000000010       -3.1142548700000003E-003   0.0000000000000000        0.0000000000000000        0.0000000000000000     
   441.00000000000006       0.99690474000000007       -3.0973463800000002E-003   0.0000000000000000        0.0000000000000000        0.0000000000000000     
   442.00000000000000       0.99691800000000008       -3.0805704900000006E-003   0.0000000000000000        0.0000000000000000        0.0000000000000000     
   443.00000000000000       0.99693789000000010       -3.0639339400000002E-003   0.0000000000000000        0.0000000000000000        0.0000000000000000     
   444.00000000000000       0.99695115000000001       -3.0473704300000002E-003   0.0000000000000000        0.0000000000000000        0.0000000000000000     
   445.00000000000000       0.99696778000000008       -3.0309428899999999E-003   0.0000000000000000        0.0000000000000000        0.0000000000000000     
   446.00000000000006       0.99698766999999999       -3.0145850200000001E-003   0.0000000000000000        0.0000000000000000        0.0000000000000000     
   447.00000000000000       0.99700093000000001       -2.9984327900000000E-003   0.0000000000000000        0.0000000000000000        0.0000000000000000     
   448.00000000000000       0.99701419000000002       -2.9823502299999999E-003   0.0000000000000000        0.0000000000000000        0.0000000000000000     
   449.00000000000000       0.99703407999999993       -2.9663407100000002E-003   0.0000000000000000        0.0000000000000000        0.0000000000000000     
   450.00000000000000       0.99705071000000001       -2.9504671600000002E-003   0.0000000000000000        0.0000000000000000        0.0000000000000000     
   451.00000000000006       0.99706397000000002       -2.9347295799999999E-003   0.0000000000000000        0.0000000000000000        0.0000000000000000     
   452.00000000000000       0.99708386000000004       -2.9190650400000000E-003   0.0000000000000000        0.0000000000000000        0.0000000000000000     
   453.00000000000000       0.99709712000000006       -2.9035364700000003E-003   0.0000000000000000        0.0000000000000000        0.0000000000000000     
   454.00000000000000       0.99711038000000007       -2.8880809400000000E-003   0.0000000000000000        0.0000000000000000        0.0000000000000000     
   455.00000000000000       0.99712701000000004       -2.8727580100000000E-003   0.0000000000000000        0.0000000000000000        0.0000000000000000     
   456.00000000000000       0.99714027000000005       -2.8575081199999999E-003   0.0000000000000000        0.0000000000000000        0.0000000000000000     
   457.00000000000006       0.99716016000000018       -2.8423975700000003E-003   0.0000000000000000        0.0000000000000000        0.0000000000000000     
   458.00000000000000       0.99717342000000020       -2.8274196200000004E-003   0.0000000000000000        0.0000000000000000        0.0000000000000000     
   459.00000000000000       0.99718667999999999       -2.8125147100000001E-003   0.0000000000000000        0.0000000000000000        0.0000000000000000     
   460.00000000000000       0.99720331000000006       -2.7976828400000002E-003   0.0000000000000000        0.0000000000000000        0.0000000000000000     
   461.00000000000000       0.99721657000000008       -2.7829835700000000E-003   0.0000000000000000        0.0000000000000000        0.0000000000000000     
   462.00000000000006       0.99722983000000009       -2.7683573400000003E-003   0.0000000000000000        0.0000000000000000        0.0000000000000000     
   463.00000000000000       0.99724309000000011       -2.7538007800000002E-003   0.0000000000000000        0.0000000000000000        0.0000000000000000     
   464.00000000000000       0.99725635000000001       -2.7393801900000006E-003   0.0000000000000000        0.0000000000000000        0.0000000000000000     
   465.00000000000000       0.99727624000000004       -2.7250955699999998E-003   0.0000000000000000        0.0000000000000000        0.0000000000000000     
   466.00000000000000       0.99729287000000000       -2.7108839900000003E-003   0.0000000000000000        0.0000000000000000        0.0000000000000000     
   467.00000000000006       0.99730613000000001       -2.6967420800000004E-003   0.0000000000000000        0.0000000000000000        0.0000000000000000     
   468.00000000000000       0.99731939000000003       -2.6826698400000005E-003   0.0000000000000000        0.0000000000000000        0.0000000000000000     
   469.00000000000000       0.99733265000000004       -2.6687335700000003E-003   0.0000000000000000        0.0000000000000000        0.0000000000000000     
   470.00000000000000       0.99734591000000006       -2.6548669700000005E-003   0.0000000000000000        0.0000000000000000        0.0000000000000000     
   471.00000000000000       0.99736254000000013       -2.6411397100000004E-003   0.0000000000000000        0.0000000000000000        0.0000000000000000     
   472.00000000000006       0.99737580000000003       -2.6274787500000004E-003   0.0000000000000000        0.0000000000000000        0.0000000000000000     
   473.00000000000000       0.99738906000000005       -2.6138908299999999E-003   0.0000000000000000        0.0000000000000000        0.0000000000000000     
   474.00000000000000       0.99740232000000006       -2.6003725800000000E-003   0.0000000000000000        0.0000000000000000        0.0000000000000000     
   475.00000000000000       0.99740895000000007       -2.5869903000000001E-003   0.0000000000000000        0.0000000000000000        0.0000000000000000     
   476.00000000000000       0.99742221000000009       -2.5736776900000002E-003   0.0000000000000000        0.0000000000000000        0.0000000000000000     
   477.00000000000006       0.99743884000000005       -2.5604347500000004E-003   0.0000000000000000        0.0000000000000000        0.0000000000000000     
   478.00000000000006       0.99745210000000006       -2.5473277800000002E-003   0.0000000000000000        0.0000000000000000        0.0000000000000000     
   479.00000000000000       0.99746536000000008       -2.5342241800000000E-003   0.0000000000000000        0.0000000000000000        0.0000000000000000     
   480.00000000000000       0.99747862000000009       -2.5212599200000003E-003   0.0000000000000000        0.0000000000000000        0.0000000000000000     
   481.00000000000000       0.99749188000000000       -2.5084282600000003E-003   0.0000000000000000        0.0000000000000000        0.0000000000000000     
   482.00000000000000       0.99750514000000001       -2.4956033400000003E-003   0.0000000000000000        0.0000000000000000        0.0000000000000000     
   483.00000000000006       0.99751514000000008       -2.4828447200000003E-003   0.0000000000000000        0.0000000000000000        0.0000000000000000     
   484.00000000000000       0.99752840000000009       -2.4702254399999999E-003   0.0000000000000000        0.0000000000000000        0.0000000000000000     
   485.00000000000000       0.99754166000000011       -2.4576724600000001E-003   0.0000000000000000        0.0000000000000000        0.0000000000000000     
   486.00000000000000       0.99755492000000012       -2.4451925200000002E-003   0.0000000000000000        0.0000000000000000        0.0000000000000000     
   487.00000000000000       0.99756818000000014       -2.4327822500000004E-003   0.0000000000000000        0.0000000000000000        0.0000000000000000     
   488.00000000000006       0.99757481000000003       -2.4205045800000003E-003   0.0000000000000000        0.0000000000000000        0.0000000000000000     
   489.00000000000000       0.99759144000000011       -2.4082336500000001E-003   0.0000000000000000        0.0000000000000000        0.0000000000000000     
   490.00000000000000       0.99760470000000012       -2.3960953200000000E-003   0.0000000000000000        0.0000000000000000        0.0000000000000000     
   491.00000000000000       0.99761796000000014       -2.3839637300000003E-003   0.0000000000000000        0.0000000000000000        0.0000000000000000     
   492.00000000000000       0.99762459000000003       -2.3719681100000003E-003   0.0000000000000000        0.0000000000000000        0.0000000000000000     
   493.00000000000006       0.99763785000000005       -2.3600387899999999E-003   0.0000000000000000        0.0000000000000000        0.0000000000000000     
   494.00000000000000       0.99765111000000006       -2.3481825100000004E-003   0.0000000000000000        0.0000000000000000        0.0000000000000000     
   495.00000000000000       0.99766774000000003       -2.3363925300000001E-003   0.0000000000000000        0.0000000000000000        0.0000000000000000     
   496.00000000000000       0.99767436999999992       -2.3246722200000003E-003   0.0000000000000000        0.0000000000000000        0.0000000000000000     
   497.00000000000000       0.99768762999999994       -2.3130215800000005E-003   0.0000000000000000        0.0000000000000000        0.0000000000000000     
   498.00000000000006       0.99770088999999995       -2.3015102799999998E-003   0.0000000000000000        0.0000000000000000        0.0000000000000000     
   499.00000000000000       0.99770752000000007       -2.2899989800000001E-003   0.0000000000000000        0.0000000000000000        0.0000000000000000     
   500.00000000000000       0.99772078000000008       -2.2785573500000000E-003   0.0000000000000000        0.0000000000000000        0.0000000000000000     
   501.00000000000000       0.99773404000000010       -2.2672516900000004E-003   0.0000000000000000        0.0000000000000000        0.0000000000000000     
   502.00000000000000       0.99774404000000017       -2.2559460300000003E-003   0.0000000000000000        0.0000000000000000        0.0000000000000000     
   503.00000000000006       0.99775730000000018       -2.2447134100000003E-003   0.0000000000000000        0.0000000000000000        0.0000000000000000     
   504.00000000000006       0.99776393000000008       -2.2336167600000003E-003   0.0000000000000000        0.0000000000000000        0.0000000000000000     
   505.00000000000000       0.99777719000000009       -2.2225201100000000E-003   0.0000000000000000        0.0000000000000000        0.0000000000000000     
   506.00000000000000       0.99779045000000011       -2.2114931300000001E-003   0.0000000000000000        0.0000000000000000        0.0000000000000000     
   507.00000000000000       0.99779708000000000       -2.2006021200000002E-003   0.0000000000000000        0.0000000000000000        0.0000000000000000     
   508.00000000000000       0.99781034000000002       -2.1897144800000004E-003   0.0000000000000000        0.0000000000000000        0.0000000000000000     
   509.00000000000006       0.99782034000000008       -2.1788965100000002E-003   0.0000000000000000        0.0000000000000000        0.0000000000000000     
   510.00000000000000       0.99783360000000010       -2.1681482100000004E-003   0.0000000000000000        0.0000000000000000        0.0000000000000000     
   511.00000000000000       0.99784022999999999       -2.1574662100000003E-003   0.0000000000000000        0.0000000000000000        0.0000000000000000     
   512.00000000000000       0.99785349000000001       -2.1468572500000001E-003   0.0000000000000000        0.0000000000000000        0.0000000000000000     
   513.00000000000000       0.99786012000000013       -2.1363145900000001E-003   0.0000000000000000        0.0000000000000000        0.0000000000000000     
   514.00000000000000       0.99787338000000014       -2.1258416000000000E-003   0.0000000000000000        0.0000000000000000        0.0000000000000000     
   515.00000000000000       0.99788001000000004       -2.1154382800000000E-003   0.0000000000000000        0.0000000000000000        0.0000000000000000     
   516.00000000000000       0.99789664000000000       -2.1051012599999997E-003   0.0000000000000000        0.0000000000000000        0.0000000000000000     
   517.00000000000000       0.99790327000000012       -2.0947676100000001E-003   0.0000000000000000        0.0000000000000000        0.0000000000000000     
   518.00000000000000       0.99791653000000013       -2.0845733000000003E-003   0.0000000000000000        0.0000000000000000        0.0000000000000000     
   519.00000000000000       0.99792316000000003       -2.0743756200000000E-003   0.0000000000000000        0.0000000000000000        0.0000000000000000     
   520.00000000000000       0.99793642000000005       -2.0642509800000005E-003   0.0000000000000000        0.0000000000000000        0.0000000000000000     
   521.00000000000000       0.99794305000000016       -2.0542623099999999E-003   0.0000000000000000        0.0000000000000000        0.0000000000000000     
   522.00000000000000       0.99795631000000018       -2.0442736400000001E-003   0.0000000000000000        0.0000000000000000        0.0000000000000000     
   523.00000000000000       0.99796294000000008       -2.0342883399999999E-003   0.0000000000000000        0.0000000000000000        0.0000000000000000     
   524.00000000000000       0.99797957000000004       -2.0244390100000002E-003   0.0000000000000000        0.0000000000000000        0.0000000000000000     
   525.00000000000000       0.99798620000000016       -2.0146559800000002E-003   0.0000000000000000        0.0000000000000000        0.0000000000000000     
   526.00000000000000       0.99799283000000005       -2.0048763200000001E-003   0.0000000000000000        0.0000000000000000        0.0000000000000000     
   527.00000000000000       0.99800609000000007       -1.9951663300000000E-003   0.0000000000000000        0.0000000000000000        0.0000000000000000     
   528.00000000000000       0.99801271999999996       -1.9855260100000000E-003   0.0000000000000000        0.0000000000000000        0.0000000000000000     
   529.00000000000000       0.99802597999999998       -1.9759519900000000E-003   0.0000000000000000        0.0000000000000000        0.0000000000000000     
   530.00000000000000       0.99803261000000010       -1.9664476400000001E-003   0.0000000000000000        0.0000000000000000        0.0000000000000000     
   531.00000000000000       0.99804261000000016       -1.9569466600000002E-003   0.0000000000000000        0.0000000000000000        0.0000000000000000     
   532.00000000000000       0.99805587000000018       -1.9475153500000000E-003   0.0000000000000000        0.0000000000000000        0.0000000000000000     
   533.00000000000000       0.99806250000000007       -1.9381503400000002E-003   0.0000000000000000        0.0000000000000000        0.0000000000000000     
   534.00000000000000       0.99806912999999997       -1.9288550000000002E-003   0.0000000000000000        0.0000000000000000        0.0000000000000000     
   535.00000000000000       0.99808238999999999       -1.9196259600000000E-003   0.0000000000000000        0.0000000000000000        0.0000000000000000     
   536.00000000000000       0.99808902000000010       -1.9104036599999999E-003   0.0000000000000000        0.0000000000000000        0.0000000000000000     
   537.00000000000000       0.99809565000000000       -1.9012476600000002E-003   0.0000000000000000        0.0000000000000000        0.0000000000000000     
   538.00000000000000       0.99810891000000002       -1.8921579600000001E-003   0.0000000000000000        0.0000000000000000        0.0000000000000000     
   539.00000000000000       0.99811554000000013       -1.8831413000000000E-003   0.0000000000000000        0.0000000000000000        0.0000000000000000     
   540.00000000000000       0.99812553999999998       -1.8741246400000001E-003   0.0000000000000000        0.0000000000000000        0.0000000000000000     
   541.00000000000000       0.99813879999999999       -1.8652405800000003E-003   0.0000000000000000        0.0000000000000000        0.0000000000000000     
   542.00000000000000       0.99814543000000011       -1.8562969600000000E-003   0.0000000000000000        0.0000000000000000        0.0000000000000000     
   543.00000000000000       0.99815206000000001       -1.8474859400000000E-003   0.0000000000000000        0.0000000000000000        0.0000000000000000     
   544.00000000000000       0.99815869000000013       -1.8386749200000000E-003   0.0000000000000000        0.0000000000000000        0.0000000000000000     
   545.00000000000000       0.99817195000000014       -1.8299998700000001E-003   0.0000000000000000        0.0000000000000000        0.0000000000000000     
   546.00000000000000       0.99817858000000004       -1.8212618900000004E-003   0.0000000000000000        0.0000000000000000        0.0000000000000000     
   547.00000000000000       0.99818520999999993       -1.8126598800000001E-003   0.0000000000000000        0.0000000000000000        0.0000000000000000     
   548.00000000000000       0.99819521000000011       -1.8040578700000002E-003   0.0000000000000000        0.0000000000000000        0.0000000000000000     
   549.00000000000000       0.99820847000000013       -1.7955255300000003E-003   0.0000000000000000        0.0000000000000000        0.0000000000000000     
   550.00000000000000       0.99821510000000002       -1.7870594900000003E-003   0.0000000000000000        0.0000000000000000        0.0000000000000000     
