   1.0000000000000000        1.5370487000000000E-002 -0.98462985000000003        0.0000000000000000        0.0000000000000000        0.0000000000000000     
   2.0000000000000000       0.15715964000000002      -0.84284036000000007        0.0000000000000000        0.0000000000000000        0.0000000000000000     
   3.0000000000000000       0.31062972000000000      -0.68937028000000000        0.0000000000000000        0.0000000000000000        0.0000000000000000     
   4.0000000000000000       0.42618521000000004      -0.57381479000000002        0.0000000000000000        0.0000000000000000        0.0000000000000000     
   5.0000000000000000       0.51072201000000006      -0.48927799000000005        0.0000000000000000        0.0000000000000000        0.0000000000000000     
   6.0000000000000000       0.57388016000000008      -0.42611984000000003        0.0000000000000000        0.0000000000000000        0.0000000000000000     
   7.0000000000000000       0.62261706000000006      -0.37738294000000006        0.0000000000000000        0.0000000000000000        0.0000000000000000     
   8.0000000000000000       0.66116109999999995      -0.33883890000000000        0.0000000000000000        0.0000000000000000        0.0000000000000000     
   9.0000000000000000       0.69234642000000002      -0.30765358000000004        0.0000000000000000        0.0000000000000000        0.0000000000000000     
   10.000000000000000       0.71807020000000010      -0.28192980000000001        0.0000000000000000        0.0000000000000000        0.0000000000000000     
   11.000000000000000       0.73962951000000010      -0.26037049000000001        0.0000000000000000        0.0000000000000000        0.0000000000000000     
   12.000000000000000       0.75796120000000000      -0.24203880000000005        0.0000000000000000        0.0000000000000000        0.0000000000000000     
   13.000000000000000       0.77371560000000006      -0.22628440000000000        0.0000000000000000        0.0000000000000000        0.0000000000000000     
   14.000000000000000       0.78743596999999999      -0.21256403000000001        0.0000000000000000        0.0000000000000000        0.0000000000000000     
   15.000000000000000       0.79947590000000013      -0.20052410000000004        0.0000000000000000        0.0000000000000000        0.0000000000000000     
   16.000000000000000       0.81012538999999995      -0.18987461000000003        0.0000000000000000        0.0000000000000000        0.0000000000000000     
   17.000000000000000       0.81961792000000000      -0.18038208000000000        0.0000000000000000        0.0000000000000000        0.0000000000000000     
   18.000000000000000       0.82813674999999998      -0.17186325000000000        0.0000000000000000        0.0000000000000000        0.0000000000000000     
   19.000000000000000       0.83581873000000007      -0.16418126999999999        0.0000000000000000        0.0000000000000000        0.0000000000000000     
   20.000000000000000       0.84279711999999996      -0.15720287999999999        0.0000000000000000        0.0000000000000000        0.0000000000000000     
   21.000000000000000       0.84914866000000011      -0.15085134000000000        0.0000000000000000        0.0000000000000000        0.0000000000000000     
   22.000000000000000       0.85497335000000008      -0.14502665000000003        0.0000000000000000        0.0000000000000000        0.0000000000000000     
   23.000000000000000       0.86032456000000002      -0.13967544000000001        0.0000000000000000        0.0000000000000000        0.0000000000000000     
   24.000000000000000       0.86526229000000010      -0.13473703600000000        0.0000000000000000        0.0000000000000000        0.0000000000000000     
   25.000000000000000       0.86983991000000005      -0.13016177500000001        0.0000000000000000        0.0000000000000000        0.0000000000000000     
   26.000000000000000       0.87408405000000000      -0.12591527600000002        0.0000000000000000        0.0000000000000000        0.0000000000000000     
   27.000000000000000       0.87804808000000012      -0.12195191999999999        0.0000000000000000        0.0000000000000000        0.0000000000000000     
   28.000000000000000       0.88174537000000019      -0.11825530400000002        0.0000000000000000        0.0000000000000000        0.0000000000000000     
   29.000000000000000       0.88521255000000010      -0.11478879800000001        0.0000000000000000        0.0000000000000000        0.0000000000000000     
   30.000000000000000       0.88846962000000007      -0.11153206500000001        0.0000000000000000        0.0000000000000000        0.0000000000000000     
   31.000000000000000       0.89153658000000002      -0.10846443100000000        0.0000000000000000        0.0000000000000000        0.0000000000000000     
   32.000000000000000       0.89442679999999997      -0.10557286300000002        0.0000000000000000        0.0000000000000000        0.0000000000000000     
   33.000000000000000       0.89716691000000015      -0.10283309000000000        0.0000000000000000        0.0000000000000000        0.0000000000000000     
   34.000000000000000       0.89975365000000007      -0.10024601300000001        0.0000000000000000        0.0000000000000000        0.0000000000000000     
   35.000000000000000       0.90221364999999998       -9.7788034999999995E-002   0.0000000000000000        0.0000000000000000        0.0000000000000000     
   36.000000000000000       0.90454354000000003       -9.5455112000000009E-002   0.0000000000000000        0.0000000000000000        0.0000000000000000     
   37.000000000000000       0.90677006000000004       -9.3230951000000006E-002   0.0000000000000000        0.0000000000000000        0.0000000000000000     
   38.000000000000000       0.90888647000000011       -9.1112182000000014E-002   0.0000000000000000        0.0000000000000000        0.0000000000000000     
   39.000000000000000       0.91090951000000009       -8.9089816000000002E-002   0.0000000000000000        0.0000000000000000        0.0000000000000000     
   40.000000000000000       0.91284581000000009       -8.7154527000000009E-002   0.0000000000000000        0.0000000000000000        0.0000000000000000     
   41.000000000000000       0.91470200000000013       -8.5297326000000007E-002   0.0000000000000000        0.0000000000000000        0.0000000000000000     
   42.000000000000000       0.91647818999999997       -8.3523158000000014E-002   0.0000000000000000        0.0000000000000000        0.0000000000000000     
   43.000000000000000       0.91818427000000002       -8.1816740999999998E-002   0.0000000000000000        0.0000000000000000        0.0000000000000000     
   44.000000000000000       0.91981698000000012       -8.0183019999999994E-002   0.0000000000000000        0.0000000000000000        0.0000000000000000     
   45.000000000000000       0.92139294999999999       -7.8607049999999998E-002   0.0000000000000000        0.0000000000000000        0.0000000000000000     
   46.000000000000000       0.92291218000000008       -7.7090797999999988E-002   0.0000000000000000        0.0000000000000000        0.0000000000000000     
   47.000000000000000       0.92437141000000012       -7.5629274999999996E-002   0.0000000000000000        0.0000000000000000        0.0000000000000000     
   48.000000000000000       0.92578052999999993       -7.4219144000000001E-002   0.0000000000000000        0.0000000000000000        0.0000000000000000     
   49.000000000000000       0.92714290999999993       -7.2857731000000009E-002   0.0000000000000000        0.0000000000000000        0.0000000000000000     
   50.000000000000000       0.92845529000000004       -7.1542036000000003E-002   0.0000000000000000        0.0000000000000000        0.0000000000000000     
   51.000000000000000       0.92973093000000007       -7.0269058999999995E-002   0.0000000000000000        0.0000000000000000        0.0000000000000000     
   52.000000000000000       0.93096320000000010       -6.9037136999999998E-002   0.0000000000000000        0.0000000000000000        0.0000000000000000     
   53.000000000000000       0.93215873000000005       -6.7843922000000001E-002   0.0000000000000000        0.0000000000000000        0.0000000000000000     
   54.000000000000000       0.93331426000000006       -6.6686425000000008E-002   0.0000000000000000        0.0000000000000000        0.0000000000000000     
   55.000000000000000       0.93443967999999999       -6.5563309000000000E-002   0.0000000000000000        0.0000000000000000        0.0000000000000000     
   56.000000000000000       0.93552510000000000       -6.4472900000000000E-002   0.0000000000000000        0.0000000000000000        0.0000000000000000     
   57.000000000000000       0.93658715000000003       -6.3414198000000005E-002   0.0000000000000000        0.0000000000000000        0.0000000000000000     
   58.000000000000000       0.93761245999999998       -6.2383540000000001E-002   0.0000000000000000        0.0000000000000000        0.0000000000000000     
   59.000000000000007       0.93861777000000002       -6.1381589000000000E-002   0.0000000000000000        0.0000000000000000        0.0000000000000000     
   60.000000000000000       0.93959634000000003       -6.0406334000000006E-002   0.0000000000000000        0.0000000000000000        0.0000000000000000     
   61.000000000000007       0.94054154000000012       -5.9455786000000004E-002   0.0000000000000000        0.0000000000000000        0.0000000000000000     
   62.000000000000000       0.94146674000000008       -5.8529608000000004E-002   0.0000000000000000        0.0000000000000000        0.0000000000000000     
   63.000000000000007       0.94237520000000008       -5.7626789000000005E-002   0.0000000000000000        0.0000000000000000        0.0000000000000000     
   64.000000000000000       0.94325365999999999       -5.6745003000000002E-002   0.0000000000000000        0.0000000000000000        0.0000000000000000     
   65.000000000000000       0.94411875000000012       -5.5884250000000003E-002   0.0000000000000000        0.0000000000000000        0.0000000000000000     
   66.000000000000000       0.94495384000000004       -5.5044182000000004E-002   0.0000000000000000        0.0000000000000000        0.0000000000000000     
   67.000000000000000       0.94577882000000002       -5.4222810000000003E-002   0.0000000000000000        0.0000000000000000        0.0000000000000000     
   68.000000000000000       0.94658054000000003       -5.3419797000000005E-002   0.0000000000000000        0.0000000000000000        0.0000000000000000     
   69.000000000000000       0.94736552000000007       -5.2633806000000005E-002   0.0000000000000000        0.0000000000000000        0.0000000000000000     
   70.000000000000000       0.94813713000000011       -5.1864500000000001E-002   0.0000000000000000        0.0000000000000000        0.0000000000000000     
   71.000000000000000       0.94889211000000007       -5.1111553000000004E-002   0.0000000000000000        0.0000000000000000        0.0000000000000000     
   72.000000000000000       0.94962371999999995       -5.0373617000000009E-002   0.0000000000000000        0.0000000000000000        0.0000000000000000     
   73.000000000000000       0.95035196000000011       -4.9651366000000002E-002   0.0000000000000000        0.0000000000000000        0.0000000000000000     
   74.000000000000000       0.95106020000000013       -4.8942462999999999E-002   0.0000000000000000        0.0000000000000000        0.0000000000000000     
   75.000000000000000       0.95175507000000015       -4.8247245000000001E-002   0.0000000000000000        0.0000000000000000        0.0000000000000000     
   76.000000000000000       0.95243330999999998       -4.7565701000000002E-002   0.0000000000000000        0.0000000000000000        0.0000000000000000     
   77.000000000000000       0.95310481000000014       -4.6896504999999998E-002   0.0000000000000000        0.0000000000000000        0.0000000000000000     
   78.000000000000000       0.95375968000000011       -4.6239645999999995E-002   0.0000000000000000        0.0000000000000000        0.0000000000000000     
   79.000000000000000       0.95440455000000002       -4.5594135000000001E-002   0.0000000000000000        0.0000000000000000        0.0000000000000000     
   80.000000000000000       0.95503605000000003       -4.4960297999999996E-002   0.0000000000000000        0.0000000000000000        0.0000000000000000     
   81.000000000000000       0.95566418000000009       -4.4337461000000002E-002   0.0000000000000000        0.0000000000000000        0.0000000000000000     
   82.000000000000000       0.95627568000000007       -4.3724634999999998E-002   0.0000000000000000        0.0000000000000000        0.0000000000000000     
   83.000000000000000       0.95687718000000010       -4.3122247099999997E-002   0.0000000000000000        0.0000000000000000        0.0000000000000000     
   84.000000000000000       0.95746868000000007       -4.2530589600000002E-002   0.0000000000000000        0.0000000000000000        0.0000000000000000     
   85.000000000000000       0.95805018000000008       -4.1947572400000001E-002   0.0000000000000000        0.0000000000000000        0.0000000000000000     
   86.000000000000000       0.95862831000000004       -4.1374386700000002E-002   0.0000000000000000        0.0000000000000000        0.0000000000000000     
   87.000000000000000       0.95918981000000003       -4.0809571700000005E-002   0.0000000000000000        0.0000000000000000        0.0000000000000000     
   88.000000000000000       0.95974793999999997       -4.0254284900000006E-002   0.0000000000000000        0.0000000000000000        0.0000000000000000     
   89.000000000000000       0.96028944000000016       -3.9707065499999999E-002   0.0000000000000000        0.0000000000000000        0.0000000000000000     
   90.000000000000000       0.96083094000000002       -3.9167778700000003E-002   0.0000000000000000        0.0000000000000000        0.0000000000000000     
   91.000000000000000       0.96136244000000004       -3.8636986400000004E-002   0.0000000000000000        0.0000000000000000        0.0000000000000000     
   92.000000000000000       0.96188393999999999       -3.8114587500000005E-002   0.0000000000000000        0.0000000000000000        0.0000000000000000     
   93.000000000000000       0.96240207000000000       -3.7599087500000003E-002   0.0000000000000000        0.0000000000000000        0.0000000000000000     
   94.000000000000000       0.96290693999999999       -3.7091115700000003E-002   0.0000000000000000        0.0000000000000000        0.0000000000000000     
   95.000000000000000       0.96340844000000003       -3.6590503599999998E-002   0.0000000000000000        0.0000000000000000        0.0000000000000000     
   96.000000000000000       0.96389994000000012       -3.6096554500000003E-002   0.0000000000000000        0.0000000000000000        0.0000000000000000     
   97.000000000000000       0.96439143999999999       -3.5610459600000005E-002   0.0000000000000000        0.0000000000000000        0.0000000000000000     
   98.000000000000000       0.96486968000000006       -3.5130162500000006E-002   0.0000000000000000        0.0000000000000000        0.0000000000000000     
   99.000000000000000       0.96534454999999997       -3.4657584800000002E-002   0.0000000000000000        0.0000000000000000        0.0000000000000000     
   100.00000000000000       0.96580942000000003       -3.4190636400000002E-002   0.0000000000000000        0.0000000000000000        0.0000000000000000     
   101.00000000000000       0.96626765999999997       -3.3730575900000004E-002   0.0000000000000000        0.0000000000000000        0.0000000000000000     
   102.00000000000000       0.96672590000000014       -3.3276672899999998E-002   0.0000000000000000        0.0000000000000000        0.0000000000000000     
   103.00000000000000       0.96717414000000002       -3.2828230700000002E-002   0.0000000000000000        0.0000000000000000        0.0000000000000000     
   104.00000000000000       0.96761237999999994       -3.2386474200000001E-002   0.0000000000000000        0.0000000000000000        0.0000000000000000     
   105.00000000000001       0.96804736000000013       -3.1950706700000005E-002   0.0000000000000000        0.0000000000000000        0.0000000000000000     
   106.00000000000000       0.96847560000000010       -3.1520827100000003E-002   0.0000000000000000        0.0000000000000000        0.0000000000000000     
   107.00000000000000       0.96890058000000012       -3.1096172400000000E-002   0.0000000000000000        0.0000000000000000        0.0000000000000000     
   108.00000000000000       0.96932219000000008       -3.0677338200000001E-002   0.0000000000000000        0.0000000000000000        0.0000000000000000     
   109.00000000000001       0.96973717000000004       -3.0264257100000004E-002   0.0000000000000000        0.0000000000000000        0.0000000000000000     
   110.00000000000000       0.97014215000000004       -2.9856895400000003E-002   0.0000000000000000        0.0000000000000000        0.0000000000000000     
   111.00000000000000       0.97054387000000009       -2.9454556400000002E-002   0.0000000000000000        0.0000000000000000        0.0000000000000000     
   112.00000000000000       0.97094222000000008       -2.9057206400000000E-002   0.0000000000000000        0.0000000000000000        0.0000000000000000     
   113.00000000000000       0.97133720000000001       -2.8665407300000001E-002   0.0000000000000000        0.0000000000000000        0.0000000000000000     
   114.00000000000000       0.97172229000000010       -2.8278563499999999E-002   0.0000000000000000        0.0000000000000000        0.0000000000000000     
   115.00000000000000       0.97210401000000002       -2.7897203200000005E-002   0.0000000000000000        0.0000000000000000        0.0000000000000000     
   116.00000000000000       0.97247573000000009       -2.7520697100000002E-002   0.0000000000000000        0.0000000000000000        0.0000000000000000     
   117.00000000000000       0.97285082000000001       -2.7148977799999998E-002   0.0000000000000000        0.0000000000000000        0.0000000000000000     
   118.00000000000001       0.97321591000000007       -2.6782011600000002E-002   0.0000000000000000        0.0000000000000000        0.0000000000000000     
   119.00000000000000       0.97358436999999998       -2.6420461500000002E-002   0.0000000000000000        0.0000000000000000        0.0000000000000000     
   120.00000000000000       0.97393283000000008       -2.6062967800000003E-002   0.0000000000000000        0.0000000000000000        0.0000000000000000     
   121.00000000000000       0.97429129000000003       -2.5710789100000003E-002   0.0000000000000000        0.0000000000000000        0.0000000000000000     
   122.00000000000001       0.97463648999999997       -2.5362633100000004E-002   0.0000000000000000        0.0000000000000000        0.0000000000000000     
   123.00000000000000       0.97497832000000006       -2.5019758400000001E-002   0.0000000000000000        0.0000000000000000        0.0000000000000000     
   124.00000000000000       0.97532015000000005       -2.4681468299999999E-002   0.0000000000000000        0.0000000000000000        0.0000000000000000     
   125.00000000000000       0.97565535000000003       -2.4347133500000000E-002   0.0000000000000000        0.0000000000000000        0.0000000000000000     
   126.00000000000001       0.97598392000000000       -2.4017383300000004E-002   0.0000000000000000        0.0000000000000000        0.0000000000000000     
   127.00000000000000       0.97630912000000003       -2.3692150299999999E-002   0.0000000000000000        0.0000000000000000        0.0000000000000000     
   128.00000000000000       0.97663106000000011       -2.3371434500000000E-002   0.0000000000000000        0.0000000000000000        0.0000000000000000     
   129.00000000000000       0.97694300000000012       -2.3054572900000004E-002   0.0000000000000000        0.0000000000000000        0.0000000000000000     
   130.00000000000000       0.97725494000000013       -2.2742891500000001E-002   0.0000000000000000        0.0000000000000000        0.0000000000000000     
   131.00000000000000       0.97756688000000014       -2.2434333900000006E-002   0.0000000000000000        0.0000000000000000        0.0000000000000000     
   132.00000000000000       0.97787219000000003       -2.2130889099999999E-002   0.0000000000000000        0.0000000000000000        0.0000000000000000     
   133.00000000000000       0.97817087000000003       -2.1831231100000004E-002   0.0000000000000000        0.0000000000000000        0.0000000000000000     
   134.00000000000000       0.97846618000000007       -2.1535359900000002E-002   0.0000000000000000        0.0000000000000000        0.0000000000000000     
   135.00000000000000       0.97875822999999995       -2.1243871100000002E-002   0.0000000000000000        0.0000000000000000        0.0000000000000000     
   136.00000000000000       0.97904027999999998       -2.0956135400000003E-002   0.0000000000000000        0.0000000000000000        0.0000000000000000     
   137.00000000000000       0.97932896000000003       -2.0672782099999999E-002   0.0000000000000000        0.0000000000000000        0.0000000000000000     
   138.00000000000000       0.97960438000000005       -2.0393148200000003E-002   0.0000000000000000        0.0000000000000000        0.0000000000000000     
   139.00000000000000       0.97987980000000008       -2.0117200000000002E-002   0.0000000000000000        0.0000000000000000        0.0000000000000000     
   140.00000000000000       0.98015522000000010       -1.9844971199999999E-002   0.0000000000000000        0.0000000000000000        0.0000000000000000     
   141.00000000000000       0.98042401000000012       -1.9577057400000000E-002   0.0000000000000000        0.0000000000000000        0.0000000000000000     
   142.00000000000000       0.98068617000000002       -1.9312132600000000E-002   0.0000000000000000        0.0000000000000000        0.0000000000000000     
   143.00000000000000       0.98094495999999998       -1.9051522800000002E-002   0.0000000000000000        0.0000000000000000        0.0000000000000000     
   144.00000000000000       0.98120375000000004       -1.8794598700000002E-002   0.0000000000000000        0.0000000000000000        0.0000000000000000     
   145.00000000000000       0.98145928000000016       -1.8541259200000004E-002   0.0000000000000000        0.0000000000000000        0.0000000000000000     
   146.00000000000000       0.98170481000000009       -1.8291571700000002E-002   0.0000000000000000        0.0000000000000000        0.0000000000000000     
   147.00000000000000       0.98195697000000004       -1.8045502500000001E-002   0.0000000000000000        0.0000000000000000        0.0000000000000000     
   148.00000000000000       0.98219587000000008       -1.7802388600000000E-002   0.0000000000000000        0.0000000000000000        0.0000000000000000     
   149.00000000000000       0.98243477000000001       -1.7563522300000002E-002   0.0000000000000000        0.0000000000000000        0.0000000000000000     
   150.00000000000000       0.98267367000000005       -1.7327577599999998E-002   0.0000000000000000        0.0000000000000000        0.0000000000000000     
   151.00000000000000       0.98290594000000009       -1.7095251200000001E-002   0.0000000000000000        0.0000000000000000        0.0000000000000000     
   152.00000000000000       0.98313158000000012       -1.6866475700000001E-002   0.0000000000000000        0.0000000000000000        0.0000000000000000     
   153.00000000000000       0.98336047999999998       -1.6640621800000002E-002   0.0000000000000000        0.0000000000000000        0.0000000000000000     
   154.00000000000000       0.98357949000000000       -1.6418318800000001E-002   0.0000000000000000        0.0000000000000000        0.0000000000000000     
   155.00000000000000       0.98380513000000003       -1.6199566700000001E-002   0.0000000000000000        0.0000000000000000        0.0000000000000000     
   156.00000000000000       0.98401413999999998       -1.5983702500000002E-002   0.0000000000000000        0.0000000000000000        0.0000000000000000     
   157.00000000000000       0.98422977999999994       -1.5770726200000001E-002   0.0000000000000000        0.0000000000000000        0.0000000000000000     
   158.00000000000000       0.98444215999999996       -1.5561300800000000E-002   0.0000000000000000        0.0000000000000000        0.0000000000000000     
   159.00000000000000       0.98464454000000001       -1.5354729600000000E-002   0.0000000000000000        0.0000000000000000        0.0000000000000000     
   160.00000000000000       0.98484692000000007       -1.5151675600000001E-002   0.0000000000000000        0.0000000000000000        0.0000000000000000     
   161.00000000000000       0.98504930000000002       -1.4950846500000002E-002   0.0000000000000000        0.0000000000000000        0.0000000000000000     
   162.00000000000000       0.98524505000000007       -1.4753500900000001E-002   0.0000000000000000        0.0000000000000000        0.0000000000000000     
   163.00000000000000       0.98544080000000012       -1.4559009500000001E-002   0.0000000000000000        0.0000000000000000        0.0000000000000000     
   164.00000000000000       0.98562992000000005       -1.4368035300000002E-002   0.0000000000000000        0.0000000000000000        0.0000000000000000     
   165.00000000000000       0.98581904000000009       -1.4179218600000001E-002   0.0000000000000000        0.0000000000000000        0.0000000000000000     
   166.00000000000000       0.98600816000000002       -1.3993256099999999E-002   0.0000000000000000        0.0000000000000000        0.0000000000000000     
   167.00000000000000       0.98619064999999995       -1.3810777100000001E-002   0.0000000000000000        0.0000000000000000        0.0000000000000000     
   168.00000000000000       0.98637314000000009       -1.3630455600000001E-002   0.0000000000000000        0.0000000000000000        0.0000000000000000     
   169.00000000000000       0.98654563000000006       -1.3452954599999999E-002   0.0000000000000000        0.0000000000000000        0.0000000000000000     
   170.00000000000000       0.98672149000000009       -1.3278274100000001E-002   0.0000000000000000        0.0000000000000000        0.0000000000000000     
   171.00000000000000       0.98689735000000001       -1.3106414100000000E-002   0.0000000000000000        0.0000000000000000        0.0000000000000000     
   172.00000000000000       0.98706321000000008       -1.2936711600000001E-002   0.0000000000000000        0.0000000000000000        0.0000000000000000     
   173.00000000000000       0.98723244000000010       -1.2769762200000000E-002   0.0000000000000000        0.0000000000000000        0.0000000000000000     
   174.00000000000000       0.98739167000000005       -1.2605667000000001E-002   0.0000000000000000        0.0000000000000000        0.0000000000000000     
   175.00000000000000       0.98755426999999996       -1.2443661900000002E-002   0.0000000000000000        0.0000000000000000        0.0000000000000000     
   176.00000000000000       0.98771350000000013       -1.2284477300000001E-002   0.0000000000000000        0.0000000000000000        0.0000000000000000     
   177.00000000000000       0.98787273000000009       -1.2128079500000000E-002   0.0000000000000000        0.0000000000000000        0.0000000000000000     
   178.00000000000000       0.98802870000000009       -1.1973805500000000E-002   0.0000000000000000        0.0000000000000000        0.0000000000000000     
   179.00000000000000       0.98818130000000004       -1.1821655300000001E-002   0.0000000000000000        0.0000000000000000        0.0000000000000000     
   180.00000000000000       0.98832727000000009       -1.1671628900000001E-002   0.0000000000000000        0.0000000000000000        0.0000000000000000     
   181.00000000000000       0.98847324000000003       -1.1524355599999999E-002   0.0000000000000000        0.0000000000000000        0.0000000000000000     
   182.00000000000000       0.98861921000000008       -1.1379902799999999E-002   0.0000000000000000        0.0000000000000000        0.0000000000000000     
   183.00000000000000       0.98876192000000007       -1.1236843400000000E-002   0.0000000000000000        0.0000000000000000        0.0000000000000000     
   184.00000000000000       0.98890789000000001       -1.1096604499999999E-002   0.0000000000000000        0.0000000000000000        0.0000000000000000     
   185.00000000000000       0.98904060000000005       -1.0957759000000001E-002   0.0000000000000000        0.0000000000000000        0.0000000000000000     
   186.00000000000000       0.98917993999999998       -1.0821700299999999E-002   0.0000000000000000        0.0000000000000000        0.0000000000000000     
   187.00000000000000       0.98931265000000002       -1.0687765400000000E-002   0.0000000000000000        0.0000000000000000        0.0000000000000000     
   188.00000000000000       0.98944536000000005       -1.0555886900000000E-002   0.0000000000000000        0.0000000000000000        0.0000000000000000     
   189.00000000000000       0.98957807000000009       -1.0425469200000001E-002   0.0000000000000000        0.0000000000000000        0.0000000000000000     
   190.00000000000000       0.98970078000000017       -1.0297804600000000E-002   0.0000000000000000        0.0000000000000000        0.0000000000000000     
   191.00000000000000       0.98982685999999998       -1.0172230100000000E-002   0.0000000000000000        0.0000000000000000        0.0000000000000000     
   192.00000000000000       0.98995294000000000       -1.0048049000000002E-002   0.0000000000000000        0.0000000000000000        0.0000000000000000     
   193.00000000000000       0.99007239000000014       -9.9259917000000010E-003   0.0000000000000000        0.0000000000000000        0.0000000000000000     
   194.00000000000000       0.99019184000000005       -9.8059908000000008E-003   0.0000000000000000        0.0000000000000000        0.0000000000000000     
   195.00000000000000       0.99030792000000001       -9.6881137000000006E-003   0.0000000000000000        0.0000000000000000        0.0000000000000000     
   196.00000000000000       0.99042737000000014       -9.5715963000000005E-003   0.0000000000000000        0.0000000000000000        0.0000000000000000     
   197.00000000000003       0.99054682000000005       -9.4572027000000020E-003   0.0000000000000000        0.0000000000000000        0.0000000000000000     
   198.00000000000000       0.99065627000000001       -9.3442025000000008E-003   0.0000000000000000        0.0000000000000000        0.0000000000000000     
   199.00000000000000       0.99076909000000002       -9.2332924000000007E-003   0.0000000000000000        0.0000000000000000        0.0000000000000000     
   200.00000000000000       0.99087528000000002       -9.1237757000000013E-003   0.0000000000000000        0.0000000000000000        0.0000000000000000     
   201.00000000000000       0.99098473000000009       -9.0163154000000006E-003   0.0000000000000000        0.0000000000000000        0.0000000000000000     
   202.00000000000000       0.99109091999999999       -8.9102821999999995E-003   0.0000000000000000        0.0000000000000000        0.0000000000000000     
   203.00000000000000       0.99119374000000005       -8.8063391000000012E-003   0.0000000000000000        0.0000000000000000        0.0000000000000000     
   204.00000000000000       0.99129993000000005       -8.7037556999999995E-003   0.0000000000000000        0.0000000000000000        0.0000000000000000     
   205.00000000000003       0.99139612000000010       -8.6025993999999991E-003   0.0000000000000000        0.0000000000000000        0.0000000000000000     
   206.00000000000000       0.99149568000000010       -8.5034994999999992E-003   0.0000000000000000        0.0000000000000000        0.0000000000000000     
   207.00000000000000       0.99159187000000004       -8.4051300000000002E-003   0.0000000000000000        0.0000000000000000        0.0000000000000000     
   208.00000000000000       0.99169143000000004       -8.3088506000000006E-003   0.0000000000000000        0.0000000000000000        0.0000000000000000     
   209.00000000000000       0.99178762000000009       -8.2139308999999994E-003   0.0000000000000000        0.0000000000000000        0.0000000000000000     
   210.00000000000003       0.99188055000000008       -8.1204383000000012E-003   0.0000000000000000        0.0000000000000000        0.0000000000000000     
   211.00000000000000       0.99197011000000002       -8.0289684000000010E-003   0.0000000000000000        0.0000000000000000        0.0000000000000000     
   212.00000000000000       0.99205967000000006       -7.9382289000000002E-003   0.0000000000000000        0.0000000000000000        0.0000000000000000     
   213.00000000000000       0.99215260000000005       -7.8489165000000007E-003   0.0000000000000000        0.0000000000000000        0.0000000000000000     
   214.00000000000000       0.99224215999999998       -7.7609638000000012E-003   0.0000000000000000        0.0000000000000000        0.0000000000000000     
   215.00000000000000       0.99232509000000002       -7.6750674999999996E-003   0.0000000000000000        0.0000000000000000        0.0000000000000000     
   216.00000000000000       0.99240802000000006       -7.5899016000000007E-003   0.0000000000000000        0.0000000000000000        0.0000000000000000     
   217.00000000000000       0.99249432000000004       -7.5060954000000010E-003   0.0000000000000000        0.0000000000000000        0.0000000000000000     
   218.00000000000003       0.99257725000000008       -7.4230533000000012E-003   0.0000000000000000        0.0000000000000000        0.0000000000000000     
   219.00000000000000       0.99266018000000011       -7.3420338999999994E-003   0.0000000000000000        0.0000000000000000        0.0000000000000000     
   220.00000000000000       0.99273648000000003       -7.2617449000000004E-003   0.0000000000000000        0.0000000000000000        0.0000000000000000     
   221.00000000000000       0.99281615000000012       -7.1834785999999994E-003   0.0000000000000000        0.0000000000000000        0.0000000000000000     
   222.00000000000000       0.99289245000000004       -7.1052797000000006E-003   0.0000000000000000        0.0000000000000000        0.0000000000000000     
   223.00000000000003       0.99296875000000007       -7.0291372000000005E-003   0.0000000000000000        0.0000000000000000        0.0000000000000000     
   224.00000000000000       0.99304505000000010       -6.9538240000000008E-003   0.0000000000000000        0.0000000000000000        0.0000000000000000     
   225.00000000000000       0.99312135000000001       -6.8796389999999999E-003   0.0000000000000000        0.0000000000000000        0.0000000000000000     
   226.00000000000000       0.99319102000000004       -6.8065485000000005E-003   0.0000000000000000        0.0000000000000000        0.0000000000000000     
   227.00000000000000       0.99326732000000018       -6.7345861999999999E-003   0.0000000000000000        0.0000000000000000        0.0000000000000000     
   228.00000000000000       0.99333699000000020       -6.6636521000000004E-003   0.0000000000000000        0.0000000000000000        0.0000000000000000     
   229.00000000000000       0.99340666000000000       -6.5938125000000007E-003   0.0000000000000000        0.0000000000000000        0.0000000000000000     
   230.00000000000000       0.99347633000000002       -6.5249685000000005E-003   0.0000000000000000        0.0000000000000000        0.0000000000000000     
   231.00000000000003       0.99354274000000009       -6.4571864000000003E-003   0.0000000000000000        0.0000000000000000        0.0000000000000000     
   232.00000000000000       0.99361241000000011       -6.3903661999999998E-003   0.0000000000000000        0.0000000000000000        0.0000000000000000     
   233.00000000000000       0.99367545000000002       -6.3245741999999995E-003   0.0000000000000000        0.0000000000000000        0.0000000000000000     
   234.00000000000000       0.99373849000000014       -6.2596777999999994E-003   0.0000000000000000        0.0000000000000000        0.0000000000000000     
   235.00000000000000       0.99380816000000005       -6.1957770000000013E-003   0.0000000000000000        0.0000000000000000        0.0000000000000000     
   236.00000000000003       0.99387120000000007       -6.1328380999999994E-003   0.0000000000000000        0.0000000000000000        0.0000000000000000     
   237.00000000000000       0.99393087000000002       -6.0707284999999998E-003   0.0000000000000000        0.0000000000000000        0.0000000000000000     
   238.00000000000000       0.99398728000000003       -6.0095808000000007E-003   0.0000000000000000        0.0000000000000000        0.0000000000000000     
   239.00000000000003       0.99405031999999993       -5.9492961000000002E-003   0.0000000000000000        0.0000000000000000        0.0000000000000000     
   240.00000000000000       0.99410673000000005       -5.8899069999999998E-003   0.0000000000000000        0.0000000000000000        0.0000000000000000     
   241.00000000000000       0.99416977000000006       -5.8312809000000002E-003   0.0000000000000000        0.0000000000000000        0.0000000000000000     
   242.00000000000000       0.99422618000000007       -5.7735504000000007E-003   0.0000000000000000        0.0000000000000000        0.0000000000000000     
   243.00000000000000       0.99428259000000008       -5.7166491999999999E-003   0.0000000000000000        0.0000000000000000        0.0000000000000000     
   244.00000000000003       0.99433900000000008       -5.6605110000000000E-003   0.0000000000000000        0.0000000000000000        0.0000000000000000     
   245.00000000000000       0.99439541000000009       -5.6052358000000004E-003   0.0000000000000000        0.0000000000000000        0.0000000000000000     
   246.00000000000000       0.99445182000000010       -5.5506899000000000E-003   0.0000000000000000        0.0000000000000000        0.0000000000000000     
   247.00000000000000       0.99450486000000005       -5.4969238500000000E-003   0.0000000000000000        0.0000000000000000        0.0000000000000000     
   248.00000000000000       0.99455464000000005       -5.4438545000000003E-003   0.0000000000000000        0.0000000000000000        0.0000000000000000     
   249.00000000000003       0.99461105000000005       -5.3916178199999998E-003   0.0000000000000000        0.0000000000000000        0.0000000000000000     
   250.00000000000000       0.99466083000000005       -5.3400081700000004E-003   0.0000000000000000        0.0000000000000000        0.0000000000000000     
   251.00000000000000       0.99471061000000005       -5.2891648899999998E-003   0.0000000000000000        0.0000000000000000        0.0000000000000000     
   252.00000000000003       0.99475702000000010       -5.2390115700000003E-003   0.0000000000000000        0.0000000000000000        0.0000000000000000     
   253.00000000000000       0.99480680000000010       -5.1895583200000000E-003   0.0000000000000000        0.0000000000000000        0.0000000000000000     
   254.00000000000000       0.99485657999999999       -5.1407984000000004E-003   0.0000000000000000        0.0000000000000000        0.0000000000000000     
   255.00000000000000       0.99490635999999999       -5.0926655100000003E-003   0.0000000000000000        0.0000000000000000        0.0000000000000000     
   256.00000000000000       0.99495613999999999       -5.0451596500000005E-003   0.0000000000000000        0.0000000000000000        0.0000000000000000     
   257.00000000000000       0.99500254999999993       -4.9983471200000006E-003   0.0000000000000000        0.0000000000000000        0.0000000000000000     
   258.00000000000000       0.99504570000000003       -4.9520953200000006E-003   0.0000000000000000        0.0000000000000000        0.0000000000000000     
   259.00000000000000       0.99509548000000003       -4.9065334800000009E-003   0.0000000000000000        0.0000000000000000        0.0000000000000000     
   260.00000000000000       0.99513863000000002       -4.8615357400000007E-003   0.0000000000000000        0.0000000000000000        0.0000000000000000     
   261.00000000000000       0.99518504000000008       -4.8171582899999999E-003   0.0000000000000000        0.0000000000000000        0.0000000000000000     
   262.00000000000000       0.99522818999999996       -4.7733415700000007E-003   0.0000000000000000        0.0000000000000000        0.0000000000000000     
   263.00000000000000       0.99527134000000006       -4.7300788400000005E-003   0.0000000000000000        0.0000000000000000        0.0000000000000000     
   264.00000000000000       0.99531111999999999       -4.6874431399999998E-003   0.0000000000000000        0.0000000000000000        0.0000000000000000     
   265.00000000000000       0.99535426999999999       -4.6452985000000006E-003   0.0000000000000000        0.0000000000000000        0.0000000000000000     
   266.00000000000000       0.99539742000000009       -4.6037741500000000E-003   0.0000000000000000        0.0000000000000000        0.0000000000000000     
   267.00000000000000       0.99543720000000013       -4.5627408600000009E-003   0.0000000000000000        0.0000000000000000        0.0000000000000000     
   268.00000000000000       0.99548035000000001       -4.5221986299999999E-003   0.0000000000000000        0.0000000000000000        0.0000000000000000     
   269.00000000000000       0.99551687000000011       -4.4822103900000005E-003   0.0000000000000000        0.0000000000000000        0.0000000000000000     
   270.00000000000000       0.99555665000000004       -4.4427761400000002E-003   0.0000000000000000        0.0000000000000000        0.0000000000000000     
   271.00000000000000       0.99559317000000003       -4.4037666499999999E-003   0.0000000000000000        0.0000000000000000        0.0000000000000000     
   272.00000000000000       0.99563632000000002       -4.3653111500000005E-003   0.0000000000000000        0.0000000000000000        0.0000000000000000     
   273.00000000000000       0.99566947000000006       -4.3273399700000000E-003   0.0000000000000000        0.0000000000000000        0.0000000000000000     
   274.00000000000000       0.99571262000000016       -4.2897935499999996E-003   0.0000000000000000        0.0000000000000000        0.0000000000000000     
   275.00000000000000       0.99574577000000009       -4.2527314500000008E-003   0.0000000000000000        0.0000000000000000        0.0000000000000000     
   276.00000000000000       0.99578229000000007       -4.2161570399999997E-003   0.0000000000000000        0.0000000000000000        0.0000000000000000     
   277.00000000000000       0.99581881000000005       -4.1800040200000001E-003   0.0000000000000000        0.0000000000000000        0.0000000000000000     
   278.00000000000000       0.99585196000000020       -4.1443353199999994E-003   0.0000000000000000        0.0000000000000000        0.0000000000000000     
   279.00000000000000       0.99588848000000008       -4.1090846400000007E-003   0.0000000000000000        0.0000000000000000        0.0000000000000000     
   280.00000000000000       0.99592163000000000       -4.0742553500000001E-003   0.0000000000000000        0.0000000000000000        0.0000000000000000     
   281.00000000000000       0.99595815000000010       -4.0398440800000004E-003   0.0000000000000000        0.0000000000000000        0.0000000000000000     
   282.00000000000000       0.99599466999999997       -4.0058508300000002E-003   0.0000000000000000        0.0000000000000000        0.0000000000000000     
   283.00000000000000       0.99602782000000012       -3.9722756000000001E-003   0.0000000000000000        0.0000000000000000        0.0000000000000000     
   284.00000000000000       0.99606433999999999       -3.9391183900000003E-003   0.0000000000000000        0.0000000000000000        0.0000000000000000     
   285.00000000000000       0.99609086000000002       -3.9063129000000002E-003   0.0000000000000000        0.0000000000000000        0.0000000000000000     
   286.00000000000000       0.99612738000000012       -3.8739254299999999E-003   0.0000000000000000        0.0000000000000000        0.0000000000000000     
   287.00000000000000       0.99616053000000004       -3.8419526100000002E-003   0.0000000000000000        0.0000000000000000        0.0000000000000000     
   288.00000000000000       0.99619042000000002       -3.8103315100000003E-003   0.0000000000000000        0.0000000000000000        0.0000000000000000     
   289.00000000000000       0.99621694000000005       -3.7790621300000005E-003   0.0000000000000000        0.0000000000000000        0.0000000000000000     
   290.00000000000000       0.99625345999999992       -3.7481411000000004E-003   0.0000000000000000        0.0000000000000000        0.0000000000000000     
   291.00000000000000       0.99627997999999995       -3.7176347200000006E-003   0.0000000000000000        0.0000000000000000        0.0000000000000000     
   292.00000000000000       0.99630987000000004       -3.6874137600000001E-003   0.0000000000000000        0.0000000000000000        0.0000000000000000     
   293.00000000000000       0.99634301999999997       -3.6576074500000002E-003   0.0000000000000000        0.0000000000000000        0.0000000000000000     
   294.00000000000000       0.99637291000000006       -3.6280831899999999E-003   0.0000000000000000        0.0000000000000000        0.0000000000000000     
   295.00000000000000       0.99639943000000009       -3.5989769499999999E-003   0.0000000000000000        0.0000000000000000        0.0000000000000000     
   296.00000000000000       0.99642932000000006       -3.5701493900000001E-003   0.0000000000000000        0.0000000000000000        0.0000000000000000     
   297.00000000000000       0.99645584000000009       -3.5416038800000003E-003   0.0000000000000000        0.0000000000000000        0.0000000000000000     
   298.00000000000000       0.99648573000000007       -3.5134763899999999E-003   0.0000000000000000        0.0000000000000000        0.0000000000000000     
   299.00000000000000       0.99651225000000010       -3.4856275800000001E-003   0.0000000000000000        0.0000000000000000        0.0000000000000000     
   300.00000000000000       0.99654214000000008       -3.4580574500000004E-003   0.0000000000000000        0.0000000000000000        0.0000000000000000     
   301.00000000000000       0.99656866000000011       -3.4308390400000000E-003   0.0000000000000000        0.0000000000000000        0.0000000000000000     
   302.00000000000000       0.99659855000000008       -3.4038993099999998E-003   0.0000000000000000        0.0000000000000000        0.0000000000000000     
   303.00000000000000       0.99662507000000011       -3.3772416300000005E-003   0.0000000000000000        0.0000000000000000        0.0000000000000000     
   304.00000000000000       0.99664833000000008       -3.3509289300000002E-003   0.0000000000000000        0.0000000000000000        0.0000000000000000     
   305.00000000000000       0.99667485000000011       -3.3248319800000003E-003   0.0000000000000000        0.0000000000000000        0.0000000000000000     
   306.00000000000000       0.99670137000000003       -3.2990800100000002E-003   0.0000000000000000        0.0000000000000000        0.0000000000000000     
   307.00000000000000       0.99672463000000011       -3.2735404200000006E-003   0.0000000000000000        0.0000000000000000        0.0000000000000000     
   308.00000000000000       0.99675115000000014       -3.2483491800000003E-003   0.0000000000000000        0.0000000000000000        0.0000000000000000     
   309.00000000000000       0.99677441000000000       -3.2234366200000002E-003   0.0000000000000000        0.0000000000000000        0.0000000000000000     
   310.00000000000000       0.99680093000000003       -3.1987364400000002E-003   0.0000000000000000        0.0000000000000000        0.0000000000000000     
   311.00000000000000       0.99682419000000011       -3.1743149399999998E-003   0.0000000000000000        0.0000000000000000        0.0000000000000000     
   312.00000000000000       0.99685071000000014       -3.1501754899999996E-003   0.0000000000000000        0.0000000000000000        0.0000000000000000     
   313.00000000000000       0.99687060000000005       -3.1262450500000004E-003   0.0000000000000000        0.0000000000000000        0.0000000000000000     
   314.00000000000000       0.99690049000000003       -3.1025932900000004E-003   0.0000000000000000        0.0000000000000000        0.0000000000000000     
   315.00000000000000       0.99692037999999994       -3.0792235800000001E-003   0.0000000000000000        0.0000000000000000        0.0000000000000000     
   316.00000000000000       0.99694364000000002       -3.0560628800000000E-003   0.0000000000000000        0.0000000000000000        0.0000000000000000     
   317.00000000000000       0.99696353000000015       -3.0331145600000003E-003   0.0000000000000000        0.0000000000000000        0.0000000000000000     
   318.00000000000000       0.99699004999999996       -3.0104415500000004E-003   0.0000000000000000        0.0000000000000000        0.0000000000000000     
   319.00000000000000       0.99701331000000004       -2.9880505900000002E-003   0.0000000000000000        0.0000000000000000        0.0000000000000000     
   320.00000000000000       0.99703319999999995       -2.9658023400000000E-003   0.0000000000000000        0.0000000000000000        0.0000000000000000     
   321.00000000000000       0.99705646000000003       -2.9438294000000004E-003   0.0000000000000000        0.0000000000000000        0.0000000000000000     
   322.00000000000000       0.99707635000000017       -2.9220722100000004E-003   0.0000000000000000        0.0000000000000000        0.0000000000000000     
   323.00000000000000       0.99709624000000008       -2.9005240300000006E-003   0.0000000000000000        0.0000000000000000        0.0000000000000000     
   324.00000000000000       0.99711950000000016       -2.8792511600000000E-003   0.0000000000000000        0.0000000000000000        0.0000000000000000     
   325.00000000000000       0.99713939000000007       -2.8581243699999999E-003   0.0000000000000000        0.0000000000000000        0.0000000000000000     
   326.00000000000000       0.99715928000000009       -2.8372728900000004E-003   0.0000000000000000        0.0000000000000000        0.0000000000000000     
   327.00000000000000       0.99718254000000006       -2.8165641200000001E-003   0.0000000000000000        0.0000000000000000        0.0000000000000000     
   328.00000000000000       0.99720242999999997       -2.7960677300000003E-003   0.0000000000000000        0.0000000000000000        0.0000000000000000     
   329.00000000000000       0.99722232000000000       -2.7758466500000002E-003   0.0000000000000000        0.0000000000000000        0.0000000000000000     
   330.00000000000000       0.99724558000000008       -2.7557716500000002E-003   0.0000000000000000        0.0000000000000000        0.0000000000000000     
   331.00000000000000       0.99726547000000010       -2.7359022900000003E-003   0.0000000000000000        0.0000000000000000        0.0000000000000000     
   332.00000000000000       0.99728210000000006       -2.7162453100000004E-003   0.0000000000000000        0.0000000000000000        0.0000000000000000     
   333.00000000000000       0.99730198999999997       -2.6967310399999998E-003   0.0000000000000000        0.0000000000000000        0.0000000000000000     
   334.00000000000000       0.99732187999999999       -2.6774257800000001E-003   0.0000000000000000        0.0000000000000000        0.0000000000000000     
   335.00000000000000       0.99734514000000007       -2.6583295300000001E-003   0.0000000000000000        0.0000000000000000        0.0000000000000000     
   336.00000000000000       0.99735840000000009       -2.6394422900000002E-003   0.0000000000000000        0.0000000000000000        0.0000000000000000     
   337.00000000000000       0.99737829000000011       -2.6206977600000004E-003   0.0000000000000000        0.0000000000000000        0.0000000000000000     
   338.00000000000000       0.99740155000000008       -2.6021622400000002E-003   0.0000000000000000        0.0000000000000000        0.0000000000000000     
   339.00000000000000       0.99741481000000010       -2.5837694300000001E-003   0.0000000000000000        0.0000000000000000        0.0000000000000000     
   340.00000000000000       0.99743470000000001       -2.5655822600000001E-003   0.0000000000000000        0.0000000000000000        0.0000000000000000     
   341.00000000000000       0.99744796000000002       -2.5475411700000001E-003   0.0000000000000000        0.0000000000000000        0.0000000000000000     
   342.00000000000000       0.99747122000000010       -2.5297057199999999E-003   0.0000000000000000        0.0000000000000000        0.0000000000000000     
   343.00000000000000       0.99748448000000012       -2.5120129800000001E-003   0.0000000000000000        0.0000000000000000        0.0000000000000000     
   344.00000000000000       0.99750437000000014       -2.4944629499999999E-003   0.0000000000000000        0.0000000000000000        0.0000000000000000     
   345.00000000000000       0.99752100000000010       -2.4771219300000003E-003   0.0000000000000000        0.0000000000000000        0.0000000000000000     
   346.00000000000000       0.99754089000000001       -2.4599202500000003E-003   0.0000000000000000        0.0000000000000000        0.0000000000000000     
   347.00000000000000       0.99755415000000003       -2.4429275800000000E-003   0.0000000000000000        0.0000000000000000        0.0000000000000000     
   348.00000000000000       0.99757741000000011       -2.4260113200000001E-003   0.0000000000000000        0.0000000000000000        0.0000000000000000     
   349.00000000000000       0.99759067000000012       -2.4093007000000003E-003   0.0000000000000000        0.0000000000000000        0.0000000000000000     
   350.00000000000000       0.99760393000000014       -2.3927990900000002E-003   0.0000000000000000        0.0000000000000000        0.0000000000000000     
   351.00000000000000       0.99762719000000000       -2.3763705200000001E-003   0.0000000000000000        0.0000000000000000        0.0000000000000000     
   352.00000000000000       0.99764045000000001       -2.3600846600000001E-003   0.0000000000000000        0.0000000000000000        0.0000000000000000     
   353.00000000000000       0.99765371000000003       -2.3440044400000002E-003   0.0000000000000000        0.0000000000000000        0.0000000000000000     
   354.00000000000000       0.99767360000000005       -2.3279972599999999E-003   0.0000000000000000        0.0000000000000000        0.0000000000000000     
   355.00000000000000       0.99769023000000012       -2.3121990900000001E-003   0.0000000000000000        0.0000000000000000        0.0000000000000000     
   356.00000000000000       0.99770349000000014       -2.2965436299999999E-003   0.0000000000000000        0.0000000000000000        0.0000000000000000     
   357.00000000000000       0.99771674999999993       -2.2810275100000003E-003   0.0000000000000000        0.0000000000000000        0.0000000000000000     
   358.00000000000000       0.99773000999999994       -2.2655844300000002E-003   0.0000000000000000        0.0000000000000000        0.0000000000000000     
   359.00000000000000       0.99775327000000003       -2.2503469899999998E-003   0.0000000000000000        0.0000000000000000        0.0000000000000000     
   360.00000000000000       0.99776653000000004       -2.2352522600000003E-003   0.0000000000000000        0.0000000000000000        0.0000000000000000     
   361.00000000000000       0.99777979000000006       -2.2202305700000000E-003   0.0000000000000000        0.0000000000000000        0.0000000000000000     
   362.00000000000000       0.99779642000000002       -2.2054145200000002E-003   0.0000000000000000        0.0000000000000000        0.0000000000000000     
   363.00000000000000       0.99780968000000003       -2.1906748800000000E-003   0.0000000000000000        0.0000000000000000        0.0000000000000000     
   364.00000000000000       0.99782294000000005       -2.1761375100000004E-003   0.0000000000000000        0.0000000000000000        0.0000000000000000     
   365.00000000000000       0.99783620000000006       -2.1616765500000004E-003   0.0000000000000000        0.0000000000000000        0.0000000000000000     
   366.00000000000000       0.99785283000000002       -2.1472886300000003E-003   0.0000000000000000        0.0000000000000000        0.0000000000000000     
   367.00000000000000       0.99786609000000004       -2.1331063500000000E-003   0.0000000000000000        0.0000000000000000        0.0000000000000000     
   368.00000000000000       0.99787935000000005       -2.1189971100000005E-003   0.0000000000000000        0.0000000000000000        0.0000000000000000     
   369.00000000000000       0.99789261000000007       -2.1050935100000003E-003   0.0000000000000000        0.0000000000000000        0.0000000000000000     
   370.00000000000000       0.99790924000000003       -2.0912000200000000E-003   0.0000000000000000        0.0000000000000000        0.0000000000000000     
   371.00000000000000       0.99792250000000005       -2.0775087999999999E-003   0.0000000000000000        0.0000000000000000        0.0000000000000000     
   372.00000000000000       0.99793576000000006       -2.0638906200000002E-003   0.0000000000000000        0.0000000000000000        0.0000000000000000     
   373.00000000000000       0.99794902000000008       -2.0504117800000002E-003   0.0000000000000000        0.0000000000000000        0.0000000000000000     
   374.00000000000000       0.99796565000000004       -2.0370756500000002E-003   0.0000000000000000        0.0000000000000000        0.0000000000000000     
   375.00000000000000       0.99797891000000005       -2.0238091899999998E-003   0.0000000000000000        0.0000000000000000        0.0000000000000000     
   376.00000000000000       0.99799217000000007       -2.0106820700000003E-003   0.0000000000000000        0.0000000000000000        0.0000000000000000     
   377.00000000000000       0.99799880000000007       -1.9976279900000000E-003   0.0000000000000000        0.0000000000000000        0.0000000000000000     
   378.00000000000000       0.99801543000000015       -1.9847098800000003E-003   0.0000000000000000        0.0000000000000000        0.0000000000000000     
   379.00000000000000       0.99802868999999994       -1.9719344800000001E-003   0.0000000000000000        0.0000000000000000        0.0000000000000000     
   380.00000000000000       0.99804194999999996       -1.9592321199999999E-003   0.0000000000000000        0.0000000000000000        0.0000000000000000     
   381.00000000000000       0.99805520999999997       -1.9465994300000000E-003   0.0000000000000000        0.0000000000000000        0.0000000000000000     
   382.00000000000000       0.99806184000000009       -1.9341060800000002E-003   0.0000000000000000        0.0000000000000000        0.0000000000000000     
   383.00000000000000       0.99807847000000005       -1.9217520700000000E-003   0.0000000000000000        0.0000000000000000        0.0000000000000000     
   384.00000000000000       0.99809173000000007       -1.9094711000000003E-003   0.0000000000000000        0.0000000000000000        0.0000000000000000     
   385.00000000000000       0.99810499000000008       -1.8972598000000002E-003   0.0000000000000000        0.0000000000000000        0.0000000000000000     
   386.00000000000000       0.99811162000000009       -1.8851878400000003E-003   0.0000000000000000        0.0000000000000000        0.0000000000000000     
   387.00000000000000       0.99812825000000005       -1.8731889200000000E-003   0.0000000000000000        0.0000000000000000        0.0000000000000000     
   388.00000000000000       0.99814151000000007       -1.8613259700000001E-003   0.0000000000000000        0.0000000000000000        0.0000000000000000     
   389.00000000000006       0.99814813999999996       -1.8495394299999999E-003   0.0000000000000000        0.0000000000000000        0.0000000000000000     
   390.00000000000000       0.99816139999999998       -1.8378888600000000E-003   0.0000000000000000        0.0000000000000000        0.0000000000000000     
   391.00000000000000       0.99817465999999999       -1.8262416599999999E-003   0.0000000000000000        0.0000000000000000        0.0000000000000000     
   392.00000000000000       0.99818466000000006       -1.8147338000000001E-003   0.0000000000000000        0.0000000000000000        0.0000000000000000     
   393.00000000000000       0.99819792000000007       -1.8033652800000001E-003   0.0000000000000000        0.0000000000000000        0.0000000000000000     
   394.00000000000006       0.99821118000000009       -1.7920664300000002E-003   0.0000000000000000        0.0000000000000000        0.0000000000000000     
   395.00000000000000       0.99821781000000009       -1.7808406200000002E-003   0.0000000000000000        0.0000000000000000        0.0000000000000000     
   396.00000000000000       0.99823107000000000       -1.7696844799999999E-003   0.0000000000000000        0.0000000000000000        0.0000000000000000     
   397.00000000000000       0.99824107000000006       -1.7586676800000001E-003   0.0000000000000000        0.0000000000000000        0.0000000000000000     
   398.00000000000000       0.99825433000000008       -1.7477239200000001E-003   0.0000000000000000        0.0000000000000000        0.0000000000000000     
   399.00000000000006       0.99826095999999997       -1.7368498300000003E-003   0.0000000000000000        0.0000000000000000        0.0000000000000000     
   400.00000000000000       0.99827421999999999       -1.7260454100000001E-003   0.0000000000000000        0.0000000000000000        0.0000000000000000     
   401.00000000000000       0.99828085000000000       -1.7153803299999998E-003   0.0000000000000000        0.0000000000000000        0.0000000000000000     
   402.00000000000000       0.99829748000000007       -1.7047882900000000E-003   0.0000000000000000        0.0000000000000000        0.0000000000000000     
   403.00000000000000       0.99830411000000008       -1.6942659200000001E-003   0.0000000000000000        0.0000000000000000        0.0000000000000000     
   404.00000000000000       0.99831737000000009       -1.6838132199999999E-003   0.0000000000000000        0.0000000000000000        0.0000000000000000     
   405.00000000000000       0.99832400000000010       -1.6734335600000001E-003   0.0000000000000000        0.0000000000000000        0.0000000000000000     
   406.00000000000000       0.99833726000000000       -1.6631898699999998E-003   0.0000000000000000        0.0000000000000000        0.0000000000000000     
   407.00000000000000       0.99834726000000007       -1.6529495500000001E-003   0.0000000000000000        0.0000000000000000        0.0000000000000000     
   408.00000000000000       0.99836052000000008       -1.6428485700000000E-003   0.0000000000000000        0.0000000000000000        0.0000000000000000     
   409.00000000000000       0.99836714999999998       -1.6328206300000002E-003   0.0000000000000000        0.0000000000000000        0.0000000000000000     
   410.00000000000006       0.99837378000000010       -1.6228589900000000E-003   0.0000000000000000        0.0000000000000000        0.0000000000000000     
   411.00000000000000       0.99838704000000011       -1.6129703900000002E-003   0.0000000000000000        0.0000000000000000        0.0000000000000000     
   412.00000000000000       0.99839367000000001       -1.6031514600000000E-003   0.0000000000000000        0.0000000000000000        0.0000000000000000     
   413.00000000000000       0.99841029999999997       -1.5934055699999999E-003   0.0000000000000000        0.0000000000000000        0.0000000000000000     
   414.00000000000000       0.99841693000000009       -1.5837956499999998E-003   0.0000000000000000        0.0000000000000000        0.0000000000000000     
   415.00000000000006       0.99842355999999999       -1.5741891000000002E-003   0.0000000000000000        0.0000000000000000        0.0000000000000000     
   416.00000000000000       0.99843682000000000       -1.5647218899999997E-003   0.0000000000000000        0.0000000000000000        0.0000000000000000     
   417.00000000000000       0.99844345000000012       -1.5552546800000002E-003   0.0000000000000000        0.0000000000000000        0.0000000000000000     
   418.00000000000000       0.99845008000000002       -1.5458605100000002E-003   0.0000000000000000        0.0000000000000000        0.0000000000000000     
   419.00000000000000       0.99846671000000020       -1.5366056800000000E-003   0.0000000000000000        0.0000000000000000        0.0000000000000000     
   420.00000000000006       0.99847334000000010       -1.5273508500000001E-003   0.0000000000000000        0.0000000000000000        0.0000000000000000     
   421.00000000000000       0.99847997000000022       -1.5182353599999998E-003   0.0000000000000000        0.0000000000000000        0.0000000000000000     
   422.00000000000000       0.99849323000000023       -1.5091232400000001E-003   0.0000000000000000        0.0000000000000000        0.0000000000000000     
   423.00000000000000       0.99849986000000013       -1.5001470900000001E-003   0.0000000000000000        0.0000000000000000        0.0000000000000000     
   424.00000000000000       0.99850649000000002       -1.4911743100000001E-003   0.0000000000000000        0.0000000000000000        0.0000000000000000     
   425.00000000000006       0.99851649000000009       -1.4822745699999999E-003   0.0000000000000000        0.0000000000000000        0.0000000000000000     
   426.00000000000000       0.99852975000000010       -1.4735074300000002E-003   0.0000000000000000        0.0000000000000000        0.0000000000000000     
   427.00000000000000       0.99853638000000000       -1.4647470300000001E-003   0.0000000000000000        0.0000000000000000        0.0000000000000000     
   428.00000000000000       0.99854300999999990       -1.4560562999999999E-003   0.0000000000000000        0.0000000000000000        0.0000000000000000     
   429.00000000000000       0.99854964000000002       -1.4474352399999999E-003   0.0000000000000000        0.0000000000000000        0.0000000000000000     
   430.00000000000000       0.99856290000000003       -1.4388838500000002E-003   0.0000000000000000        0.0000000000000000        0.0000000000000000     
   431.00000000000006       0.99857290000000010       -1.4304021300000000E-003   0.0000000000000000        0.0000000000000000        0.0000000000000000     
   432.00000000000000       0.99857952999999999       -1.4219237800000000E-003   0.0000000000000000        0.0000000000000000        0.0000000000000000     
   433.00000000000000       0.99858616000000011       -1.4135847700000000E-003   0.0000000000000000        0.0000000000000000        0.0000000000000000     
   434.00000000000000       0.99859279000000001       -1.4053120600000001E-003   0.0000000000000000        0.0000000000000000        0.0000000000000000     
   435.00000000000000       0.99859942000000013       -1.3970460900000002E-003   0.0000000000000000        0.0000000000000000        0.0000000000000000     
   436.00000000000006       0.99861268000000014       -1.3888464200000001E-003   0.0000000000000000        0.0000000000000000        0.0000000000000000     
   437.00000000000000       0.99861931000000004       -1.3807197900000002E-003   0.0000000000000000        0.0000000000000000        0.0000000000000000     
   438.00000000000000       0.99862931000000010       -1.3726628300000001E-003   0.0000000000000000        0.0000000000000000        0.0000000000000000     
   439.00000000000000       0.99863594000000000       -1.3646755400000001E-003   0.0000000000000000        0.0000000000000000        0.0000000000000000     
   440.00000000000000       0.99864257000000012       -1.3566882500000001E-003   0.0000000000000000        0.0000000000000000        0.0000000000000000     
   441.00000000000006       0.99864920000000001       -1.3488403000000001E-003   0.0000000000000000        0.0000000000000000        0.0000000000000000     
   442.00000000000000       0.99865583000000013       -1.3409957199999999E-003   0.0000000000000000        0.0000000000000000        0.0000000000000000     
   443.00000000000000       0.99866246000000003       -1.3332208100000002E-003   0.0000000000000000        0.0000000000000000        0.0000000000000000     
   444.00000000000000       0.99867572000000004       -1.3254459000000001E-003   0.0000000000000000        0.0000000000000000        0.0000000000000000     
   445.00000000000000       0.99868572000000011       -1.3178103300000000E-003   0.0000000000000000        0.0000000000000000        0.0000000000000000     
   446.00000000000006       0.99869235000000001       -1.3101781300000001E-003   0.0000000000000000        0.0000000000000000        0.0000000000000000     
   447.00000000000000       0.99869898000000012       -1.3026122300000000E-003   0.0000000000000000        0.0000000000000000        0.0000000000000000     
   448.00000000000000       0.99870561000000002       -1.2951193700000000E-003   0.0000000000000000        0.0000000000000000        0.0000000000000000     
   449.00000000000000       0.99871224000000014       -1.2876928100000002E-003   0.0000000000000000        0.0000000000000000        0.0000000000000000     
   450.00000000000000       0.99871887000000004       -1.2802729900000000E-003   0.0000000000000000        0.0000000000000000        0.0000000000000000     
   451.00000000000006       0.99872550000000015       -1.2729194700000000E-003   0.0000000000000000        0.0000000000000000        0.0000000000000000     
   452.00000000000000       0.99873550000000000       -1.2656356200000001E-003   0.0000000000000000        0.0000000000000000        0.0000000000000000     
   453.00000000000000       0.99874213000000012       -1.2584248100000000E-003   0.0000000000000000        0.0000000000000000        0.0000000000000000     
   454.00000000000000       0.99874876000000001       -1.2512140000000001E-003   0.0000000000000000        0.0000000000000000        0.0000000000000000     
   455.00000000000000       0.99875539000000013       -1.2440728600000002E-003   0.0000000000000000        0.0000000000000000        0.0000000000000000     
   456.00000000000000       0.99876202000000003       -1.2369317200000001E-003   0.0000000000000000        0.0000000000000000        0.0000000000000000     
   457.00000000000006       0.99876864999999992       -1.2299299200000001E-003   0.0000000000000000        0.0000000000000000        0.0000000000000000     
   458.00000000000000       0.99877528000000004       -1.2229314900000002E-003   0.0000000000000000        0.0000000000000000        0.0000000000000000     
   459.00000000000000       0.99878528000000000       -1.2159993600000002E-003   0.0000000000000000        0.0000000000000000        0.0000000000000000     
   460.00000000000000       0.99879191000000012       -1.2090739700000000E-003   0.0000000000000000        0.0000000000000000        0.0000000000000000     
   461.00000000000000       0.99879854000000001       -1.2022148800000000E-003   0.0000000000000000        0.0000000000000000        0.0000000000000000     
   462.00000000000006       0.99880517000000013       -1.1954254600000003E-003   0.0000000000000000        0.0000000000000000        0.0000000000000000     
   463.00000000000000       0.99881180000000003       -1.1887057100000002E-003   0.0000000000000000        0.0000000000000000        0.0000000000000000     
   464.00000000000000       0.99881843000000003       -1.1819859600000000E-003   0.0000000000000000        0.0000000000000000        0.0000000000000000     
   465.00000000000000       0.99882506000000004       -1.1752729500000001E-003   0.0000000000000000        0.0000000000000000        0.0000000000000000     
   466.00000000000000       0.99883169000000005       -1.1686925400000000E-003   0.0000000000000000        0.0000000000000000        0.0000000000000000     
   467.00000000000006       0.99884169000000012       -1.1621155000000002E-003   0.0000000000000000        0.0000000000000000        0.0000000000000000     
   468.00000000000000       0.99884832000000001       -1.1556081299999999E-003   0.0000000000000000        0.0000000000000000        0.0000000000000000     
   469.00000000000000       0.99885494999999991       -1.1491007599999999E-003   0.0000000000000000        0.0000000000000000        0.0000000000000000     
   470.00000000000000       0.99885494999999991       -1.1426664300000001E-003   0.0000000000000000        0.0000000000000000        0.0000000000000000     
   471.00000000000000       0.99886158000000003       -1.1362983999999999E-003   0.0000000000000000        0.0000000000000000        0.0000000000000000     
   472.00000000000006       0.99886820999999992       -1.1299337400000001E-003   0.0000000000000000        0.0000000000000000        0.0000000000000000     
   473.00000000000000       0.99887484000000004       -1.1235724500000001E-003   0.0000000000000000        0.0000000000000000        0.0000000000000000     
   474.00000000000000       0.99888146999999994       -1.1173437600000000E-003   0.0000000000000000        0.0000000000000000        0.0000000000000000     
   475.00000000000000       0.99888810000000006       -1.1111218100000001E-003   0.0000000000000000        0.0000000000000000        0.0000000000000000     
   476.00000000000000       0.99889810000000001       -1.1048998599999999E-003   0.0000000000000000        0.0000000000000000        0.0000000000000000     
   477.00000000000006       0.99890473000000002       -1.0988105100000003E-003   0.0000000000000000        0.0000000000000000        0.0000000000000000     
   478.00000000000006       0.99890473000000002       -1.0926616000000000E-003   0.0000000000000000        0.0000000000000000        0.0000000000000000     
   479.00000000000000       0.99891136000000003       -1.0866452899999999E-003   0.0000000000000000        0.0000000000000000        0.0000000000000000     
   480.00000000000000       0.99891799000000003       -1.0806323500000001E-003   0.0000000000000000        0.0000000000000000        0.0000000000000000     
   481.00000000000000       0.99892462000000004       -1.0746194100000001E-003   0.0000000000000000        0.0000000000000000        0.0000000000000000     
   482.00000000000000       0.99893125000000005       -1.0686795100000000E-003   0.0000000000000000        0.0000000000000000        0.0000000000000000     
   483.00000000000006       0.99893788000000006       -1.0628059100000000E-003   0.0000000000000000        0.0000000000000000        0.0000000000000000     
   484.00000000000000       0.99894451000000006       -1.0569323099999999E-003   0.0000000000000000        0.0000000000000000        0.0000000000000000     
   485.00000000000000       0.99894788000000001       -1.0511317500000001E-003   0.0000000000000000        0.0000000000000000        0.0000000000000000     
   486.00000000000000       0.99895451000000013       -1.0453311900000001E-003   0.0000000000000000        0.0000000000000000        0.0000000000000000     
   487.00000000000000       0.99896114000000003       -1.0396003000000000E-003   0.0000000000000000        0.0000000000000000        0.0000000000000000     
   488.00000000000006       0.99896777000000014       -1.0338694100000001E-003   0.0000000000000000        0.0000000000000000        0.0000000000000000     
   489.00000000000000       0.99897440000000004       -1.0282081900000000E-003   0.0000000000000000        0.0000000000000000        0.0000000000000000     
   490.00000000000000       0.99897440000000004       -1.0225503400000001E-003   0.0000000000000000        0.0000000000000000        0.0000000000000000     
   491.00000000000000       0.99898103000000016       -1.0169587900000000E-003   0.0000000000000000        0.0000000000000000        0.0000000000000000     
   492.00000000000000       0.99898766000000006       -1.0113739800000001E-003   0.0000000000000000        0.0000000000000000        0.0000000000000000     
   493.00000000000006       0.99899429000000017       -1.0058521000000000E-003   0.0000000000000000        0.0000000000000000        0.0000000000000000     
   494.00000000000000       0.99900429000000002       -1.0004032600000000E-003   0.0000000000000000        0.0000000000000000        0.0000000000000000     
   495.00000000000000       0.99900429000000002       -9.9495441999999999E-004   0.0000000000000000        0.0000000000000000        0.0000000000000000     
   496.00000000000000       0.99901092000000002       -9.8950558000000018E-004   0.0000000000000000        0.0000000000000000        0.0000000000000000     
   497.00000000000000       0.99901755000000003       -9.8412640999999998E-004   0.0000000000000000        0.0000000000000000        0.0000000000000000     
   498.00000000000006       0.99902418000000004       -9.7881691000000002E-004   0.0000000000000000        0.0000000000000000        0.0000000000000000     
   499.00000000000000       0.99902418000000004       -9.7344447999999999E-004   0.0000000000000000        0.0000000000000000        0.0000000000000000     
   500.00000000000000       0.99903081000000005       -9.6820465000000007E-004   0.0000000000000000        0.0000000000000000        0.0000000000000000     
   501.00000000000000       0.99903744000000005       -9.6296819000000003E-004   0.0000000000000000        0.0000000000000000        0.0000000000000000     
   502.00000000000000       0.99904407000000006       -9.5773172999999998E-004   0.0000000000000000        0.0000000000000000        0.0000000000000000     
   503.00000000000006       0.99904407000000006       -9.5256493999999997E-004   0.0000000000000000        0.0000000000000000        0.0000000000000000     
   504.00000000000006       0.99905407000000013       -9.4739815000000017E-004   0.0000000000000000        0.0000000000000000        0.0000000000000000     
   505.00000000000000       0.99906070000000002       -9.4230103000000009E-004   0.0000000000000000        0.0000000000000000        0.0000000000000000     
   506.00000000000000       0.99906070000000002       -9.3720727999999998E-004   0.0000000000000000        0.0000000000000000        0.0000000000000000     
   507.00000000000000       0.99906733000000014       -9.3217983000000015E-004   0.0000000000000000        0.0000000000000000        0.0000000000000000     
   508.00000000000000       0.99907396000000004       -9.2715575000000008E-004   0.0000000000000000        0.0000000000000000        0.0000000000000000     
   509.00000000000006       0.99908059000000016       -9.2219797000000017E-004   0.0000000000000000        0.0000000000000000        0.0000000000000000     
   510.00000000000000       0.99908059000000016       -9.1724356000000003E-004   0.0000000000000000        0.0000000000000000        0.0000000000000000     
   511.00000000000000       0.99908722000000005       -9.1229252000000008E-004   0.0000000000000000        0.0000000000000000        0.0000000000000000     
   512.00000000000000       0.99909384999999995       -9.0740777999999997E-004   0.0000000000000000        0.0000000000000000        0.0000000000000000     
   513.00000000000000       0.99909384999999995       -9.0252304000000008E-004   0.0000000000000000        0.0000000000000000        0.0000000000000000     
   514.00000000000000       0.99910048000000007       -8.9771134000000009E-004   0.0000000000000000        0.0000000000000000        0.0000000000000000     
   515.00000000000000       0.99911048000000002       -8.9289627000000002E-004   0.0000000000000000        0.0000000000000000        0.0000000000000000     
   516.00000000000000       0.99911048000000002       -8.8815424000000007E-004   0.0000000000000000        0.0000000000000000        0.0000000000000000     
   517.00000000000000       0.99911711000000014       -8.8340884000000014E-004   0.0000000000000000        0.0000000000000000        0.0000000000000000     
   518.00000000000000       0.99912374000000004       -8.7867018000000005E-004   0.0000000000000000        0.0000000000000000        0.0000000000000000     
   519.00000000000000       0.99912374000000004       -8.7399444999999994E-004   0.0000000000000000        0.0000000000000000        0.0000000000000000     
   520.00000000000000       0.99913037000000005       -8.6932546000000012E-004   0.0000000000000000        0.0000000000000000        0.0000000000000000     
   521.00000000000000       0.99913700000000005       -8.6472277000000013E-004   0.0000000000000000        0.0000000000000000        0.0000000000000000     
   522.00000000000000       0.99913700000000005       -8.6012008000000014E-004   0.0000000000000000        0.0000000000000000        0.0000000000000000     
   523.00000000000000       0.99914363000000006       -8.5558705999999997E-004   0.0000000000000000        0.0000000000000000        0.0000000000000000     
   524.00000000000000       0.99915026000000007       -8.5105404000000002E-004   0.0000000000000000        0.0000000000000000        0.0000000000000000     
   525.00000000000000       0.99915026000000007       -8.4652439000000004E-004   0.0000000000000000        0.0000000000000000        0.0000000000000000     
   526.00000000000000       0.99916026000000002       -8.4206104000000002E-004   0.0000000000000000        0.0000000000000000        0.0000000000000000     
   527.00000000000000       0.99916688999999992       -8.3760106000000008E-004   0.0000000000000000        0.0000000000000000        0.0000000000000000     
   528.00000000000000       0.99916688999999992       -8.3314445000000001E-004   0.0000000000000000        0.0000000000000000        0.0000000000000000     
   529.00000000000000       0.99917352000000004       -8.2875414000000000E-004   0.0000000000000000        0.0000000000000000        0.0000000000000000     
   530.00000000000000       0.99917352000000004       -8.2436383000000009E-004   0.0000000000000000        0.0000000000000000        0.0000000000000000     
   531.00000000000000       0.99918014999999993       -8.2004319000000001E-004   0.0000000000000000        0.0000000000000000        0.0000000000000000     
   532.00000000000000       0.99918678000000005       -8.1572254999999992E-004   0.0000000000000000        0.0000000000000000        0.0000000000000000     
   533.00000000000000       0.99918678000000005       -8.1140528000000003E-004   0.0000000000000000        0.0000000000000000        0.0000000000000000     
   534.00000000000000       0.99919340999999995       -8.0715431000000009E-004   0.0000000000000000        0.0000000000000000        0.0000000000000000     
   535.00000000000000       0.99919340999999995       -8.0290671000000013E-004   0.0000000000000000        0.0000000000000000        0.0000000000000000     
   536.00000000000000       0.99920004000000007       -7.9865911000000006E-004   0.0000000000000000        0.0000000000000000        0.0000000000000000     
   537.00000000000000       0.99920666999999996       -7.9447781000000015E-004   0.0000000000000000        0.0000000000000000        0.0000000000000000     
   538.00000000000000       0.99920666999999996       -7.9030324999999999E-004   0.0000000000000000        0.0000000000000000        0.0000000000000000     
   539.00000000000000       0.99921667000000003       -7.8619162000000001E-004   0.0000000000000000        0.0000000000000000        0.0000000000000000     
   540.00000000000000       0.99921667000000003       -7.8208335999999990E-004   0.0000000000000000        0.0000000000000000        0.0000000000000000     
   541.00000000000000       0.99922330000000004       -7.7797510000000012E-004   0.0000000000000000        0.0000000000000000        0.0000000000000000     
   542.00000000000000       0.99922993000000004       -7.7393651000000005E-004   0.0000000000000000        0.0000000000000000        0.0000000000000000     
   543.00000000000000       0.99922993000000004       -7.6990128999999995E-004   0.0000000000000000        0.0000000000000000        0.0000000000000000     
   544.00000000000000       0.99923656000000005       -7.6586269999999999E-004   0.0000000000000000        0.0000000000000000        0.0000000000000000     
   545.00000000000000       0.99923656000000005       -7.6183085000000009E-004   0.0000000000000000        0.0000000000000000        0.0000000000000000     
   546.00000000000000       0.99924319000000006       -7.5786193000000005E-004   0.0000000000000000        0.0000000000000000        0.0000000000000000     
   547.00000000000000       0.99924319000000006       -7.5396267999999994E-004   0.0000000000000000        0.0000000000000000        0.0000000000000000     
   548.00000000000000       0.99924982000000007       -7.5000050000000008E-004   0.0000000000000000        0.0000000000000000        0.0000000000000000     
   549.00000000000000       0.99924982000000007       -7.4610124999999997E-004   0.0000000000000000        0.0000000000000000        0.0000000000000000     
   550.00000000000000       0.99925645000000007       -7.4220874000000014E-004   0.0000000000000000        0.0000000000000000        0.0000000000000000     
