   1.0000000000000000        1.4025934000000000E-002 -0.98597274000000001        0.0000000000000000        0.0000000000000000        0.0000000000000000     
   2.0000000000000000       0.14321195000000000      -0.85678805000000002        0.0000000000000000        0.0000000000000000        0.0000000000000000     
   3.0000000000000000       0.28288345999999998      -0.71711654000000002        0.0000000000000000        0.0000000000000000        0.0000000000000000     
   4.0000000000000000       0.38795092000000003      -0.61204908000000002        0.0000000000000000        0.0000000000000000        0.0000000000000000     
   5.0000000000000000       0.46476221000000001      -0.53523778999999994        0.0000000000000000        0.0000000000000000        0.0000000000000000     
   6.0000000000000000       0.52211957000000009      -0.47788042999999997        0.0000000000000000        0.0000000000000000        0.0000000000000000     
   7.0000000000000000       0.56637552999999996      -0.43362447000000004        0.0000000000000000        0.0000000000000000        0.0000000000000000     
   8.0000000000000000       0.60139958000000004      -0.39860042000000001        0.0000000000000000        0.0000000000000000        0.0000000000000000     
   9.0000000000000000       0.62975314999999998      -0.37024685000000002        0.0000000000000000        0.0000000000000000        0.0000000000000000     
   10.000000000000000       0.65316722999999999      -0.34683277000000001        0.0000000000000000        0.0000000000000000        0.0000000000000000     
   11.000000000000000       0.67283921999999996      -0.32716078000000004        0.0000000000000000        0.0000000000000000        0.0000000000000000     
   12.000000000000000       0.68959293000000010      -0.31040707000000006        0.0000000000000000        0.0000000000000000        0.0000000000000000     
   13.000000000000000       0.70403543000000002      -0.29596457000000004        0.0000000000000000        0.0000000000000000        0.0000000000000000     
   14.000000000000000       0.71665683000000002      -0.28334317000000003        0.0000000000000000        0.0000000000000000        0.0000000000000000     
   15.000000000000000       0.72777072000000009      -0.27222928000000002        0.0000000000000000        0.0000000000000000        0.0000000000000000     
   16.000000000000000       0.73765395000000000      -0.26234605000000000        0.0000000000000000        0.0000000000000000        0.0000000000000000     
   17.000000000000000       0.74651326000000007      -0.25348674000000004        0.0000000000000000        0.0000000000000000        0.0000000000000000     
   18.000000000000000       0.75450213000000010      -0.24549787000000001        0.0000000000000000        0.0000000000000000        0.0000000000000000     
   19.000000000000000       0.76176056000000014      -0.23823944000000002        0.0000000000000000        0.0000000000000000        0.0000000000000000     
   20.000000000000000       0.76839529000000018      -0.23160471000000002        0.0000000000000000        0.0000000000000000        0.0000000000000000     
   21.000000000000000       0.77448643000000006      -0.22551357000000000        0.0000000000000000        0.0000000000000000        0.0000000000000000     
   22.000000000000000       0.78011061000000004      -0.21988939000000002        0.0000000000000000        0.0000000000000000        0.0000000000000000     
   23.000000000000000       0.78532783000000017      -0.21467217000000002        0.0000000000000000        0.0000000000000000        0.0000000000000000     
   24.000000000000000       0.79018820000000001      -0.20981179999999999        0.0000000000000000        0.0000000000000000        0.0000000000000000     
   25.000000000000000       0.79473835000000004      -0.20526165000000002        0.0000000000000000        0.0000000000000000        0.0000000000000000     
   26.000000000000000       0.79900828000000002      -0.20099172000000001        0.0000000000000000        0.0000000000000000        0.0000000000000000     
   27.000000000000000       0.80302473000000019      -0.19697527000000001        0.0000000000000000        0.0000000000000000        0.0000000000000000     
   28.000000000000000       0.80682433000000009      -0.19317567000000002        0.0000000000000000        0.0000000000000000        0.0000000000000000     
   29.000000000000000       0.81042707999999997      -0.18957292000000001        0.0000000000000000        0.0000000000000000        0.0000000000000000     
   30.000000000000000       0.81384635000000005      -0.18615432400000004        0.0000000000000000        0.0000000000000000        0.0000000000000000     
   31.000000000000000       0.81710876999999993      -0.18289190399999999        0.0000000000000000        0.0000000000000000        0.0000000000000000     
   32.000000000000000       0.82021771000000010      -0.17978127899999999        0.0000000000000000        0.0000000000000000        0.0000000000000000     
   33.000000000000000       0.82320316999999998      -0.17679784100000001        0.0000000000000000        0.0000000000000000        0.0000000000000000     
   34.000000000000000       0.82605514999999996      -0.17394417600000001        0.0000000000000000        0.0000000000000000        0.0000000000000000     
   35.000000000000000       0.82880365000000000      -0.17119736100000002        0.0000000000000000        0.0000000000000000        0.0000000000000000     
   36.000000000000000       0.83145193000000006      -0.16854739600000002        0.0000000000000000        0.0000000000000000        0.0000000000000000     
   37.000000000000000       0.83400347000000008      -0.16599821500000000        0.0000000000000000        0.0000000000000000        0.0000000000000000     
   38.000000000000000       0.83645816000000006      -0.16354049200000001        0.0000000000000000        0.0000000000000000        0.0000000000000000     
   39.000000000000000       0.83884599999999998      -0.16115231500000002        0.0000000000000000        0.0000000000000000        0.0000000000000000     
   40.000000000000000       0.84115373000000004      -0.15884525900000002        0.0000000000000000        0.0000000000000000        0.0000000000000000     
   41.000000000000000       0.84338797999999993      -0.15661067200000001        0.0000000000000000        0.0000000000000000        0.0000000000000000     
   42.000000000000000       0.84555874999999991      -0.15444023900000001        0.0000000000000000        0.0000000000000000        0.0000000000000000     
   43.000000000000000       0.84767267000000013      -0.15232631900000002        0.0000000000000000        0.0000000000000000        0.0000000000000000     
   44.000000000000000       0.84972648000000006      -0.15027385700000001        0.0000000000000000        0.0000000000000000        0.0000000000000000     
   45.000000000000000       0.85173007000000012      -0.14826858200000001        0.0000000000000000        0.0000000000000000        0.0000000000000000     
   46.000000000000000       0.85367692000000006      -0.14632274300000001        0.0000000000000000        0.0000000000000000        0.0000000000000000     
   47.000000000000000       0.85558355000000008      -0.14441476500000000        0.0000000000000000        0.0000000000000000        0.0000000000000000     
   48.000000000000000       0.85744343999999995      -0.14255790800000001        0.0000000000000000        0.0000000000000000        0.0000000000000000     
   49.000000000000000       0.85925647999999999      -0.14074385700000000        0.0000000000000000        0.0000000000000000        0.0000000000000000     
   50.000000000000000       0.86103604000000011      -0.13896564500000003        0.0000000000000000        0.0000000000000000        0.0000000000000000     
   51.000000000000000       0.86277212000000003      -0.13722889099999999        0.0000000000000000        0.0000000000000000        0.0000000000000000     
   52.000000000000000       0.86447472000000003      -0.13552595400000000        0.0000000000000000        0.0000000000000000        0.0000000000000000     
   53.000000000000000       0.86614384000000011      -0.13385649700000002        0.0000000000000000        0.0000000000000000        0.0000000000000000     
   54.000000000000000       0.86777285000000015      -0.13222647600000001        0.0000000000000000        0.0000000000000000        0.0000000000000000     
   55.000000000000000       0.86937838000000012      -0.13062162000000002        0.0000000000000000        0.0000000000000000        0.0000000000000000     
   56.000000000000000       0.87095043000000016      -0.12904822200000002        0.0000000000000000        0.0000000000000000        0.0000000000000000     
   57.000000000000000       0.87250236999999997      -0.12749864100000000        0.0000000000000000        0.0000000000000000        0.0000000000000000     
   58.000000000000000       0.87401420000000019      -0.12598613700000003        0.0000000000000000        0.0000000000000000        0.0000000000000000     
   59.000000000000007       0.87550918000000011      -0.12448947200000000        0.0000000000000000        0.0000000000000000        0.0000000000000000     
   60.000000000000000       0.87697742000000001      -0.12302224300000000        0.0000000000000000        0.0000000000000000        0.0000000000000000     
   61.000000000000007       0.87841554999999993      -0.12158310200000000        0.0000000000000000        0.0000000000000000        0.0000000000000000     
   62.000000000000000       0.87984020000000007      -0.12015845200000000        0.0000000000000000        0.0000000000000000        0.0000000000000000     
   63.000000000000007       0.88123810999999996      -0.11876155299999999        0.0000000000000000        0.0000000000000000        0.0000000000000000     
   64.000000000000000       0.88261591000000006      -0.11738442700000000        0.0000000000000000        0.0000000000000000        0.0000000000000000     
   65.000000000000000       0.88397360000000003      -0.11602741100000001        0.0000000000000000        0.0000000000000000        0.0000000000000000     
   66.000000000000000       0.88531117999999998      -0.11468949400000000        0.0000000000000000        0.0000000000000000        0.0000000000000000     
   67.000000000000000       0.88662865000000002      -0.11337000200000000        0.0000000000000000        0.0000000000000000        0.0000000000000000     
   68.000000000000000       0.88792938000000010      -0.11206927200000001        0.0000000000000000        0.0000000000000000        0.0000000000000000     
   69.000000000000000       0.88921337000000000      -0.11078595600000000        0.0000000000000000        0.0000000000000000        0.0000000000000000     
   70.000000000000000       0.89048725000000006      -0.10951376100000002        0.0000000000000000        0.0000000000000000        0.0000000000000000     
   71.000000000000000       0.89173439000000010      -0.10826493600000001        0.0000000000000000        0.0000000000000000        0.0000000000000000     
   72.000000000000000       0.89296816000000012      -0.10703285100000000        0.0000000000000000        0.0000000000000000        0.0000000000000000     
   73.000000000000000       0.89418844999999991      -0.10581020200000001        0.0000000000000000        0.0000000000000000        0.0000000000000000     
   74.000000000000000       0.89539536999999991      -0.10460328200000001        0.0000000000000000        0.0000000000000000        0.0000000000000000     
   75.000000000000000       0.89658892000000012      -0.10341175400000001        0.0000000000000000        0.0000000000000000        0.0000000000000000     
   76.000000000000000       0.89776573000000015      -0.10223528100000001        0.0000000000000000        0.0000000000000000        0.0000000000000000     
   77.000000000000000       0.89892580000000000      -0.10107352600000001        0.0000000000000000        0.0000000000000000        0.0000000000000000     
   78.000000000000000       0.90007912999999995       -9.9919521999999997E-002   0.0000000000000000        0.0000000000000000        0.0000000000000000     
   79.000000000000000       0.90121245999999999       -9.8785855000000006E-002   0.0000000000000000        0.0000000000000000        0.0000000000000000     
   80.000000000000000       0.90233905000000014       -9.7659602000000012E-002   0.0000000000000000        0.0000000000000000        0.0000000000000000     
   81.000000000000000       0.90345227000000006       -9.6546719000000017E-002   0.0000000000000000        0.0000000000000000        0.0000000000000000     
   82.000000000000000       0.90455874999999997       -9.5440238999999996E-002   0.0000000000000000        0.0000000000000000        0.0000000000000000     
   83.000000000000000       0.90564522999999997       -9.4353085000000003E-002   0.0000000000000000        0.0000000000000000        0.0000000000000000     
   84.000000000000000       0.90672834000000013       -9.3271997000000023E-002   0.0000000000000000        0.0000000000000000        0.0000000000000000     
   85.000000000000000       0.90779808000000006       -9.2202931000000002E-002   0.0000000000000000        0.0000000000000000        0.0000000000000000     
   86.000000000000000       0.90886108000000010       -9.1139594000000004E-002   0.0000000000000000        0.0000000000000000        0.0000000000000000     
   87.000000000000000       0.90990408000000000       -9.0094571999999998E-002   0.0000000000000000        0.0000000000000000        0.0000000000000000     
   88.000000000000000       0.91094708000000002       -8.9054268000000006E-002   0.0000000000000000        0.0000000000000000        0.0000000000000000     
   89.000000000000000       0.91197334000000008       -8.8025648999999997E-002   0.0000000000000000        0.0000000000000000        0.0000000000000000     
   90.000000000000000       0.91299297000000013       -8.7007704000000005E-002   0.0000000000000000        0.0000000000000000        0.0000000000000000     
   91.000000000000000       0.91399923000000005       -8.6001106999999993E-002   0.0000000000000000        0.0000000000000000        0.0000000000000000     
   92.000000000000000       0.91499549000000013       -8.5004847000000008E-002   0.0000000000000000        0.0000000000000000        0.0000000000000000     
   93.000000000000000       0.91598838000000005       -8.4012630999999990E-002   0.0000000000000000        0.0000000000000000        0.0000000000000000     
   94.000000000000000       0.91696790000000006       -8.3031089000000002E-002   0.0000000000000000        0.0000000000000000        0.0000000000000000     
   95.000000000000000       0.91794079000000006       -8.2059210000000007E-002   0.0000000000000000        0.0000000000000000        0.0000000000000000     
   96.000000000000000       0.91890368000000011       -8.1097668000000012E-002   0.0000000000000000        0.0000000000000000        0.0000000000000000     
   97.000000000000000       0.91985319999999993       -8.0146125999999998E-002   0.0000000000000000        0.0000000000000000        0.0000000000000000     
   98.000000000000000       0.92079609000000007       -7.9204247000000005E-002   0.0000000000000000        0.0000000000000000        0.0000000000000000     
   99.000000000000000       0.92173561000000004       -7.8265063999999995E-002   0.0000000000000000        0.0000000000000000        0.0000000000000000     
   100.00000000000000       0.92265850000000005       -7.7342174000000014E-002   0.0000000000000000        0.0000000000000000        0.0000000000000000     
   101.00000000000000       0.92357802000000011       -7.6421980000000000E-002   0.0000000000000000        0.0000000000000000        0.0000000000000000     
   102.00000000000000       0.92448754000000011       -7.5511112000000005E-002   0.0000000000000000        0.0000000000000000        0.0000000000000000     
   103.00000000000000       0.92539042999999999       -7.4609233000000011E-002   0.0000000000000000        0.0000000000000000        0.0000000000000000     
   104.00000000000000       0.92628332000000002       -7.3716376700000016E-002   0.0000000000000000        0.0000000000000000        0.0000000000000000     
   105.00000000000001       0.92716620999999999       -7.2832408300000012E-002   0.0000000000000000        0.0000000000000000        0.0000000000000000     
   106.00000000000000       0.92804247000000006       -7.1957260400000000E-002   0.0000000000000000        0.0000000000000000        0.0000000000000000     
   107.00000000000000       0.92890873000000007       -7.1090831899999998E-002   0.0000000000000000        0.0000000000000000        0.0000000000000000     
   108.00000000000000       0.92976835999999996       -7.0233021700000009E-002   0.0000000000000000        0.0000000000000000        0.0000000000000000     
   109.00000000000001       0.93062125000000007       -6.9377132399999999E-002   0.0000000000000000        0.0000000000000000        0.0000000000000000     
   110.00000000000000       0.93146425000000010       -6.8536322900000002E-002   0.0000000000000000        0.0000000000000000        0.0000000000000000     
   111.00000000000000       0.93229724999999997       -6.7701243800000005E-002   0.0000000000000000        0.0000000000000000        0.0000000000000000     
   112.00000000000000       0.93312688000000010       -6.6874479700000003E-002   0.0000000000000000        0.0000000000000000        0.0000000000000000     
   113.00000000000000       0.93394325000000000       -6.6055963199999998E-002   0.0000000000000000        0.0000000000000000        0.0000000000000000     
   114.00000000000000       0.93475625000000007       -6.5245626900000006E-002   0.0000000000000000        0.0000000000000000        0.0000000000000000     
   115.00000000000000       0.93555599000000000       -6.4442774100000003E-002   0.0000000000000000        0.0000000000000000        0.0000000000000000     
   116.00000000000000       0.93634910000000016       -6.3648629700000001E-002   0.0000000000000000        0.0000000000000000        0.0000000000000000     
   117.00000000000000       0.93713884000000003       -6.2862463300000004E-002   0.0000000000000000        0.0000000000000000        0.0000000000000000     
   118.00000000000001       0.93791532000000011       -6.2083611900000002E-002   0.0000000000000000        0.0000000000000000        0.0000000000000000     
   119.00000000000000       0.93868843000000002       -6.1313300400000006E-002   0.0000000000000000        0.0000000000000000        0.0000000000000000     
   120.00000000000000       0.93944828000000002       -6.0550865799999999E-002   0.0000000000000000        0.0000000000000000        0.0000000000000000     
   121.00000000000000       0.94020476000000008       -5.9796240700000003E-002   0.0000000000000000        0.0000000000000000        0.0000000000000000     
   122.00000000000001       0.94095135000000008       -5.9050054400000003E-002   0.0000000000000000        0.0000000000000000        0.0000000000000000     
   123.00000000000000       0.94168794000000000       -5.8310913499999999E-002   0.0000000000000000        0.0000000000000000        0.0000000000000000     
   124.00000000000000       0.94242115999999998       -5.7580110300000001E-002   0.0000000000000000        0.0000000000000000        0.0000000000000000     
   125.00000000000000       0.94314449000000011       -5.6857644800000010E-002   0.0000000000000000        0.0000000000000000        0.0000000000000000     
   126.00000000000001       0.94385782000000007       -5.6142089900000004E-002   0.0000000000000000        0.0000000000000000        0.0000000000000000     
   127.00000000000000       0.94456452000000002       -5.5434805300000001E-002   0.0000000000000000        0.0000000000000000        0.0000000000000000     
   128.00000000000000       0.94526122000000012       -5.4735060600000003E-002   0.0000000000000000        0.0000000000000000        0.0000000000000000     
   129.00000000000000       0.94595792000000012       -5.4043451400000005E-002   0.0000000000000000        0.0000000000000000        0.0000000000000000     
   130.00000000000000       0.94664136000000010       -5.3359382099999998E-002   0.0000000000000000        0.0000000000000000        0.0000000000000000     
   131.00000000000000       0.94731817000000007       -5.2683380900000000E-002   0.0000000000000000        0.0000000000000000        0.0000000000000000     
   132.00000000000000       0.94798835000000004       -5.2014818500000011E-002   0.0000000000000000        0.0000000000000000        0.0000000000000000     
   133.00000000000000       0.94864853000000005       -5.1353661199999998E-002   0.0000000000000000        0.0000000000000000        0.0000000000000000     
   134.00000000000000       0.94930208000000005       -5.0700538300000007E-002   0.0000000000000000        0.0000000000000000        0.0000000000000000     
   135.00000000000000       0.94994900000000004       -5.0054786800000001E-002   0.0000000000000000        0.0000000000000000        0.0000000000000000     
   136.00000000000000       0.95058266000000002       -4.9416339300000001E-002   0.0000000000000000        0.0000000000000000        0.0000000000000000     
   137.00000000000000       0.95121295000000006       -4.8785858799999998E-002   0.0000000000000000        0.0000000000000000        0.0000000000000000     
   138.00000000000000       0.95183660999999997       -4.8162682300000002E-002   0.0000000000000000        0.0000000000000000        0.0000000000000000     
   139.00000000000000       0.95245364000000010       -4.7547405400000006E-002   0.0000000000000000        0.0000000000000000        0.0000000000000000     
   140.00000000000000       0.95305740999999999       -4.6939365099999998E-002   0.0000000000000000        0.0000000000000000        0.0000000000000000     
   141.00000000000000       0.95366118000000000       -4.6338561400000006E-002   0.0000000000000000        0.0000000000000000        0.0000000000000000     
   142.00000000000000       0.95425494999999994       -4.5744994299999994E-002   0.0000000000000000        0.0000000000000000        0.0000000000000000     
   143.00000000000000       0.95483883000000014       -4.5158596400000001E-002   0.0000000000000000        0.0000000000000000        0.0000000000000000     
   144.00000000000000       0.95541933999999995       -4.4580030700000002E-002   0.0000000000000000        0.0000000000000000        0.0000000000000000     
   145.00000000000000       0.95599321999999998       -4.4008600500000002E-002   0.0000000000000000        0.0000000000000000        0.0000000000000000     
   146.00000000000000       0.95655383999999999       -4.3444339500000005E-002   0.0000000000000000        0.0000000000000000        0.0000000000000000     
   147.00000000000000       0.95711446000000011       -4.2887180300000001E-002   0.0000000000000000        0.0000000000000000        0.0000000000000000     
   148.00000000000000       0.95766507999999995       -4.2337156600000002E-002   0.0000000000000000        0.0000000000000000        0.0000000000000000     
   149.00000000000000       0.95820581000000005       -4.1793571700000004E-002   0.0000000000000000        0.0000000000000000        0.0000000000000000     
   150.00000000000000       0.95874317000000009       -4.1257717900000004E-002   0.0000000000000000        0.0000000000000000        0.0000000000000000     
   151.00000000000000       0.95926727000000001       -4.0728932200000005E-002   0.0000000000000000        0.0000000000000000        0.0000000000000000     
   152.00000000000000       0.95979137000000003       -4.0206551600000008E-002   0.0000000000000000        0.0000000000000000        0.0000000000000000     
   153.00000000000000       0.96030883999999994       -3.9691902100000002E-002   0.0000000000000000        0.0000000000000000        0.0000000000000000     
   154.00000000000000       0.96081305000000006       -3.9182927300000003E-002   0.0000000000000000        0.0000000000000000        0.0000000000000000     
   155.00000000000000       0.96131726000000006       -3.8681683600000002E-002   0.0000000000000000        0.0000000000000000        0.0000000000000000     
   156.00000000000000       0.96181484000000006       -3.8186743900000000E-002   0.0000000000000000        0.0000000000000000        0.0000000000000000     
   157.00000000000000       0.96230242000000010       -3.7698175600000002E-002   0.0000000000000000        0.0000000000000000        0.0000000000000000     
   158.00000000000000       0.96278337000000014       -3.7216607999999998E-002   0.0000000000000000        0.0000000000000000        0.0000000000000000     
   159.00000000000000       0.96326106000000000       -3.6742007400000005E-002   0.0000000000000000        0.0000000000000000        0.0000000000000000     
   160.00000000000000       0.96372875000000002       -3.6273047800000000E-002   0.0000000000000000        0.0000000000000000        0.0000000000000000     
   161.00000000000000       0.96418981000000015       -3.5811055199999997E-002   0.0000000000000000        0.0000000000000000        0.0000000000000000     
   162.00000000000000       0.96464423999999993       -3.5355366600000000E-002   0.0000000000000000        0.0000000000000000        0.0000000000000000     
   163.00000000000000       0.96509204000000004       -3.4905982000000002E-002   0.0000000000000000        0.0000000000000000        0.0000000000000000     
   164.00000000000000       0.96553984000000015       -3.4462867699999997E-002   0.0000000000000000        0.0000000000000000        0.0000000000000000     
   165.00000000000000       0.96597101000000007       -3.4025327000000008E-002   0.0000000000000000        0.0000000000000000        0.0000000000000000     
   166.00000000000000       0.96640555000000006       -3.3594753300000002E-002   0.0000000000000000        0.0000000000000000        0.0000000000000000     
   167.00000000000000       0.96683009000000009       -3.3169753200000006E-002   0.0000000000000000        0.0000000000000000        0.0000000000000000     
   168.00000000000000       0.96725137000000005       -3.2750989700000004E-002   0.0000000000000000        0.0000000000000000        0.0000000000000000     
   169.00000000000000       0.96766265000000007       -3.2338496500000001E-002   0.0000000000000000        0.0000000000000000        0.0000000000000000     
   170.00000000000000       0.96807067000000013       -3.1931543200000002E-002   0.0000000000000000        0.0000000000000000        0.0000000000000000     
   171.00000000000000       0.96846869000000013       -3.1530826500000005E-002   0.0000000000000000        0.0000000000000000        0.0000000000000000     
   172.00000000000000       0.96886671000000013       -3.1135020400000001E-002   0.0000000000000000        0.0000000000000000        0.0000000000000000     
   173.00000000000000       0.96925147000000000       -3.0745417200000003E-002   0.0000000000000000        0.0000000000000000        0.0000000000000000     
   174.00000000000000       0.96963623000000010       -3.0362050600000003E-002   0.0000000000000000        0.0000000000000000        0.0000000000000000     
   175.00000000000000       0.97001436000000008       -2.9983527199999999E-002   0.0000000000000000        0.0000000000000000        0.0000000000000000     
   176.00000000000000       0.97039249000000005       -2.9610543700000005E-002   0.0000000000000000        0.0000000000000000        0.0000000000000000     
   177.00000000000000       0.97075399000000007       -2.9243100100000002E-002   0.0000000000000000        0.0000000000000000        0.0000000000000000     
   178.00000000000000       0.97111886000000003       -2.8881162700000001E-002   0.0000000000000000        0.0000000000000000        0.0000000000000000     
   179.00000000000000       0.97147710000000020       -2.8524765200000000E-002   0.0000000000000000        0.0000000000000000        0.0000000000000000     
   180.00000000000000       0.97182534000000009       -2.8173210900000002E-002   0.0000000000000000        0.0000000000000000        0.0000000000000000     
   181.00000000000000       0.97217032000000003       -2.7827162799999999E-002   0.0000000000000000        0.0000000000000000        0.0000000000000000     
   182.00000000000000       0.97251193000000014       -2.7485957900000003E-002   0.0000000000000000        0.0000000000000000        0.0000000000000000     
   183.00000000000000       0.97285028000000007       -2.7149596200000001E-002   0.0000000000000000        0.0000000000000000        0.0000000000000000     
   184.00000000000000       0.97317863000000004       -2.6818740700000003E-002   0.0000000000000000        0.0000000000000000        0.0000000000000000     
   185.00000000000000       0.97350698000000002       -2.6492694700000000E-002   0.0000000000000000        0.0000000000000000        0.0000000000000000     
   186.00000000000000       0.97383207000000005       -2.6171491900000003E-002   0.0000000000000000        0.0000000000000000        0.0000000000000000     
   187.00000000000000       0.97414716000000001       -2.5855098600000001E-002   0.0000000000000000        0.0000000000000000        0.0000000000000000     
   188.00000000000000       0.97445562000000008       -2.5543514800000000E-002   0.0000000000000000        0.0000000000000000        0.0000000000000000     
   189.00000000000000       0.97476408000000003       -2.5236740500000004E-002   0.0000000000000000        0.0000000000000000        0.0000000000000000     
   190.00000000000000       0.97506590999999998       -2.4934146399999999E-002   0.0000000000000000        0.0000000000000000        0.0000000000000000     
   191.00000000000000       0.97536111000000014       -2.4636328100000000E-002   0.0000000000000000        0.0000000000000000        0.0000000000000000     
   192.00000000000000       0.97565630999999997       -2.4343319300000003E-002   0.0000000000000000        0.0000000000000000        0.0000000000000000     
   193.00000000000000       0.97594488000000013       -2.4054423300000002E-002   0.0000000000000000        0.0000000000000000        0.0000000000000000     
   194.00000000000000       0.97623345000000006       -2.3769673800000002E-002   0.0000000000000000        0.0000000000000000        0.0000000000000000     
   195.00000000000000       0.97650875999999998       -2.3489733800000002E-002   0.0000000000000000        0.0000000000000000        0.0000000000000000     
   196.00000000000000       0.97678733000000006       -2.3213243600000003E-002   0.0000000000000000        0.0000000000000000        0.0000000000000000     
   197.00000000000003       0.97705601000000009       -2.2941529200000001E-002   0.0000000000000000        0.0000000000000000        0.0000000000000000     
   198.00000000000000       0.97732469000000011       -2.2673961300000000E-002   0.0000000000000000        0.0000000000000000        0.0000000000000000     
   199.00000000000000       0.97759000000000018       -2.2410472500000004E-002   0.0000000000000000        0.0000000000000000        0.0000000000000000     
   200.00000000000000       0.97785205000000008       -2.2151130200000001E-002   0.0000000000000000        0.0000000000000000        0.0000000000000000     
   201.00000000000000       0.97810747000000009       -2.1895204000000005E-002   0.0000000000000000        0.0000000000000000        0.0000000000000000     
   202.00000000000000       0.97835289000000003       -2.1643424300000002E-002   0.0000000000000000        0.0000000000000000        0.0000000000000000     
   203.00000000000000       0.97860831000000004       -2.1395723700000001E-002   0.0000000000000000        0.0000000000000000        0.0000000000000000     
   204.00000000000000       0.97884710000000008       -2.1151472899999999E-002   0.0000000000000000        0.0000000000000000        0.0000000000000000     
   205.00000000000003       0.97908589000000013       -2.0910671900000000E-002   0.0000000000000000        0.0000000000000000        0.0000000000000000     
   206.00000000000000       0.97932805000000012       -2.0673950000000000E-002   0.0000000000000000        0.0000000000000000        0.0000000000000000     
   207.00000000000000       0.97956021000000015       -2.0440644200000004E-002   0.0000000000000000        0.0000000000000000        0.0000000000000000     
   208.00000000000000       0.97978574000000007       -2.0211451200000001E-002   0.0000000000000000        0.0000000000000000        0.0000000000000000     
   209.00000000000000       0.98001464000000005       -1.9985045000000000E-002   0.0000000000000000        0.0000000000000000        0.0000000000000000     
   210.00000000000003       0.98024017000000008       -1.9762054900000003E-002   0.0000000000000000        0.0000000000000000        0.0000000000000000     
   211.00000000000000       0.98045906999999999       -1.9542480900000003E-002   0.0000000000000000        0.0000000000000000        0.0000000000000000     
   212.00000000000000       0.98067134000000000       -1.9326986000000001E-002   0.0000000000000000        0.0000000000000000        0.0000000000000000     
   213.00000000000000       0.98088361000000013       -1.9113581200000000E-002   0.0000000000000000        0.0000000000000000        0.0000000000000000     
   214.00000000000000       0.98109924999999998       -1.8904255500000001E-002   0.0000000000000000        0.0000000000000000        0.0000000000000000     
   215.00000000000000       0.98130489000000010       -1.8697682900000002E-002   0.0000000000000000        0.0000000000000000        0.0000000000000000     
   216.00000000000000       0.98150390000000010       -1.8494560099999998E-002   0.0000000000000000        0.0000000000000000        0.0000000000000000     
   217.00000000000000       0.98170953999999999       -1.8294156700000001E-002   0.0000000000000000        0.0000000000000000        0.0000000000000000     
   218.00000000000003       0.98190192000000009       -1.8097135700000003E-002   0.0000000000000000        0.0000000000000000        0.0000000000000000     
   219.00000000000000       0.98210093000000009       -1.7902901500000002E-002   0.0000000000000000        0.0000000000000000        0.0000000000000000     
   220.00000000000000       0.98229331000000009       -1.7711420400000000E-002   0.0000000000000000        0.0000000000000000        0.0000000000000000     
   221.00000000000000       0.98247569000000001       -1.7522658699999999E-002   0.0000000000000000        0.0000000000000000        0.0000000000000000     
   222.00000000000000       0.98266144000000000       -1.7337279399999999E-002   0.0000000000000000        0.0000000000000000        0.0000000000000000     
   223.00000000000003       0.98284718999999998       -1.7153990200000000E-002   0.0000000000000000        0.0000000000000000        0.0000000000000000     
   224.00000000000000       0.98302631000000007       -1.6974117100000002E-002   0.0000000000000000        0.0000000000000000        0.0000000000000000     
   225.00000000000000       0.98320542999999994       -1.6796300399999999E-002   0.0000000000000000        0.0000000000000000        0.0000000000000000     
   226.00000000000000       0.98337792000000013       -1.6621236800000001E-002   0.0000000000000000        0.0000000000000000        0.0000000000000000     
   227.00000000000000       0.98354704000000004       -1.6449555599999999E-002   0.0000000000000000        0.0000000000000000        0.0000000000000000     
   228.00000000000000       0.98371953000000012       -1.6279301499999999E-002   0.0000000000000000        0.0000000000000000        0.0000000000000000     
   229.00000000000000       0.98388539000000008       -1.6112396099999999E-002   0.0000000000000000        0.0000000000000000        0.0000000000000000     
   230.00000000000000       0.98405125000000016       -1.5947580800000003E-002   0.0000000000000000        0.0000000000000000        0.0000000000000000     
   231.00000000000003       0.98421374000000006       -1.5784821900000003E-002   0.0000000000000000        0.0000000000000000        0.0000000000000000     
   232.00000000000000       0.98437297000000001       -1.5624816099999999E-002   0.0000000000000000        0.0000000000000000        0.0000000000000000     
   233.00000000000000       0.98452882999999991       -1.5467496000000001E-002   0.0000000000000000        0.0000000000000000        0.0000000000000000     
   234.00000000000000       0.98468806000000009       -1.5312266000000000E-002   0.0000000000000000        0.0000000000000000        0.0000000000000000     
   235.00000000000000       0.98484066000000015       -1.5159092400000001E-002   0.0000000000000000        0.0000000000000000        0.0000000000000000     
   236.00000000000003       0.98498989000000003       -1.5007975200000001E-002   0.0000000000000000        0.0000000000000000        0.0000000000000000     
   237.00000000000000       0.98514249000000009       -1.4859543700000000E-002   0.0000000000000000        0.0000000000000000        0.0000000000000000     
   238.00000000000000       0.98528509000000009       -1.4712539300000001E-002   0.0000000000000000        0.0000000000000000        0.0000000000000000     
   239.00000000000003       0.98543106000000003       -1.4568254300000000E-002   0.0000000000000000        0.0000000000000000        0.0000000000000000     
   240.00000000000000       0.98557366000000013       -1.4425992000000000E-002   0.0000000000000000        0.0000000000000000        0.0000000000000000     
   241.00000000000000       0.98571300000000006       -1.4285156800000001E-002   0.0000000000000000        0.0000000000000000        0.0000000000000000     
   242.00000000000000       0.98585560000000005       -1.4147007300000000E-002   0.0000000000000000        0.0000000000000000        0.0000000000000000     
   243.00000000000000       0.98598830999999998       -1.4010251200000001E-002   0.0000000000000000        0.0000000000000000        0.0000000000000000     
   244.00000000000003       0.98612428000000008       -1.3876214500000001E-002   0.0000000000000000        0.0000000000000000        0.0000000000000000     
   245.00000000000000       0.98625362000000005       -1.3743571200000001E-002   0.0000000000000000        0.0000000000000000        0.0000000000000000     
   246.00000000000000       0.98638632999999998       -1.3612950600000000E-002   0.0000000000000000        0.0000000000000000        0.0000000000000000     
   247.00000000000000       0.98651566999999996       -1.3483723400000000E-002   0.0000000000000000        0.0000000000000000        0.0000000000000000     
   248.00000000000000       0.98664174999999998       -1.3356552600000000E-002   0.0000000000000000        0.0000000000000000        0.0000000000000000     
   249.00000000000003       0.98677109000000007       -1.3231404500000000E-002   0.0000000000000000        0.0000000000000000        0.0000000000000000     
   250.00000000000000       0.98689380000000004       -1.3107649800000001E-002   0.0000000000000000        0.0000000000000000        0.0000000000000000     
   251.00000000000000       0.98700988000000001       -1.2985917800000000E-002   0.0000000000000000        0.0000000000000000        0.0000000000000000     
   252.00000000000003       0.98713596000000003       -1.2865612900000000E-002   0.0000000000000000        0.0000000000000000        0.0000000000000000     
   253.00000000000000       0.98725204000000000       -1.2746634000000000E-002   0.0000000000000000        0.0000000000000000        0.0000000000000000     
   254.00000000000000       0.98736812000000007       -1.2629711500000000E-002   0.0000000000000000        0.0000000000000000        0.0000000000000000     
   255.00000000000000       0.98748420000000015       -1.2514845400000000E-002   0.0000000000000000        0.0000000000000000        0.0000000000000000     
   256.00000000000000       0.98759702000000016       -1.2400676000000001E-002   0.0000000000000000        0.0000000000000000        0.0000000000000000     
   257.00000000000000       0.98771310000000001       -1.2288529300000000E-002   0.0000000000000000        0.0000000000000000        0.0000000000000000     
   258.00000000000000       0.98782255000000019       -1.2177776000000001E-002   0.0000000000000000        0.0000000000000000        0.0000000000000000     
   259.00000000000000       0.98793200000000003       -1.2068416100000000E-002   0.0000000000000000        0.0000000000000000        0.0000000000000000     
   260.00000000000000       0.98803481999999998       -1.1960382200000001E-002   0.0000000000000000        0.0000000000000000        0.0000000000000000     
   261.00000000000000       0.98814763999999999       -1.1854404700000000E-002   0.0000000000000000        0.0000000000000000        0.0000000000000000     
   262.00000000000000       0.98825046000000005       -1.1749157600000001E-002   0.0000000000000000        0.0000000000000000        0.0000000000000000     
   263.00000000000000       0.98835328000000000       -1.1645270200000002E-002   0.0000000000000000        0.0000000000000000        0.0000000000000000     
   264.00000000000000       0.98845610000000006       -1.1543405499999999E-002   0.0000000000000000        0.0000000000000000        0.0000000000000000     
   265.00000000000000       0.98855892000000012       -1.1442237500000002E-002   0.0000000000000000        0.0000000000000000        0.0000000000000000     
   266.00000000000000       0.98865511000000006       -1.1342429200000000E-002   0.0000000000000000        0.0000000000000000        0.0000000000000000     
   267.00000000000000       0.98875793000000001       -1.1244677300000000E-002   0.0000000000000000        0.0000000000000000        0.0000000000000000     
   268.00000000000000       0.98885412000000006       -1.1147622100000001E-002   0.0000000000000000        0.0000000000000000        0.0000000000000000     
   269.00000000000000       0.98895031000000000       -1.1051263600000003E-002   0.0000000000000000        0.0000000000000000        0.0000000000000000     
   270.00000000000000       0.98903987000000004       -1.0956927800000000E-002   0.0000000000000000        0.0000000000000000        0.0000000000000000     
   271.00000000000000       0.98913606000000009       -1.0863322400000000E-002   0.0000000000000000        0.0000000000000000        0.0000000000000000     
   272.00000000000000       0.98922562000000003       -1.0771706000000001E-002   0.0000000000000000        0.0000000000000000        0.0000000000000000     
   273.00000000000000       0.98931518000000007       -1.0680157000000001E-002   0.0000000000000000        0.0000000000000000        0.0000000000000000     
   274.00000000000000       0.98941137000000001       -1.0590630700000001E-002   0.0000000000000000        0.0000000000000000        0.0000000000000000     
   275.00000000000000       0.98949430000000005       -1.0501801099999999E-002   0.0000000000000000        0.0000000000000000        0.0000000000000000     
   276.00000000000000       0.98958385999999998       -1.0414331200000002E-002   0.0000000000000000        0.0000000000000000        0.0000000000000000     
   277.00000000000000       0.98967342000000003       -1.0327558000000001E-002   0.0000000000000000        0.0000000000000000        0.0000000000000000     
   278.00000000000000       0.98975635000000017       -1.0242144500000000E-002   0.0000000000000000        0.0000000000000000        0.0000000000000000     
   279.00000000000000       0.98983928000000010       -1.0157427699999999E-002   0.0000000000000000        0.0000000000000000        0.0000000000000000     
   280.00000000000000       0.98992221000000002       -1.0074070600000000E-002   0.0000000000000000        0.0000000000000000        0.0000000000000000     
   281.00000000000000       0.99000514000000006       -9.9921069000000005E-003   0.0000000000000000        0.0000000000000000        0.0000000000000000     
   282.00000000000000       0.99008807000000010       -9.9101431999999989E-003   0.0000000000000000        0.0000000000000000        0.0000000000000000     
   283.00000000000000       0.99017100000000013       -9.8302022000000006E-003   0.0000000000000000        0.0000000000000000        0.0000000000000000     
   284.00000000000000       0.99024730000000005       -9.7509578999999992E-003   0.0000000000000000        0.0000000000000000        0.0000000000000000     
   285.00000000000000       0.99033023000000009       -9.6724102999999999E-003   0.0000000000000000        0.0000000000000000        0.0000000000000000     
   286.00000000000000       0.99040316000000006       -9.5945594000000009E-003   0.0000000000000000        0.0000000000000000        0.0000000000000000     
   287.00000000000000       0.99047946000000020       -9.5180682000000003E-003   0.0000000000000000        0.0000000000000000        0.0000000000000000     
   288.00000000000000       0.99055575999999990       -9.4422737000000000E-003   0.0000000000000000        0.0000000000000000        0.0000000000000000     
   289.00000000000000       0.99063206000000004       -9.3678052000000008E-003   0.0000000000000000        0.0000000000000000        0.0000000000000000     
   290.00000000000000       0.99070835999999995       -9.2934040999999995E-003   0.0000000000000000        0.0000000000000000        0.0000000000000000     
   291.00000000000000       0.99077803000000009       -9.2203289999999993E-003   0.0000000000000000        0.0000000000000000        0.0000000000000000     
   292.00000000000000       0.99085433000000012       -9.1479506000000013E-003   0.0000000000000000        0.0000000000000000        0.0000000000000000     
   293.00000000000000       0.99092062999999997       -9.0769656000000004E-003   0.0000000000000000        0.0000000000000000        0.0000000000000000     
   294.00000000000000       0.99099029999999999       -9.0066099000000004E-003   0.0000000000000000        0.0000000000000000        0.0000000000000000     
   295.00000000000000       0.99106660000000013       -8.9363216000000016E-003   0.0000000000000000        0.0000000000000000        0.0000000000000000     
   296.00000000000000       0.99113627000000004       -8.8673930000000012E-003   0.0000000000000000        0.0000000000000000        0.0000000000000000     
   297.00000000000000       0.99119594000000011       -8.7991274000000005E-003   0.0000000000000000        0.0000000000000000        0.0000000000000000     
   298.00000000000000       0.99126561000000013       -8.7322215000000016E-003   0.0000000000000000        0.0000000000000000        0.0000000000000000     
   299.00000000000000       0.99133528000000004       -8.6653492999999998E-003   0.0000000000000000        0.0000000000000000        0.0000000000000000     
   300.00000000000000       0.99139832000000006       -8.5998367999999999E-003   0.0000000000000000        0.0000000000000000        0.0000000000000000     
   301.00000000000000       0.99146799000000008       -8.5343243000000017E-003   0.0000000000000000        0.0000000000000000        0.0000000000000000     
   302.00000000000000       0.99152766000000003       -8.4702052000000007E-003   0.0000000000000000        0.0000000000000000        0.0000000000000000     
   303.00000000000000       0.99159070000000016       -8.4060860999999997E-003   0.0000000000000000        0.0000000000000000        0.0000000000000000     
   304.00000000000000       0.99166037000000007       -8.3432930000000016E-003   0.0000000000000000        0.0000000000000000        0.0000000000000000     
   305.00000000000000       0.99172004000000014       -8.2812303000000011E-003   0.0000000000000000        0.0000000000000000        0.0000000000000000     
   306.00000000000000       0.99178308000000004       -8.2191676000000005E-003   0.0000000000000000        0.0000000000000000        0.0000000000000000     
   307.00000000000000       0.99183949000000005       -8.1584308999999994E-003   0.0000000000000000        0.0000000000000000        0.0000000000000000     
   308.00000000000000       0.99190252999999995       -8.0977616000000013E-003   0.0000000000000000        0.0000000000000000        0.0000000000000000     
   309.00000000000000       0.99196220000000013       -8.0384183000000008E-003   0.0000000000000000        0.0000000000000000        0.0000000000000000     
   310.00000000000000       0.99201861000000002       -7.9791087000000011E-003   0.0000000000000000        0.0000000000000000        0.0000000000000000     
   311.00000000000000       0.99208165000000004       -7.9211385800000006E-003   0.0000000000000000        0.0000000000000000        0.0000000000000000     
   312.00000000000000       0.99213468999999999       -7.8631954200000000E-003   0.0000000000000000        0.0000000000000000        0.0000000000000000     
   313.00000000000000       0.99219110000000010       -7.8059354800000006E-003   0.0000000000000000        0.0000000000000000        0.0000000000000000     
   314.00000000000000       0.99225414000000001       -7.7493587600000000E-003   0.0000000000000000        0.0000000000000000        0.0000000000000000     
   315.00000000000000       0.99230718000000007       -7.6934652600000007E-003   0.0000000000000000        0.0000000000000000        0.0000000000000000     
   316.00000000000000       0.99236359000000007       -7.6382583500000005E-003   0.0000000000000000        0.0000000000000000        0.0000000000000000     
   317.00000000000000       0.99241663000000013       -7.5837346599999999E-003   0.0000000000000000        0.0000000000000000        0.0000000000000000     
   318.00000000000000       0.99247304000000003       -7.5292311900000009E-003   0.0000000000000000        0.0000000000000000        0.0000000000000000     
   319.00000000000000       0.99252282000000003       -7.4760739400000003E-003   0.0000000000000000        0.0000000000000000        0.0000000000000000     
   320.00000000000000       0.99257586000000009       -7.4229369100000013E-003   0.0000000000000000        0.0000000000000000        0.0000000000000000     
   321.00000000000000       0.99263227000000009       -7.3698167300000001E-003   0.0000000000000000        0.0000000000000000        0.0000000000000000     
   322.00000000000000       0.99268204999999998       -7.3180461399999994E-003   0.0000000000000000        0.0000000000000000        0.0000000000000000     
   323.00000000000000       0.99273509000000004       -7.2669553999999996E-003   0.0000000000000000        0.0000000000000000        0.0000000000000000     
   324.00000000000000       0.99278487000000004       -7.2158848800000005E-003   0.0000000000000000        0.0000000000000000        0.0000000000000000     
   325.00000000000000       0.99283128000000009       -7.1654942100000006E-003   0.0000000000000000        0.0000000000000000        0.0000000000000000     
   326.00000000000000       0.99288769000000010       -7.1151203900000001E-003   0.0000000000000000        0.0000000000000000        0.0000000000000000     
   327.00000000000000       0.99293747000000010       -7.0660961600000002E-003   0.0000000000000000        0.0000000000000000        0.0000000000000000     
   328.00000000000000       0.99298388000000004       -7.0170854100000003E-003   0.0000000000000000        0.0000000000000000        0.0000000000000000     
   329.00000000000000       0.99303366000000004       -6.9687578800000007E-003   0.0000000000000000        0.0000000000000000        0.0000000000000000     
   330.00000000000000       0.99308006999999998       -6.9207124000000009E-003   0.0000000000000000        0.0000000000000000        0.0000000000000000     
   331.00000000000000       0.99312984999999998       -6.8732804700000006E-003   0.0000000000000000        0.0000000000000000        0.0000000000000000     
   332.00000000000000       0.99316963000000003       -6.8262631900000009E-003   0.0000000000000000        0.0000000000000000        0.0000000000000000     
   333.00000000000000       0.99321941000000002       -6.7797268600000007E-003   0.0000000000000000        0.0000000000000000        0.0000000000000000     
   334.00000000000000       0.99326582000000019       -6.7336051800000003E-003   0.0000000000000000        0.0000000000000000        0.0000000000000000     
   335.00000000000000       0.99330897000000007       -6.6879644500000002E-003   0.0000000000000000        0.0000000000000000        0.0000000000000000     
   336.00000000000000       0.99335875000000007       -6.6428046700000003E-003   0.0000000000000000        0.0000000000000000        0.0000000000000000     
   337.00000000000000       0.99339853000000011       -6.5980595400000003E-003   0.0000000000000000        0.0000000000000000        0.0000000000000000     
   338.00000000000000       0.99344831000000000       -6.5537256899999997E-003   0.0000000000000000        0.0000000000000000        0.0000000000000000     
   339.00000000000000       0.99348809000000005       -6.5098064900000006E-003   0.0000000000000000        0.0000000000000000        0.0000000000000000     
   340.00000000000000       0.99353787000000005       -6.4663682400000000E-003   0.0000000000000000        0.0000000000000000        0.0000000000000000     
   341.00000000000000       0.99357764999999998       -6.4232749700000010E-003   0.0000000000000000        0.0000000000000000        0.0000000000000000     
   342.00000000000000       0.99362080000000008       -6.3805963500000000E-003   0.0000000000000000        0.0000000000000000        0.0000000000000000     
   343.00000000000000       0.99366058000000013       -6.3383953100000006E-003   0.0000000000000000        0.0000000000000000        0.0000000000000000     
   344.00000000000000       0.99370373000000001       -6.2965392500000002E-003   0.0000000000000000        0.0000000000000000        0.0000000000000000     
   345.00000000000000       0.99374351000000005       -6.2550315400000008E-003   0.0000000000000000        0.0000000000000000        0.0000000000000000     
   346.00000000000000       0.99378666000000004       -6.2140047799999999E-003   0.0000000000000000        0.0000000000000000        0.0000000000000000     
   347.00000000000000       0.99382644000000009       -6.1733196300000010E-003   0.0000000000000000        0.0000000000000000        0.0000000000000000     
   348.00000000000000       0.99386959000000008       -6.1329828300000005E-003   0.0000000000000000        0.0000000000000000        0.0000000000000000     
   349.00000000000000       0.99390937000000013       -6.0930573100000003E-003   0.0000000000000000        0.0000000000000000        0.0000000000000000     
   350.00000000000000       0.99394589000000000       -6.0534767700000007E-003   0.0000000000000000        0.0000000000000000        0.0000000000000000     
   351.00000000000000       0.99398567000000004       -6.0143075100000014E-003   0.0000000000000000        0.0000000000000000        0.0000000000000000     
   352.00000000000000       0.99402545000000009       -5.9754169300000005E-003   0.0000000000000000        0.0000000000000000        0.0000000000000000     
   353.00000000000000       0.99406197000000018       -5.9369376299999999E-003   0.0000000000000000        0.0000000000000000        0.0000000000000000     
   354.00000000000000       0.99410175000000001       -5.8988033099999998E-003   0.0000000000000000        0.0000000000000000        0.0000000000000000     
   355.00000000000000       0.99413827000000010       -5.8610106000000000E-003   0.0000000000000000        0.0000000000000000        0.0000000000000000     
   356.00000000000000       0.99417805000000015       -5.8235662400000004E-003   0.0000000000000000        0.0000000000000000        0.0000000000000000     
   357.00000000000000       0.99421457000000002       -5.7864634899999993E-003   0.0000000000000000        0.0000000000000000        0.0000000000000000     
   358.00000000000000       0.99424772000000017       -5.7496394200000009E-003   0.0000000000000000        0.0000000000000000        0.0000000000000000     
   359.00000000000000       0.99429086999999994       -5.7132266300000010E-003   0.0000000000000000        0.0000000000000000        0.0000000000000000     
   360.00000000000000       0.99432402000000009       -5.6770925200000013E-003   0.0000000000000000        0.0000000000000000        0.0000000000000000     
   361.00000000000000       0.99435717000000001       -5.6413000200000001E-003   0.0000000000000000        0.0000000000000000        0.0000000000000000     
   362.00000000000000       0.99439369000000000       -5.6057861999999998E-003   0.0000000000000000        0.0000000000000000        0.0000000000000000     
   363.00000000000000       0.99442684000000003       -5.5706139899999998E-003   0.0000000000000000        0.0000000000000000        0.0000000000000000     
   364.00000000000000       0.99446335999999991       -5.5357867599999996E-003   0.0000000000000000        0.0000000000000000        0.0000000000000000     
   365.00000000000000       0.99449651000000006       -5.5012348399999999E-003   0.0000000000000000        0.0000000000000000        0.0000000000000000     
   366.00000000000000       0.99453303000000004       -5.4669616000000004E-003   0.0000000000000000        0.0000000000000000        0.0000000000000000     
   367.00000000000000       0.99456618000000008       -5.4329636700000006E-003   0.0000000000000000        0.0000000000000000        0.0000000000000000     
   368.00000000000000       0.99459933000000011       -5.3993073500000011E-003   0.0000000000000000        0.0000000000000000        0.0000000000000000     
   369.00000000000000       0.99463585000000010       -5.3659297099999999E-003   0.0000000000000000        0.0000000000000000        0.0000000000000000     
   370.00000000000000       0.99466900000000003       -5.3328936800000008E-003   0.0000000000000000        0.0000000000000000        0.0000000000000000     
   371.00000000000000       0.99469889000000000       -5.3000666599999999E-003   0.0000000000000000        0.0000000000000000        0.0000000000000000     
   372.00000000000000       0.99473204000000004       -5.2675812500000011E-003   0.0000000000000000        0.0000000000000000        0.0000000000000000     
   373.00000000000000       0.99476519000000008       -5.2353082200000001E-003   0.0000000000000000        0.0000000000000000        0.0000000000000000     
   374.00000000000000       0.99479508000000005       -5.2033768000000003E-003   0.0000000000000000        0.0000000000000000        0.0000000000000000     
   375.00000000000000       0.99482822999999998       -5.1716543900000005E-003   0.0000000000000000        0.0000000000000000        0.0000000000000000     
   376.00000000000000       0.99486138000000013       -5.1402735900000001E-003   0.0000000000000000        0.0000000000000000        0.0000000000000000     
   377.00000000000000       0.99489127000000011       -5.1090984300000012E-003   0.0000000000000000        0.0000000000000000        0.0000000000000000     
   378.00000000000000       0.99491779000000014       -5.0782019499999997E-003   0.0000000000000000        0.0000000000000000        0.0000000000000000     
   379.00000000000000       0.99495431000000001       -5.0475807799999998E-003   0.0000000000000000        0.0000000000000000        0.0000000000000000     
   380.00000000000000       0.99498083000000004       -5.0171686199999999E-003   0.0000000000000000        0.0000000000000000        0.0000000000000000     
   381.00000000000000       0.99501397999999996       -4.9870317700000007E-003   0.0000000000000000        0.0000000000000000        0.0000000000000000     
   382.00000000000000       0.99504387000000005       -4.9571702300000011E-003   0.0000000000000000        0.0000000000000000        0.0000000000000000     
   383.00000000000000       0.99507039000000008       -4.9275143300000004E-003   0.0000000000000000        0.0000000000000000        0.0000000000000000     
   384.00000000000000       0.99510354000000012       -4.8981371100000008E-003   0.0000000000000000        0.0000000000000000        0.0000000000000000     
   385.00000000000000       0.99513343000000010       -4.8690318300000004E-003   0.0000000000000000        0.0000000000000000        0.0000000000000000     
   386.00000000000000       0.99515995000000013       -4.8401355600000001E-003   0.0000000000000000        0.0000000000000000        0.0000000000000000     
   387.00000000000000       0.99518647000000016       -4.8114449300000004E-003   0.0000000000000000        0.0000000000000000        0.0000000000000000     
   388.00000000000000       0.99521636000000002       -4.7830329800000000E-003   0.0000000000000000        0.0000000000000000        0.0000000000000000     
   389.00000000000006       0.99524288000000005       -4.7548266700000001E-003   0.0000000000000000        0.0000000000000000        0.0000000000000000     
   390.00000000000000       0.99527277000000014       -4.7268293699999995E-003   0.0000000000000000        0.0000000000000000        0.0000000000000000     
   391.00000000000000       0.99529929000000017       -4.6991040100000008E-003   0.0000000000000000        0.0000000000000000        0.0000000000000000     
   392.00000000000000       0.99532580999999998       -4.6715876600000004E-003   0.0000000000000000        0.0000000000000000        0.0000000000000000     
   393.00000000000000       0.99535569999999995       -4.6442769500000007E-003   0.0000000000000000        0.0000000000000000        0.0000000000000000     
   394.00000000000006       0.99538221999999998       -4.6171752500000001E-003   0.0000000000000000        0.0000000000000000        0.0000000000000000     
   395.00000000000000       0.99540874000000001       -4.5903488600000002E-003   0.0000000000000000        0.0000000000000000        0.0000000000000000     
   396.00000000000000       0.99543526000000004       -4.5636618099999995E-003   0.0000000000000000        0.0000000000000000        0.0000000000000000     
   397.00000000000000       0.99546515000000002       -4.5372467000000007E-003   0.0000000000000000        0.0000000000000000        0.0000000000000000     
   398.00000000000000       0.99549167000000005       -4.5110406000000002E-003   0.0000000000000000        0.0000000000000000        0.0000000000000000     
   399.00000000000006       0.99551156000000018       -4.4849772099999994E-003   0.0000000000000000        0.0000000000000000        0.0000000000000000     
   400.00000000000000       0.99554144999999994       -4.4591857600000005E-003   0.0000000000000000        0.0000000000000000        0.0000000000000000     
   401.00000000000000       0.99556796999999997       -4.4335999500000004E-003   0.0000000000000000        0.0000000000000000        0.0000000000000000     
   402.00000000000000       0.99558786000000010       -4.4081534799999995E-003   0.0000000000000000        0.0000000000000000        0.0000000000000000     
   403.00000000000000       0.99561775000000008       -4.3829823200000001E-003   0.0000000000000000        0.0000000000000000        0.0000000000000000     
   404.00000000000000       0.99564427000000011       -4.3579504999999999E-003   0.0000000000000000        0.0000000000000000        0.0000000000000000     
   405.00000000000000       0.99566416000000002       -4.3331243199999994E-003   0.0000000000000000        0.0000000000000000        0.0000000000000000     
   406.00000000000000       0.99569405000000000       -4.3085071499999999E-003   0.0000000000000000        0.0000000000000000        0.0000000000000000     
   407.00000000000000       0.99571394000000013       -4.2840293199999996E-003   0.0000000000000000        0.0000000000000000        0.0000000000000000     
   408.00000000000000       0.99574046000000005       -4.2598234300000003E-003   0.0000000000000000        0.0000000000000000        0.0000000000000000     
   409.00000000000000       0.99576372000000002       -4.2357568799999993E-003   0.0000000000000000        0.0000000000000000        0.0000000000000000     
   410.00000000000006       0.99579024000000005       -4.2118993400000002E-003   0.0000000000000000        0.0000000000000000        0.0000000000000000     
   411.00000000000000       0.99581012999999996       -4.1881777699999999E-003   0.0000000000000000        0.0000000000000000        0.0000000000000000     
   412.00000000000000       0.99583664999999999       -4.1646652100000006E-003   0.0000000000000000        0.0000000000000000        0.0000000000000000     
   413.00000000000000       0.99585991000000007       -4.1412919900000005E-003   0.0000000000000000        0.0000000000000000        0.0000000000000000     
   414.00000000000000       0.99587980000000009       -4.1181907100000005E-003   0.0000000000000000        0.0000000000000000        0.0000000000000000     
   415.00000000000006       0.99590632000000012       -4.0951624700000001E-003   0.0000000000000000        0.0000000000000000        0.0000000000000000     
   416.00000000000000       0.99592957999999998       -4.0724061700000000E-003   0.0000000000000000        0.0000000000000000        0.0000000000000000     
   417.00000000000000       0.99594947000000011       -4.0497229100000002E-003   0.0000000000000000        0.0000000000000000        0.0000000000000000     
   418.00000000000000       0.99596936000000003       -4.0272452900000002E-003   0.0000000000000000        0.0000000000000000        0.0000000000000000     
   419.00000000000000       0.99599587999999994       -4.0049733100000007E-003   0.0000000000000000        0.0000000000000000        0.0000000000000000     
   420.00000000000006       0.99601914000000014       -3.9828406699999996E-003   0.0000000000000000        0.0000000000000000        0.0000000000000000     
   421.00000000000000       0.99603903000000005       -3.9608473700000002E-003   0.0000000000000000        0.0000000000000000        0.0000000000000000     
   422.00000000000000       0.99605892000000007       -3.9390563400000002E-003   0.0000000000000000        0.0000000000000000        0.0000000000000000     
   423.00000000000000       0.99607881000000009       -3.9174080200000006E-003   0.0000000000000000        0.0000000000000000        0.0000000000000000     
   424.00000000000000       0.99610207000000006       -3.8959653400000007E-003   0.0000000000000000        0.0000000000000000        0.0000000000000000     
   425.00000000000006       0.99612858999999998       -3.8745923300000005E-003   0.0000000000000000        0.0000000000000000        0.0000000000000000     
   426.00000000000000       0.99614848000000000       -3.8534283300000003E-003   0.0000000000000000        0.0000000000000000        0.0000000000000000     
   427.00000000000000       0.99616837000000003       -3.8324666000000003E-003   0.0000000000000000        0.0000000000000000        0.0000000000000000     
   428.00000000000000       0.99619163000000011       -3.8115779100000003E-003   0.0000000000000000        0.0000000000000000        0.0000000000000000     
   429.00000000000000       0.99621152000000013       -3.7908948600000000E-003   0.0000000000000000        0.0000000000000000        0.0000000000000000     
   430.00000000000000       0.99623141000000004       -3.7702814799999997E-003   0.0000000000000000        0.0000000000000000        0.0000000000000000     
   431.00000000000006       0.99625130000000017       -3.7498771100000000E-003   0.0000000000000000        0.0000000000000000        0.0000000000000000     
   432.00000000000000       0.99627456000000003       -3.7296750100000000E-003   0.0000000000000000        0.0000000000000000        0.0000000000000000     
   433.00000000000000       0.99628782000000005       -3.7095459500000004E-003   0.0000000000000000        0.0000000000000000        0.0000000000000000     
   434.00000000000000       0.99630771000000007       -3.6895562300000000E-003   0.0000000000000000        0.0000000000000000        0.0000000000000000     
   435.00000000000000       0.99632759999999998       -3.6697687800000007E-003   0.0000000000000000        0.0000000000000000        0.0000000000000000     
   436.00000000000006       0.99635085999999995       -3.6500543700000001E-003   0.0000000000000000        0.0000000000000000        0.0000000000000000     
   437.00000000000000       0.99637075000000008       -3.6305456000000000E-003   0.0000000000000000        0.0000000000000000        0.0000000000000000     
   438.00000000000000       0.99639063999999999       -3.6111065000000004E-003   0.0000000000000000        0.0000000000000000        0.0000000000000000     
   439.00000000000000       0.99640390000000001       -3.5918730400000005E-003   0.0000000000000000        0.0000000000000000        0.0000000000000000     
   440.00000000000000       0.99642716000000009       -3.5727126200000001E-003   0.0000000000000000        0.0000000000000000        0.0000000000000000     
   441.00000000000006       0.99644705000000000       -3.5537544700000000E-003   0.0000000000000000        0.0000000000000000        0.0000000000000000     
   442.00000000000000       0.99646694000000002       -3.5348693599999998E-003   0.0000000000000000        0.0000000000000000        0.0000000000000000     
   443.00000000000000       0.99648020000000004       -3.5161865200000007E-003   0.0000000000000000        0.0000000000000000        0.0000000000000000     
   444.00000000000000       0.99650346000000001       -3.4975767199999998E-003   0.0000000000000000        0.0000000000000000        0.0000000000000000     
   445.00000000000000       0.99652335000000014       -3.4791062600000007E-003   0.0000000000000000        0.0000000000000000        0.0000000000000000     
   446.00000000000006       0.99653660999999993       -3.4607717700000000E-003   0.0000000000000000        0.0000000000000000        0.0000000000000000     
   447.00000000000000       0.99655650000000007       -3.4425766200000003E-003   0.0000000000000000        0.0000000000000000        0.0000000000000000     
   448.00000000000000       0.99657638999999998       -3.4245174400000002E-003   0.0000000000000000        0.0000000000000000        0.0000000000000000     
   449.00000000000000       0.99659302000000005       -3.4065279300000001E-003   0.0000000000000000        0.0000000000000000        0.0000000000000000     
   450.00000000000000       0.99661291000000007       -3.3886811300000005E-003   0.0000000000000000        0.0000000000000000        0.0000000000000000     
   451.00000000000006       0.99662617000000009       -3.3709669300000002E-003   0.0000000000000000        0.0000000000000000        0.0000000000000000     
   452.00000000000000       0.99664606000000000       -3.3533920699999999E-003   0.0000000000000000        0.0000000000000000        0.0000000000000000     
   453.00000000000000       0.99666268999999996       -3.3359565500000001E-003   0.0000000000000000        0.0000000000000000        0.0000000000000000     
   454.00000000000000       0.99668258000000010       -3.3185907000000000E-003   0.0000000000000000        0.0000000000000000        0.0000000000000000     
   455.00000000000000       0.99669584000000011       -3.3013608200000003E-003   0.0000000000000000        0.0000000000000000        0.0000000000000000     
   456.00000000000000       0.99671573000000002       -3.2842702799999999E-003   0.0000000000000000        0.0000000000000000        0.0000000000000000     
   457.00000000000006       0.99672899000000004       -3.2673157100000004E-003   0.0000000000000000        0.0000000000000000        0.0000000000000000     
   458.00000000000000       0.99675225000000001       -3.2504341800000005E-003   0.0000000000000000        0.0000000000000000        0.0000000000000000     
   459.00000000000000       0.99676551000000002       -3.2336223199999998E-003   0.0000000000000000        0.0000000000000000        0.0000000000000000     
   460.00000000000000       0.99678540000000004       -3.2170127300000001E-003   0.0000000000000000        0.0000000000000000        0.0000000000000000     
   461.00000000000000       0.99679866000000006       -3.2004761800000004E-003   0.0000000000000000        0.0000000000000000        0.0000000000000000     
   462.00000000000006       0.99681192000000007       -3.1840756000000000E-003   0.0000000000000000        0.0000000000000000        0.0000000000000000     
   463.00000000000000       0.99683518000000015       -3.1677446900000000E-003   0.0000000000000000        0.0000000000000000        0.0000000000000000     
   464.00000000000000       0.99684844000000017       -3.1515531200000000E-003   0.0000000000000000        0.0000000000000000        0.0000000000000000     
   465.00000000000000       0.99686170000000018       -3.1354312200000001E-003   0.0000000000000000        0.0000000000000000        0.0000000000000000     
   466.00000000000000       0.99688159000000010       -3.1194452899999999E-003   0.0000000000000000        0.0000000000000000        0.0000000000000000     
   467.00000000000006       0.99689485000000011       -3.1035987000000002E-003   0.0000000000000000        0.0000000000000000        0.0000000000000000     
   468.00000000000000       0.99691148000000007       -3.0878184100000001E-003   0.0000000000000000        0.0000000000000000        0.0000000000000000     
   469.00000000000000       0.99693137000000009       -3.0721145300000004E-003   0.0000000000000000        0.0000000000000000        0.0000000000000000     
   470.00000000000000       0.99694463000000011       -3.0565432500000000E-003   0.0000000000000000        0.0000000000000000        0.0000000000000000     
   471.00000000000000       0.99695789000000001       -3.0411079400000001E-003   0.0000000000000000        0.0000000000000000        0.0000000000000000     
   472.00000000000006       0.99697115000000003       -3.0257456700000002E-003   0.0000000000000000        0.0000000000000000        0.0000000000000000     
   473.00000000000000       0.99698777999999999       -3.0104530699999999E-003   0.0000000000000000        0.0000000000000000        0.0000000000000000     
   474.00000000000000       0.99700767000000012       -2.9952998100000001E-003   0.0000000000000000        0.0000000000000000        0.0000000000000000     
   475.00000000000000       0.99702093000000014       -2.9802128500000000E-003   0.0000000000000000        0.0000000000000000        0.0000000000000000     
   476.00000000000000       0.99703419000000015       -2.9652652300000003E-003   0.0000000000000000        0.0000000000000000        0.0000000000000000     
   477.00000000000006       0.99704745000000017       -2.9503839100000007E-003   0.0000000000000000        0.0000000000000000        0.0000000000000000     
   478.00000000000006       0.99706408000000013       -2.9356419299999999E-003   0.0000000000000000        0.0000000000000000        0.0000000000000000     
   479.00000000000000       0.99707734000000003       -2.9209696200000004E-003   0.0000000000000000        0.0000000000000000        0.0000000000000000     
   480.00000000000000       0.99709060000000005       -2.9063703500000000E-003   0.0000000000000000        0.0000000000000000        0.0000000000000000     
   481.00000000000000       0.99711049000000007       -2.8919036800000002E-003   0.0000000000000000        0.0000000000000000        0.0000000000000000     
   482.00000000000000       0.99712375000000009       -2.8775100500000005E-003   0.0000000000000000        0.0000000000000000        0.0000000000000000     
   483.00000000000006       0.99713701000000010       -2.8631827200000003E-003   0.0000000000000000        0.0000000000000000        0.0000000000000000     
   484.00000000000000       0.99715364000000006       -2.8489947300000002E-003   0.0000000000000000        0.0000000000000000        0.0000000000000000     
   485.00000000000000       0.99716690000000008       -2.8348764100000002E-003   0.0000000000000000        0.0000000000000000        0.0000000000000000     
   486.00000000000000       0.99718016000000009       -2.8208277600000001E-003   0.0000000000000000        0.0000000000000000        0.0000000000000000     
   487.00000000000000       0.99719342000000000       -2.8069150800000002E-003   0.0000000000000000        0.0000000000000000        0.0000000000000000     
   488.00000000000006       0.99720668000000001       -2.7930720699999999E-003   0.0000000000000000        0.0000000000000000        0.0000000000000000     
   489.00000000000000       0.99722331000000008       -2.7792987300000000E-003   0.0000000000000000        0.0000000000000000        0.0000000000000000     
   490.00000000000000       0.99723657000000010       -2.7655984300000002E-003   0.0000000000000000        0.0000000000000000        0.0000000000000000     
   491.00000000000000       0.99724983000000011       -2.7520307299999996E-003   0.0000000000000000        0.0000000000000000        0.0000000000000000     
   492.00000000000000       0.99726309000000002       -2.7385327000000004E-003   0.0000000000000000        0.0000000000000000        0.0000000000000000     
   493.00000000000006       0.99727635000000003       -2.7251077100000002E-003   0.0000000000000000        0.0000000000000000        0.0000000000000000     
   494.00000000000000       0.99728961000000005       -2.7118153199999998E-003   0.0000000000000000        0.0000000000000000        0.0000000000000000     
   495.00000000000000       0.99730624000000001       -2.6985263000000002E-003   0.0000000000000000        0.0000000000000000        0.0000000000000000     
   496.00000000000000       0.99731287000000002       -2.6853766200000003E-003   0.0000000000000000        0.0000000000000000        0.0000000000000000     
   497.00000000000000       0.99732613000000003       -2.6722932400000000E-003   0.0000000000000000        0.0000000000000000        0.0000000000000000     
   498.00000000000006       0.99733939000000005       -2.6592829000000001E-003   0.0000000000000000        0.0000000000000000        0.0000000000000000     
   499.00000000000000       0.99735265000000006       -2.6463388600000003E-003   0.0000000000000000        0.0000000000000000        0.0000000000000000     
   500.00000000000000       0.99736591000000008       -2.6335307900000001E-003   0.0000000000000000        0.0000000000000000        0.0000000000000000     
   501.00000000000000       0.99738254000000004       -2.6207294599999999E-003   0.0000000000000000        0.0000000000000000        0.0000000000000000     
   502.00000000000000       0.99739580000000005       -2.6080607299999998E-003   0.0000000000000000        0.0000000000000000        0.0000000000000000     
   503.00000000000006       0.99740243000000006       -2.5954616699999998E-003   0.0000000000000000        0.0000000000000000        0.0000000000000000     
   504.00000000000006       0.99741569000000008       -2.5829322799999998E-003   0.0000000000000000        0.0000000000000000        0.0000000000000000     
   505.00000000000000       0.99742895000000009       -2.5704759300000002E-003   0.0000000000000000        0.0000000000000000        0.0000000000000000     
   506.00000000000000       0.99744221000000011       -2.5580858800000003E-003   0.0000000000000000        0.0000000000000000        0.0000000000000000     
   507.00000000000000       0.99745547000000012       -2.5457654999999999E-003   0.0000000000000000        0.0000000000000000        0.0000000000000000     
   508.00000000000000       0.99746547000000008       -2.5335777200000001E-003   0.0000000000000000        0.0000000000000000        0.0000000000000000     
   509.00000000000006       0.99747873000000009       -2.5213966800000003E-003   0.0000000000000000        0.0000000000000000        0.0000000000000000     
   510.00000000000000       0.99749199000000011       -2.5093516100000001E-003   0.0000000000000000        0.0000000000000000        0.0000000000000000     
   511.00000000000000       0.99750525000000012       -2.4973065400000004E-003   0.0000000000000000        0.0000000000000000        0.0000000000000000     
   512.00000000000000       0.99751188000000002       -2.4854008100000003E-003   0.0000000000000000        0.0000000000000000        0.0000000000000000     
   513.00000000000000       0.99752514000000003       -2.4735613800000002E-003   0.0000000000000000        0.0000000000000000        0.0000000000000000     
   514.00000000000000       0.99753840000000005       -2.4617286900000001E-003   0.0000000000000000        0.0000000000000000        0.0000000000000000     
   515.00000000000000       0.99754840000000011       -2.4500286000000001E-003   0.0000000000000000        0.0000000000000000        0.0000000000000000     
   516.00000000000000       0.99756166000000013       -2.4383981800000002E-003   0.0000000000000000        0.0000000000000000        0.0000000000000000     
   517.00000000000000       0.99757492000000014       -2.4268340599999999E-003   0.0000000000000000        0.0000000000000000        0.0000000000000000     
   518.00000000000000       0.99758155000000004       -2.4152766800000004E-003   0.0000000000000000        0.0000000000000000        0.0000000000000000     
   519.00000000000000       0.99759481000000005       -2.4038519000000001E-003   0.0000000000000000        0.0000000000000000        0.0000000000000000     
   520.00000000000000       0.99760807000000007       -2.3925001600000003E-003   0.0000000000000000        0.0000000000000000        0.0000000000000000     
   521.00000000000000       0.99761807000000013       -2.3811484200000005E-003   0.0000000000000000        0.0000000000000000        0.0000000000000000     
   522.00000000000000       0.99763133000000015       -2.3699326500000004E-003   0.0000000000000000        0.0000000000000000        0.0000000000000000     
   523.00000000000000       0.99764459000000016       -2.3587865500000003E-003   0.0000000000000000        0.0000000000000000        0.0000000000000000     
   524.00000000000000       0.99765122000000006       -2.3476404500000002E-003   0.0000000000000000        0.0000000000000000        0.0000000000000000     
   525.00000000000000       0.99766448000000008       -2.3366336900000001E-003   0.0000000000000000        0.0000000000000000        0.0000000000000000     
   526.00000000000000       0.99767111000000019       -2.3256269300000001E-003   0.0000000000000000        0.0000000000000000        0.0000000000000000     
   527.00000000000000       0.99768436999999999       -2.3147561400000002E-003   0.0000000000000000        0.0000000000000000        0.0000000000000000     
   528.00000000000000       0.99769763000000000       -2.3038887200000002E-003   0.0000000000000000        0.0000000000000000        0.0000000000000000     
   529.00000000000000       0.99770763000000007       -2.2930876000000003E-003   0.0000000000000000        0.0000000000000000        0.0000000000000000     
   530.00000000000000       0.99772089000000008       -2.2823561500000000E-003   0.0000000000000000        0.0000000000000000        0.0000000000000000     
   531.00000000000000       0.99772751999999998       -2.2716943700000006E-003   0.0000000000000000        0.0000000000000000        0.0000000000000000     
   532.00000000000000       0.99774077999999999       -2.2611022599999999E-003   0.0000000000000000        0.0000000000000000        0.0000000000000000     
   533.00000000000000       0.99774741000000011       -2.2505798200000001E-003   0.0000000000000000        0.0000000000000000        0.0000000000000000     
   534.00000000000000       0.99776067000000013       -2.2401236800000000E-003   0.0000000000000000        0.0000000000000000        0.0000000000000000     
   535.00000000000000       0.99776730000000002       -2.2296709099999998E-003   0.0000000000000000        0.0000000000000000        0.0000000000000000     
   536.00000000000000       0.99778392999999999       -2.2193541100000002E-003   0.0000000000000000        0.0000000000000000        0.0000000000000000     
   537.00000000000000       0.99779056000000010       -2.2090406800000001E-003   0.0000000000000000        0.0000000000000000        0.0000000000000000     
   538.00000000000000       0.99780382000000012       -2.1987935500000005E-003   0.0000000000000000        0.0000000000000000        0.0000000000000000     
   539.00000000000000       0.99781045000000002       -2.1886160900000001E-003   0.0000000000000000        0.0000000000000000        0.0000000000000000     
   540.00000000000000       0.99782371000000003       -2.1785083000000001E-003   0.0000000000000000        0.0000000000000000        0.0000000000000000     
   541.00000000000000       0.99783034000000015       -2.1684668100000002E-003   0.0000000000000000        0.0000000000000000        0.0000000000000000     
   542.00000000000000       0.99784360000000016       -2.1584286899999998E-003   0.0000000000000000        0.0000000000000000        0.0000000000000000     
   543.00000000000000       0.99785023000000006       -2.1485265400000000E-003   0.0000000000000000        0.0000000000000000        0.0000000000000000     
   544.00000000000000       0.99786023000000013       -2.1386243900000002E-003   0.0000000000000000        0.0000000000000000        0.0000000000000000     
   545.00000000000000       0.99787349000000014       -2.1287952800000003E-003   0.0000000000000000        0.0000000000000000        0.0000000000000000     
   546.00000000000000       0.99788012000000004       -2.1190290999999997E-003   0.0000000000000000        0.0000000000000000        0.0000000000000000     
   547.00000000000000       0.99789338000000005       -2.1092696600000000E-003   0.0000000000000000        0.0000000000000000        0.0000000000000000     
   548.00000000000000       0.99790000999999995       -2.0996428200000003E-003   0.0000000000000000        0.0000000000000000        0.0000000000000000     
   549.00000000000000       0.99790664000000007       -2.0900193500000002E-003   0.0000000000000000        0.0000000000000000        0.0000000000000000     
   550.00000000000000       0.99791990000000008       -2.0804655500000001E-003   0.0000000000000000        0.0000000000000000        0.0000000000000000     
