   1.0000000000000000        1.4711031000000001E-002 -0.98528798000000006        0.0000000000000000        0.0000000000000000        0.0000000000000000     
   2.0000000000000000       0.15031900000000001      -0.84968100000000013        0.0000000000000000        0.0000000000000000        0.0000000000000000     
   3.0000000000000000       0.29701137000000005      -0.70298863000000011        0.0000000000000000        0.0000000000000000        0.0000000000000000     
   4.0000000000000000       0.40741442000000005      -0.59258558000000006        0.0000000000000000        0.0000000000000000        0.0000000000000000     
   5.0000000000000000       0.48815841000000004      -0.51184158999999996        0.0000000000000000        0.0000000000000000        0.0000000000000000     
   6.0000000000000000       0.54846448000000003      -0.45153552000000002        0.0000000000000000        0.0000000000000000        0.0000000000000000     
   7.0000000000000000       0.59499754000000005      -0.40500246000000001        0.0000000000000000        0.0000000000000000        0.0000000000000000     
   8.0000000000000000       0.63180990000000004      -0.36819009999999996        0.0000000000000000        0.0000000000000000        0.0000000000000000     
   9.0000000000000000       0.66160929000000002      -0.33839070999999998        0.0000000000000000        0.0000000000000000        0.0000000000000000     
   10.000000000000000       0.68619322000000005      -0.31380678000000001        0.0000000000000000        0.0000000000000000        0.0000000000000000     
   11.000000000000000       0.70682550000000000      -0.29317450000000000        0.0000000000000000        0.0000000000000000        0.0000000000000000     
   12.000000000000000       0.72438320000000012      -0.27561680000000000        0.0000000000000000        0.0000000000000000        0.0000000000000000     
   13.000000000000000       0.73948665000000013      -0.26051335000000003        0.0000000000000000        0.0000000000000000        0.0000000000000000     
   14.000000000000000       0.75266585000000008      -0.24733415000000003        0.0000000000000000        0.0000000000000000        0.0000000000000000     
   15.000000000000000       0.76424776000000016      -0.23575224000000000        0.0000000000000000        0.0000000000000000        0.0000000000000000     
   16.000000000000000       0.77452238000000007      -0.22547761999999999        0.0000000000000000        0.0000000000000000        0.0000000000000000     
   17.000000000000000       0.78370329999999999      -0.21629670000000001        0.0000000000000000        0.0000000000000000        0.0000000000000000     
   18.000000000000000       0.79195715000000000      -0.20804285000000000        0.0000000000000000        0.0000000000000000        0.0000000000000000     
   19.000000000000000       0.79943730000000013      -0.20056270000000001        0.0000000000000000        0.0000000000000000        0.0000000000000000     
   20.000000000000000       0.80624049000000009      -0.19375951000000002        0.0000000000000000        0.0000000000000000        0.0000000000000000     
   21.000000000000000       0.81246682999999997      -0.18753317000000000        0.0000000000000000        0.0000000000000000        0.0000000000000000     
   22.000000000000000       0.81818621000000002      -0.18181378999999998        0.0000000000000000        0.0000000000000000        0.0000000000000000     
   23.000000000000000       0.82347874000000010      -0.17652126000000001        0.0000000000000000        0.0000000000000000        0.0000000000000000     
   24.000000000000000       0.82837442000000006      -0.17162558000000000        0.0000000000000000        0.0000000000000000        0.0000000000000000     
   25.000000000000000       0.83293662000000002      -0.16706337999999998        0.0000000000000000        0.0000000000000000        0.0000000000000000     
   26.000000000000000       0.83719197000000001      -0.16280735600000001        0.0000000000000000        0.0000000000000000        0.0000000000000000     
   27.000000000000000       0.84118384000000013      -0.15881616000000001        0.0000000000000000        0.0000000000000000        0.0000000000000000     
   28.000000000000000       0.84493222999999995      -0.15506709600000002        0.0000000000000000        0.0000000000000000        0.0000000000000000     
   29.000000000000000       0.84846714000000012      -0.15153184900000000        0.0000000000000000        0.0000000000000000        0.0000000000000000     
   30.000000000000000       0.85180531000000004      -0.14819603800000000        0.0000000000000000        0.0000000000000000        0.0000000000000000     
   31.000000000000000       0.85496663000000006      -0.14503370700000001        0.0000000000000000        0.0000000000000000        0.0000000000000000     
   32.000000000000000       0.85796784000000004      -0.14203182300000000        0.0000000000000000        0.0000000000000000        0.0000000000000000     
   33.000000000000000       0.86081894000000014      -0.13917937499999999        0.0000000000000000        0.0000000000000000        0.0000000000000000     
   34.000000000000000       0.86353993000000007      -0.13645872200000000        0.0000000000000000        0.0000000000000000        0.0000000000000000     
   35.000000000000000       0.86614743999999999      -0.13385222299999999        0.0000000000000000        0.0000000000000000        0.0000000000000000     
   36.000000000000000       0.86862821000000012      -0.13137044200000000        0.0000000000000000        0.0000000000000000        0.0000000000000000     
   37.000000000000000       0.87101550000000005      -0.12898315199999999        0.0000000000000000        0.0000000000000000        0.0000000000000000     
   38.000000000000000       0.87330605000000006      -0.12669428700000002        0.0000000000000000        0.0000000000000000        0.0000000000000000     
   39.000000000000000       0.87550312000000008      -0.12449519499999999        0.0000000000000000        0.0000000000000000        0.0000000000000000     
   40.000000000000000       0.87762345000000019      -0.12237688700000002        0.0000000000000000        0.0000000000000000        0.0000000000000000     
   41.000000000000000       0.87967030000000013      -0.12033071100000001        0.0000000000000000        0.0000000000000000        0.0000000000000000     
   42.000000000000000       0.88164040999999993      -0.11836127500000000        0.0000000000000000        0.0000000000000000        0.0000000000000000     
   43.000000000000000       0.88354703999999995      -0.11645397100000000        0.0000000000000000        0.0000000000000000        0.0000000000000000     
   44.000000000000000       0.88538693000000002      -0.11461374400000000        0.0000000000000000        0.0000000000000000        0.0000000000000000     
   45.000000000000000       0.88717334000000003      -0.11282598600000000        0.0000000000000000        0.0000000000000000        0.0000000000000000     
   46.000000000000000       0.88890301000000016      -0.11109597900000001        0.0000000000000000        0.0000000000000000        0.0000000000000000     
   47.000000000000000       0.89058257000000007      -0.10941608200000001        0.0000000000000000        0.0000000000000000        0.0000000000000000     
   48.000000000000000       0.89221539000000005      -0.10778494700000001        0.0000000000000000        0.0000000000000000        0.0000000000000000     
   49.000000000000000       0.89380473000000016      -0.10619527000000001        0.0000000000000000        0.0000000000000000        0.0000000000000000     
   50.000000000000000       0.89534733000000011      -0.10465267000000002        0.0000000000000000        0.0000000000000000        0.0000000000000000     
   51.000000000000000       0.89684982000000013      -0.10314950600000002        0.0000000000000000        0.0000000000000000        0.0000000000000000     
   52.000000000000000       0.89831557000000006      -0.10168510400000000        0.0000000000000000        0.0000000000000000        0.0000000000000000     
   53.000000000000000       0.89974120999999996      -0.10025811600000001        0.0000000000000000        0.0000000000000000        0.0000000000000000     
   54.000000000000000       0.90113674000000010       -9.8861912000000010E-002   0.0000000000000000        0.0000000000000000        0.0000000000000000     
   55.000000000000000       0.90249890000000010       -9.7502111000000002E-002   0.0000000000000000        0.0000000000000000        0.0000000000000000     
   56.000000000000000       0.90382757999999996       -9.6171071999999996E-002   0.0000000000000000        0.0000000000000000        0.0000000000000000     
   57.000000000000000       0.90512626000000007       -9.4875425000000013E-002   0.0000000000000000        0.0000000000000000        0.0000000000000000     
   58.000000000000000       0.90639808999999993       -9.3600899000000001E-002   0.0000000000000000        0.0000000000000000        0.0000000000000000     
   59.000000000000007       0.90763992000000004       -9.2360079999999997E-002   0.0000000000000000        0.0000000000000000        0.0000000000000000     
   60.000000000000000       0.90886164000000003       -9.1139371000000011E-002   0.0000000000000000        0.0000000000000000        0.0000000000000000     
   61.000000000000007       0.91005661999999998       -8.9944728000000002E-002   0.0000000000000000        0.0000000000000000        0.0000000000000000     
   62.000000000000000       0.91123149000000003       -8.8768847000000012E-002   0.0000000000000000        0.0000000000000000        0.0000000000000000     
   63.000000000000007       0.91237636000000011       -8.7624988000000001E-002   0.0000000000000000        0.0000000000000000        0.0000000000000000     
   64.000000000000000       0.91350112000000006       -8.6498880000000000E-002   0.0000000000000000        0.0000000000000000        0.0000000000000000     
   65.000000000000000       0.91460914000000004       -8.5390522999999996E-002   0.0000000000000000        0.0000000000000000        0.0000000000000000     
   66.000000000000000       0.91570042000000007       -8.4298906000000007E-002   0.0000000000000000        0.0000000000000000        0.0000000000000000     
   67.000000000000000       0.91676833000000002       -8.3230658999999999E-002   0.0000000000000000        0.0000000000000000        0.0000000000000000     
   68.000000000000000       0.91781287000000000       -8.2185444999999996E-002   0.0000000000000000        0.0000000000000000        0.0000000000000000     
   69.000000000000000       0.91885067000000009       -8.1149330000000020E-002   0.0000000000000000        0.0000000000000000        0.0000000000000000     
   70.000000000000000       0.91986510000000010       -8.0135236999999998E-002   0.0000000000000000        0.0000000000000000        0.0000000000000000     
   71.000000000000000       0.92086279000000015       -7.9136199000000004E-002   0.0000000000000000        0.0000000000000000        0.0000000000000000     
   72.000000000000000       0.92184711000000008       -7.8151878999999994E-002   0.0000000000000000        0.0000000000000000        0.0000000000000000     
   73.000000000000000       0.92281806000000011       -7.7181603000000015E-002   0.0000000000000000        0.0000000000000000        0.0000000000000000     
   74.000000000000000       0.92377564000000012       -7.6225708000000003E-002   0.0000000000000000        0.0000000000000000        0.0000000000000000     
   75.000000000000000       0.92471648000000006       -7.5283183000000004E-002   0.0000000000000000        0.0000000000000000        0.0000000000000000     
   76.000000000000000       0.92564069000000004       -7.4360995000000013E-002   0.0000000000000000        0.0000000000000000        0.0000000000000000     
   77.000000000000000       0.92655478999999996       -7.3444873000000008E-002   0.0000000000000000        0.0000000000000000        0.0000000000000000     
   78.000000000000000       0.92745889000000004       -7.2541783999999998E-002   0.0000000000000000        0.0000000000000000        0.0000000000000000     
   79.000000000000000       0.92834962000000010       -7.1651391000000009E-002   0.0000000000000000        0.0000000000000000        0.0000000000000000     
   80.000000000000000       0.92922698000000004       -7.0773020000000006E-002   0.0000000000000000        0.0000000000000000        0.0000000000000000     
   81.000000000000000       0.93009434000000013       -6.9906007999999992E-002   0.0000000000000000        0.0000000000000000        0.0000000000000000     
   82.000000000000000       0.93094833000000010       -6.9050018000000005E-002   0.0000000000000000        0.0000000000000000        0.0000000000000000     
   83.000000000000000       0.93179895000000001       -6.8205713000000015E-002   0.0000000000000000        0.0000000000000000        0.0000000000000000     
   84.000000000000000       0.93262957000000002       -6.7371429999999996E-002   0.0000000000000000        0.0000000000000000        0.0000000000000000     
   85.000000000000000       0.93345019000000007       -6.6546494999999997E-002   0.0000000000000000        0.0000000000000000        0.0000000000000000     
   86.000000000000000       0.93426744000000017       -6.5732908000000007E-002   0.0000000000000000        0.0000000000000000        0.0000000000000000     
   87.000000000000000       0.93507132000000004       -6.4928668999999994E-002   0.0000000000000000        0.0000000000000000        0.0000000000000000     
   88.000000000000000       0.93586857000000001       -6.4133440999999999E-002   0.0000000000000000        0.0000000000000000        0.0000000000000000     
   89.000000000000000       0.93665244999999997       -6.3347224000000008E-002   0.0000000000000000        0.0000000000000000        0.0000000000000000     
   90.000000000000000       0.93742632999999997       -6.2570681000000003E-002   0.0000000000000000        0.0000000000000000        0.0000000000000000     
   91.000000000000000       0.93819684000000003       -6.1803138000000001E-002   0.0000000000000000        0.0000000000000000        0.0000000000000000     
   92.000000000000000       0.93896072000000008       -6.1043606000000007E-002   0.0000000000000000        0.0000000000000000        0.0000000000000000     
   93.000000000000000       0.93970460000000000       -6.0293411000000005E-002   0.0000000000000000        0.0000000000000000        0.0000000000000000     
   94.000000000000000       0.94044848000000003       -5.9551114900000000E-002   0.0000000000000000        0.0000000000000000        0.0000000000000000     
   95.000000000000000       0.94118561999999995       -5.8817021000000011E-002   0.0000000000000000        0.0000000000000000        0.0000000000000000     
   96.000000000000000       0.94190950000000007       -5.8090927100000009E-002   0.0000000000000000        0.0000000000000000        0.0000000000000000     
   97.000000000000000       0.94262338000000001       -5.7372664699999999E-002   0.0000000000000000        0.0000000000000000        0.0000000000000000     
   98.000000000000000       0.94333726000000007       -5.6662166400000005E-002   0.0000000000000000        0.0000000000000000        0.0000000000000000     
   99.000000000000000       0.94403777000000000       -5.5959960400000008E-002   0.0000000000000000        0.0000000000000000        0.0000000000000000     
   100.00000000000000       0.94473165000000003       -5.5265316299999999E-002   0.0000000000000000        0.0000000000000000        0.0000000000000000     
   101.00000000000000       0.94542553000000007       -5.4577436300000004E-002   0.0000000000000000        0.0000000000000000        0.0000000000000000     
   102.00000000000000       0.94610277999999992       -5.3897545300000002E-002   0.0000000000000000        0.0000000000000000        0.0000000000000000     
   103.00000000000000       0.94677666000000005       -5.3224912900000004E-002   0.0000000000000000        0.0000000000000000        0.0000000000000000     
   104.00000000000000       0.94744054000000011       -5.2559438000000000E-002   0.0000000000000000        0.0000000000000000        0.0000000000000000     
   105.00000000000001       0.94810116000000000       -5.1901086900000004E-002   0.0000000000000000        0.0000000000000000        0.0000000000000000     
   106.00000000000000       0.94874841000000010       -5.1250387800000005E-002   0.0000000000000000        0.0000000000000000        0.0000000000000000     
   107.00000000000000       0.94939566000000009       -5.0605981000000001E-002   0.0000000000000000        0.0000000000000000        0.0000000000000000     
   108.00000000000000       0.95002965000000006       -4.9969091400000006E-002   0.0000000000000000        0.0000000000000000        0.0000000000000000     
   109.00000000000001       0.95066026999999997       -4.9338359300000002E-002   0.0000000000000000        0.0000000000000000        0.0000000000000000     
   110.00000000000000       0.95128425999999999       -4.8715043300000004E-002   0.0000000000000000        0.0000000000000000        0.0000000000000000     
   111.00000000000000       0.95189824999999995       -4.8098413000000000E-002   0.0000000000000000        0.0000000000000000        0.0000000000000000     
   112.00000000000000       0.95251224000000012       -4.7488401000000006E-002   0.0000000000000000        0.0000000000000000        0.0000000000000000     
   113.00000000000000       0.95311297000000006       -4.6885636599999995E-002   0.0000000000000000        0.0000000000000000        0.0000000000000000     
   114.00000000000000       0.95371033000000005       -4.6288726400000008E-002   0.0000000000000000        0.0000000000000000        0.0000000000000000     
   115.00000000000000       0.95430105999999992       -4.5698962700000012E-002   0.0000000000000000        0.0000000000000000        0.0000000000000000     
   116.00000000000000       0.95488516000000001       -4.5114985800000007E-002   0.0000000000000000        0.0000000000000000        0.0000000000000000     
   117.00000000000000       0.95545926000000003       -4.4538054299999998E-002   0.0000000000000000        0.0000000000000000        0.0000000000000000     
   118.00000000000001       0.95603335999999994       -4.3967471500000001E-002   0.0000000000000000        0.0000000000000000        0.0000000000000000     
   119.00000000000000       0.95660083000000007       -4.3403866700000002E-002   0.0000000000000000        0.0000000000000000        0.0000000000000000     
   120.00000000000000       0.95715167000000001       -4.2845880200000006E-002   0.0000000000000000        0.0000000000000000        0.0000000000000000     
   121.00000000000000       0.95770251000000006       -4.2294770600000003E-002   0.0000000000000000        0.0000000000000000        0.0000000000000000     
   122.00000000000001       0.95825335000000000       -4.1749211900000006E-002   0.0000000000000000        0.0000000000000000        0.0000000000000000     
   123.00000000000000       0.95878755999999998       -4.1210496399999998E-002   0.0000000000000000        0.0000000000000000        0.0000000000000000     
   124.00000000000000       0.95932514000000002       -4.0677893700000002E-002   0.0000000000000000        0.0000000000000000        0.0000000000000000     
   125.00000000000000       0.95984609000000010       -4.0151437499999998E-002   0.0000000000000000        0.0000000000000000        0.0000000000000000     
   126.00000000000001       0.96036704000000006       -3.9631689700000007E-002   0.0000000000000000        0.0000000000000000        0.0000000000000000     
   127.00000000000000       0.96088462000000008       -3.9117357999999998E-002   0.0000000000000000        0.0000000000000000        0.0000000000000000     
   128.00000000000000       0.96139231000000003       -3.8609037999999998E-002   0.0000000000000000        0.0000000000000000        0.0000000000000000     
   129.00000000000000       0.96189663000000003       -3.8107392699999999E-002   0.0000000000000000        0.0000000000000000        0.0000000000000000     
   130.00000000000000       0.96238769000000013       -3.7611062399999999E-002   0.0000000000000000        0.0000000000000000        0.0000000000000000     
   131.00000000000000       0.96287875000000001       -3.7121339400000002E-002   0.0000000000000000        0.0000000000000000        0.0000000000000000     
   132.00000000000000       0.96335981000000004       -3.6637594400000001E-002   0.0000000000000000        0.0000000000000000        0.0000000000000000     
   133.00000000000000       0.96384424000000002       -3.6159063300000002E-002   0.0000000000000000        0.0000000000000000        0.0000000000000000     
   134.00000000000000       0.96431204000000004       -3.5687105800000007E-002   0.0000000000000000        0.0000000000000000        0.0000000000000000     
   135.00000000000000       0.96477984000000006       -3.5220362200000001E-002   0.0000000000000000        0.0000000000000000        0.0000000000000000     
   136.00000000000000       0.96524100999999995       -3.4760124800000000E-002   0.0000000000000000        0.0000000000000000        0.0000000000000000     
   137.00000000000000       0.96569555000000007       -3.4305067600000003E-002   0.0000000000000000        0.0000000000000000        0.0000000000000000     
   138.00000000000000       0.96614008999999990       -3.3855853600000006E-002   0.0000000000000000        0.0000000000000000        0.0000000000000000     
   139.00000000000000       0.96658800000000011       -3.3412415399999999E-002   0.0000000000000000        0.0000000000000000        0.0000000000000000     
   140.00000000000000       0.96702591000000004       -3.2974786700000001E-002   0.0000000000000000        0.0000000000000000        0.0000000000000000     
   141.00000000000000       0.96745719000000008       -3.2542270800000002E-002   0.0000000000000000        0.0000000000000000        0.0000000000000000     
   142.00000000000000       0.96788184000000010       -3.2115530700000006E-002   0.0000000000000000        0.0000000000000000        0.0000000000000000     
   143.00000000000000       0.96830649000000002       -3.1694532700000000E-002   0.0000000000000000        0.0000000000000000        0.0000000000000000     
   144.00000000000000       0.96872450999999993       -3.1279276800000005E-002   0.0000000000000000        0.0000000000000000        0.0000000000000000     
   145.00000000000000       0.96913590000000016       -3.0869066300000005E-002   0.0000000000000000        0.0000000000000000        0.0000000000000000     
   146.00000000000000       0.96953729000000011       -3.0463901200000001E-002   0.0000000000000000        0.0000000000000000        0.0000000000000000     
   147.00000000000000       0.96993205000000005       -3.0064444500000002E-002   0.0000000000000000        0.0000000000000000        0.0000000000000000     
   148.00000000000000       0.97033018000000004       -2.9670696200000003E-002   0.0000000000000000        0.0000000000000000        0.0000000000000000     
   149.00000000000000       0.97071831000000008       -2.9281925900000002E-002   0.0000000000000000        0.0000000000000000        0.0000000000000000     
   150.00000000000000       0.97109981000000012       -2.8898201000000002E-002   0.0000000000000000        0.0000000000000000        0.0000000000000000     
   151.00000000000000       0.97148131000000015       -2.8520083400000000E-002   0.0000000000000000        0.0000000000000000        0.0000000000000000     
   152.00000000000000       0.97185618000000007       -2.8146314499999998E-002   0.0000000000000000        0.0000000000000000        0.0000000000000000     
   153.00000000000000       0.97222442000000009       -2.7778186600000001E-002   0.0000000000000000        0.0000000000000000        0.0000000000000000     
   154.00000000000000       0.97258266000000004       -2.7415699700000001E-002   0.0000000000000000        0.0000000000000000        0.0000000000000000     
   155.00000000000000       0.97294427000000006       -2.7057460400000004E-002   0.0000000000000000        0.0000000000000000        0.0000000000000000     
   156.00000000000000       0.97329588000000011       -2.6704199099999999E-002   0.0000000000000000        0.0000000000000000        0.0000000000000000     
   157.00000000000000       0.97364423000000011       -2.6355882100000005E-002   0.0000000000000000        0.0000000000000000        0.0000000000000000     
   158.00000000000000       0.97398921000000005       -2.6012509400000002E-002   0.0000000000000000        0.0000000000000000        0.0000000000000000     
   159.00000000000000       0.97432756000000009       -2.5674013600000004E-002   0.0000000000000000        0.0000000000000000        0.0000000000000000     
   160.00000000000000       0.97465928000000002       -2.5340462099999999E-002   0.0000000000000000        0.0000000000000000        0.0000000000000000     
   161.00000000000000       0.97498773999999999       -2.5011821200000003E-002   0.0000000000000000        0.0000000000000000        0.0000000000000000     
   162.00000000000000       0.97531283000000002       -2.4687427900000000E-002   0.0000000000000000        0.0000000000000000        0.0000000000000000     
   163.00000000000000       0.97562792000000009       -2.4367945200000001E-002   0.0000000000000000        0.0000000000000000        0.0000000000000000     
   164.00000000000000       0.97594638000000011       -2.4052642700000005E-002   0.0000000000000000        0.0000000000000000        0.0000000000000000     
   165.00000000000000       0.97625821000000013       -2.3742250800000000E-002   0.0000000000000000        0.0000000000000000        0.0000000000000000     
   166.00000000000000       0.97656341000000002       -2.3436072799999999E-002   0.0000000000000000        0.0000000000000000        0.0000000000000000     
   167.00000000000000       0.97686524000000008       -2.3134771700000001E-002   0.0000000000000000        0.0000000000000000        0.0000000000000000     
   168.00000000000000       0.97716381000000008       -2.2836987800000000E-002   0.0000000000000000        0.0000000000000000        0.0000000000000000     
   169.00000000000000       0.97745238000000012       -2.2544080800000001E-002   0.0000000000000000        0.0000000000000000        0.0000000000000000     
   170.00000000000000       0.97774432000000000       -2.2256016999999999E-002   0.0000000000000000        0.0000000000000000        0.0000000000000000     
   171.00000000000000       0.97802626000000004       -2.1971504100000004E-002   0.0000000000000000        0.0000000000000000        0.0000000000000000     
   172.00000000000000       0.97831157000000013       -2.1691137700000002E-002   0.0000000000000000        0.0000000000000000        0.0000000000000000     
   173.00000000000000       0.97858688000000005       -2.1415648199999998E-002   0.0000000000000000        0.0000000000000000        0.0000000000000000     
   174.00000000000000       0.97885555999999996       -2.1143642200000000E-002   0.0000000000000000        0.0000000000000000        0.0000000000000000     
   175.00000000000000       0.97912424000000009       -2.0875816400000000E-002   0.0000000000000000        0.0000000000000000        0.0000000000000000     
   176.00000000000000       0.97938629000000010       -2.0611474099999999E-002   0.0000000000000000        0.0000000000000000        0.0000000000000000     
   177.00000000000000       0.97964834000000001       -2.0351975000000005E-002   0.0000000000000000        0.0000000000000000        0.0000000000000000     
   178.00000000000000       0.97990376000000001       -2.0095925700000003E-002   0.0000000000000000        0.0000000000000000        0.0000000000000000     
   179.00000000000000       0.98015255000000012       -1.9843393600000002E-002   0.0000000000000000        0.0000000000000000        0.0000000000000000     
   180.00000000000000       0.98040134000000001       -1.9595008000000001E-002   0.0000000000000000        0.0000000000000000        0.0000000000000000     
   181.00000000000000       0.98065013000000012       -1.9350768900000002E-002   0.0000000000000000        0.0000000000000000        0.0000000000000000     
   182.00000000000000       0.98089229000000000       -1.9110013299999999E-002   0.0000000000000000        0.0000000000000000        0.0000000000000000     
   183.00000000000000       0.98112445000000004       -1.8872707500000002E-002   0.0000000000000000        0.0000000000000000        0.0000000000000000     
   184.00000000000000       0.98135998000000013       -1.8638885200000000E-002   0.0000000000000000        0.0000000000000000        0.0000000000000000     
   185.00000000000000       0.98158888000000000       -1.8408512700000001E-002   0.0000000000000000        0.0000000000000000        0.0000000000000000     
   186.00000000000000       0.98181441000000003       -1.8182286700000001E-002   0.0000000000000000        0.0000000000000000        0.0000000000000000     
   187.00000000000000       0.98204331000000000       -1.7958847500000003E-002   0.0000000000000000        0.0000000000000000        0.0000000000000000     
   188.00000000000000       0.98226221000000002       -1.7738858099999998E-002   0.0000000000000000        0.0000000000000000        0.0000000000000000     
   189.00000000000000       0.98247784999999999       -1.7522318500000002E-002   0.0000000000000000        0.0000000000000000        0.0000000000000000     
   190.00000000000000       0.98269012000000000       -1.7309228699999998E-002   0.0000000000000000        0.0000000000000000        0.0000000000000000     
   191.00000000000000       0.98289913000000007       -1.7099588700000001E-002   0.0000000000000000        0.0000000000000000        0.0000000000000000     
   192.00000000000000       0.98310477000000007       -1.6893398500000004E-002   0.0000000000000000        0.0000000000000000        0.0000000000000000     
   193.00000000000000       0.98331041000000008       -1.6689332099999999E-002   0.0000000000000000        0.0000000000000000        0.0000000000000000     
   194.00000000000000       0.98351279000000003       -1.6489344800000000E-002   0.0000000000000000        0.0000000000000000        0.0000000000000000     
   195.00000000000000       0.98370517000000013       -1.6292144300000002E-002   0.0000000000000000        0.0000000000000000        0.0000000000000000     
   196.00000000000000       0.98390418000000013       -1.6097696900000003E-002   0.0000000000000000        0.0000000000000000        0.0000000000000000     
   197.00000000000003       0.98408993000000011       -1.5906699300000000E-002   0.0000000000000000        0.0000000000000000        0.0000000000000000     
   198.00000000000000       0.98428568000000016       -1.5718454800000000E-002   0.0000000000000000        0.0000000000000000        0.0000000000000000     
   199.00000000000000       0.98447143000000015       -1.5532997100000003E-002   0.0000000000000000        0.0000000000000000        0.0000000000000000     
   200.00000000000000       0.98465055000000001       -1.5350292500000001E-002   0.0000000000000000        0.0000000000000000        0.0000000000000000     
   201.00000000000000       0.98482967000000010       -1.5170970300000001E-002   0.0000000000000000        0.0000000000000000        0.0000000000000000     
   202.00000000000000       0.98500878999999997       -1.4993771899999999E-002   0.0000000000000000        0.0000000000000000        0.0000000000000000     
   203.00000000000000       0.98518128000000016       -1.4819326600000000E-002   0.0000000000000000        0.0000000000000000        0.0000000000000000     
   204.00000000000000       0.98535377000000013       -1.4647634400000002E-002   0.0000000000000000        0.0000000000000000        0.0000000000000000     
   205.00000000000003       0.98551962999999998       -1.4478695300000000E-002   0.0000000000000000        0.0000000000000000        0.0000000000000000     
   206.00000000000000       0.98568549000000005       -1.4312509300000002E-002   0.0000000000000000        0.0000000000000000        0.0000000000000000     
   207.00000000000000       0.98584798000000007       -1.4149076400000000E-002   0.0000000000000000        0.0000000000000000        0.0000000000000000     
   208.00000000000000       0.98601384000000014       -1.3987699900000001E-002   0.0000000000000000        0.0000000000000000        0.0000000000000000     
   209.00000000000000       0.98617306999999998       -1.3829076500000001E-002   0.0000000000000000        0.0000000000000000        0.0000000000000000     
   210.00000000000003       0.98632567000000004       -1.3672543200000001E-002   0.0000000000000000        0.0000000000000000        0.0000000000000000     
   211.00000000000000       0.98648490000000000       -1.3518729300000002E-002   0.0000000000000000        0.0000000000000000        0.0000000000000000     
   212.00000000000000       0.98663413000000000       -1.3367005500000001E-002   0.0000000000000000        0.0000000000000000        0.0000000000000000     
   213.00000000000000       0.98678010000000005       -1.3217338100000002E-002   0.0000000000000000        0.0000000000000000        0.0000000000000000     
   214.00000000000000       0.98693270000000000       -1.3070423800000001E-002   0.0000000000000000        0.0000000000000000        0.0000000000000000     
   215.00000000000000       0.98707867000000005       -1.2925565900000002E-002   0.0000000000000000        0.0000000000000000        0.0000000000000000     
   216.00000000000000       0.98721464000000014       -1.2783427400000000E-002   0.0000000000000000        0.0000000000000000        0.0000000000000000     
   217.00000000000000       0.98736061000000008       -1.2642716000000002E-002   0.0000000000000000        0.0000000000000000        0.0000000000000000     
   218.00000000000003       0.98749658000000007       -1.2504724000000000E-002   0.0000000000000000        0.0000000000000000        0.0000000000000000     
   219.00000000000000       0.98762929000000010       -1.2368125399999999E-002   0.0000000000000000        0.0000000000000000        0.0000000000000000     
   220.00000000000000       0.98776863000000015       -1.2234279900000001E-002   0.0000000000000000        0.0000000000000000        0.0000000000000000     
   221.00000000000000       0.98789797000000013       -1.2102457100000000E-002   0.0000000000000000        0.0000000000000000        0.0000000000000000     
   222.00000000000000       0.98803068000000005       -1.1972061400000001E-002   0.0000000000000000        0.0000000000000000        0.0000000000000000     
   223.00000000000003       0.98815339000000013       -1.1843722100000002E-002   0.0000000000000000        0.0000000000000000        0.0000000000000000     
   224.00000000000000       0.98828610000000006       -1.1717405500000000E-002   0.0000000000000000        0.0000000000000000        0.0000000000000000     
   225.00000000000000       0.98840881000000003       -1.1593179000000000E-002   0.0000000000000000        0.0000000000000000        0.0000000000000000     
   226.00000000000000       0.98852489000000010       -1.1471008899999999E-002   0.0000000000000000        0.0000000000000000        0.0000000000000000     
   227.00000000000000       0.98865097000000013       -1.1350232200000001E-002   0.0000000000000000        0.0000000000000000        0.0000000000000000     
   228.00000000000000       0.98876705000000009       -1.1231478200000001E-002   0.0000000000000000        0.0000000000000000        0.0000000000000000     
   229.00000000000000       0.98888650000000000       -1.1114117599999999E-002   0.0000000000000000        0.0000000000000000        0.0000000000000000     
   230.00000000000000       0.98900257999999996       -1.0998847100000000E-002   0.0000000000000000        0.0000000000000000        0.0000000000000000     
   231.00000000000003       0.98911203000000014       -1.0884936300000000E-002   0.0000000000000000        0.0000000000000000        0.0000000000000000     
   232.00000000000000       0.98922485000000004       -1.0773048200000001E-002   0.0000000000000000        0.0000000000000000        0.0000000000000000     
   233.00000000000000       0.98933430000000011       -1.0662587200000000E-002   0.0000000000000000        0.0000000000000000        0.0000000000000000     
   234.00000000000000       0.98944375000000007       -1.0554148900000001E-002   0.0000000000000000        0.0000000000000000        0.0000000000000000     
   235.00000000000000       0.98955657000000008       -1.0447104000000000E-002   0.0000000000000000        0.0000000000000000        0.0000000000000000     
   236.00000000000003       0.98965939000000003       -1.0341418800000002E-002   0.0000000000000000        0.0000000000000000        0.0000000000000000     
   237.00000000000000       0.98976221000000009       -1.0237127000000000E-002   0.0000000000000000        0.0000000000000000        0.0000000000000000     
   238.00000000000000       0.98986503000000003       -1.0134891600000001E-002   0.0000000000000000        0.0000000000000000        0.0000000000000000     
   239.00000000000003       0.98996784999999998       -1.0033352900000000E-002   0.0000000000000000        0.0000000000000000        0.0000000000000000     
   240.00000000000000       0.99006740999999998       -9.9338706000000020E-003   0.0000000000000000        0.0000000000000000        0.0000000000000000     
   241.00000000000000       0.99016360000000003       -9.8357480000000018E-003   0.0000000000000000        0.0000000000000000        0.0000000000000000     
   242.00000000000000       0.99025979000000008       -9.7390187999999989E-003   0.0000000000000000        0.0000000000000000        0.0000000000000000     
   243.00000000000000       0.99035598000000002       -9.6436493000000012E-003   0.0000000000000000        0.0000000000000000        0.0000000000000000     
   244.00000000000003       0.99045216999999997       -9.5496395000000001E-003   0.0000000000000000        0.0000000000000000        0.0000000000000000     
   245.00000000000000       0.99054173000000012       -9.4570230999999998E-003   0.0000000000000000        0.0000000000000000        0.0000000000000000     
   246.00000000000000       0.99063129000000005       -9.3651371000000004E-003   0.0000000000000000        0.0000000000000000        0.0000000000000000     
   247.00000000000000       0.99072422000000016       -9.2752401000000002E-003   0.0000000000000000        0.0000000000000000        0.0000000000000000     
   248.00000000000000       0.99081377999999998       -9.1861071999999998E-003   0.0000000000000000        0.0000000000000000        0.0000000000000000     
   249.00000000000003       0.99090334000000002       -9.0989633000000004E-003   0.0000000000000000        0.0000000000000000        0.0000000000000000     
   250.00000000000000       0.99098627000000006       -9.0125498000000002E-003   0.0000000000000000        0.0000000000000000        0.0000000000000000     
   251.00000000000000       0.99107582999999999       -8.9268330000000003E-003   0.0000000000000000        0.0000000000000000        0.0000000000000000     
   252.00000000000003       0.99115876000000003       -8.8431389000000003E-003   0.0000000000000000        0.0000000000000000        0.0000000000000000     
   253.00000000000000       0.99124169000000006       -8.7601415000000005E-003   0.0000000000000000        0.0000000000000000        0.0000000000000000     
   254.00000000000000       0.99132462000000010       -8.6785374999999998E-003   0.0000000000000000        0.0000000000000000        0.0000000000000000     
   255.00000000000000       0.99140092000000002       -8.5976301999999994E-003   0.0000000000000000        0.0000000000000000        0.0000000000000000     
   256.00000000000000       0.99148385000000006       -8.5180825999999991E-003   0.0000000000000000        0.0000000000000000        0.0000000000000000     
   257.00000000000000       0.99156015000000020       -8.4398947000000005E-003   0.0000000000000000        0.0000000000000000        0.0000000000000000     
   258.00000000000000       0.99163645000000011       -8.3624034999999989E-003   0.0000000000000000        0.0000000000000000        0.0000000000000000     
   259.00000000000000       0.99171275000000003       -8.2856090000000011E-003   0.0000000000000000        0.0000000000000000        0.0000000000000000     
   260.00000000000000       0.99178904999999995       -8.2102079000000005E-003   0.0000000000000000        0.0000000000000000        0.0000000000000000     
   261.00000000000000       0.99186535000000009       -8.1361665000000000E-003   0.0000000000000000        0.0000000000000000        0.0000000000000000     
   262.00000000000000       0.99193828000000006       -8.0627881000000009E-003   0.0000000000000000        0.0000000000000000        0.0000000000000000     
   263.00000000000000       0.99200795000000008       -7.9901401000000011E-003   0.0000000000000000        0.0000000000000000        0.0000000000000000     
   264.00000000000000       0.99207762000000010       -7.9188518000000013E-003   0.0000000000000000        0.0000000000000000        0.0000000000000000     
   265.00000000000000       0.99215392000000002       -7.8482264999999996E-003   0.0000000000000000        0.0000000000000000        0.0000000000000000     
   266.00000000000000       0.99222359000000004       -7.7789946000000002E-003   0.0000000000000000        0.0000000000000000        0.0000000000000000     
   267.00000000000000       0.99229326000000007       -7.7097964000000007E-003   0.0000000000000000        0.0000000000000000        0.0000000000000000     
   268.00000000000000       0.99235630000000008       -7.6419579000000003E-003   0.0000000000000000        0.0000000000000000        0.0000000000000000     
   269.00000000000000       0.99242596999999999       -7.5754454000000002E-003   0.0000000000000000        0.0000000000000000        0.0000000000000000     
   270.00000000000000       0.99249227000000007       -7.5090003000000006E-003   0.0000000000000000        0.0000000000000000        0.0000000000000000     
   271.00000000000000       0.99255531000000008       -7.4439149000000001E-003   0.0000000000000000        0.0000000000000000        0.0000000000000000     
   272.00000000000000       0.99261835000000009       -7.3794925000000011E-003   0.0000000000000000        0.0000000000000000        0.0000000000000000     
   273.00000000000000       0.99268139000000011       -7.3158005000000014E-003   0.0000000000000000        0.0000000000000000        0.0000000000000000     
   274.00000000000000       0.99275106000000002       -7.2527714999999996E-003   0.0000000000000000        0.0000000000000000        0.0000000000000000     
   275.00000000000000       0.99281072999999997       -7.1911022000000014E-003   0.0000000000000000        0.0000000000000000        0.0000000000000000     
   276.00000000000000       0.99286714000000009       -7.1301296000000000E-003   0.0000000000000000        0.0000000000000000        0.0000000000000000     
   277.00000000000000       0.99293018000000011       -7.0691907000000002E-003   0.0000000000000000        0.0000000000000000        0.0000000000000000     
   278.00000000000000       0.99299322000000012       -7.0096115000000013E-003   0.0000000000000000        0.0000000000000000        0.0000000000000000     
   279.00000000000000       0.99304963000000002       -6.9506391100000002E-003   0.0000000000000000        0.0000000000000000        0.0000000000000000     
   280.00000000000000       0.99310930000000008       -6.8923667900000008E-003   0.0000000000000000        0.0000000000000000        0.0000000000000000     
   281.00000000000000       0.99316571000000009       -6.8347810600000013E-003   0.0000000000000000        0.0000000000000000        0.0000000000000000     
   282.00000000000000       0.99322211999999999       -6.7778886600000001E-003   0.0000000000000000        0.0000000000000000        0.0000000000000000     
   283.00000000000000       0.99327516000000005       -6.7217491500000002E-003   0.0000000000000000        0.0000000000000000        0.0000000000000000     
   284.00000000000000       0.99333157000000016       -6.6662366700000007E-003   0.0000000000000000        0.0000000000000000        0.0000000000000000     
   285.00000000000000       0.99338798000000006       -6.6114074099999998E-003   0.0000000000000000        0.0000000000000000        0.0000000000000000     
   286.00000000000000       0.99344439000000007       -6.5572018100000006E-003   0.0000000000000000        0.0000000000000000        0.0000000000000000     
   287.00000000000000       0.99349743000000013       -6.5036861700000000E-003   0.0000000000000000        0.0000000000000000        0.0000000000000000     
   288.00000000000000       0.99354721000000001       -6.4507908199999998E-003   0.0000000000000000        0.0000000000000000        0.0000000000000000     
   289.00000000000000       0.99360362000000002       -6.3985157600000000E-003   0.0000000000000000        0.0000000000000000        0.0000000000000000     
   290.00000000000000       0.99365003000000018       -6.3468609900000006E-003   0.0000000000000000        0.0000000000000000        0.0000000000000000     
   291.00000000000000       0.99370644000000008       -6.2957602100000001E-003   0.0000000000000000        0.0000000000000000        0.0000000000000000     
   292.00000000000000       0.99375622000000008       -6.2453460200000005E-003   0.0000000000000000        0.0000000000000000        0.0000000000000000     
   293.00000000000000       0.99380263000000002       -6.1954195200000003E-003   0.0000000000000000        0.0000000000000000        0.0000000000000000     
   294.00000000000000       0.99385241000000002       -6.1461099400000009E-003   0.0000000000000000        0.0000000000000000        0.0000000000000000     
   295.00000000000000       0.99390219000000002       -6.0973543500000005E-003   0.0000000000000000        0.0000000000000000        0.0000000000000000     
   296.00000000000000       0.99394859999999996       -6.0492190500000013E-003   0.0000000000000000        0.0000000000000000        0.0000000000000000     
   297.00000000000000       0.99399838000000007       -6.0015680699999994E-003   0.0000000000000000        0.0000000000000000        0.0000000000000000     
   298.00000000000000       0.99404479000000001       -5.9544677100000004E-003   0.0000000000000000        0.0000000000000000        0.0000000000000000     
   299.00000000000000       0.99409457000000012       -5.9079213400000004E-003   0.0000000000000000        0.0000000000000000        0.0000000000000000     
   300.00000000000000       0.99413772000000000       -5.8618559200000007E-003   0.0000000000000000        0.0000000000000000        0.0000000000000000     
   301.00000000000000       0.99418413000000005       -5.8163444900000000E-003   0.0000000000000000        0.0000000000000000        0.0000000000000000     
   302.00000000000000       0.99422728000000005       -5.7713173800000000E-003   0.0000000000000000        0.0000000000000000        0.0000000000000000     
   303.00000000000000       0.99427368999999999       -5.7267712200000003E-003   0.0000000000000000        0.0000000000000000        0.0000000000000000     
   304.00000000000000       0.99431684000000009       -5.6827790500000004E-003   0.0000000000000000        0.0000000000000000        0.0000000000000000     
   305.00000000000000       0.99435998999999997       -5.6392015299999996E-003   0.0000000000000000        0.0000000000000000        0.0000000000000000     
   306.00000000000000       0.99440640000000002       -5.5961746299999999E-003   0.0000000000000000        0.0000000000000000        0.0000000000000000     
   307.00000000000000       0.99444955000000013       -5.5535657500000004E-003   0.0000000000000000        0.0000000000000000        0.0000000000000000     
   308.00000000000000       0.99448933000000006       -5.5114378199999994E-003   0.0000000000000000        0.0000000000000000        0.0000000000000000     
   309.00000000000000       0.99453248000000016       -5.4697279099999996E-003   0.0000000000000000        0.0000000000000000        0.0000000000000000     
   310.00000000000000       0.99457225999999999       -5.4284989500000000E-003   0.0000000000000000        0.0000000000000000        0.0000000000000000     
   311.00000000000000       0.99461541000000009       -5.3876846400000003E-003   0.0000000000000000        0.0000000000000000        0.0000000000000000     
   312.00000000000000       0.99464856000000013       -5.3473512800000008E-003   0.0000000000000000        0.0000000000000000        0.0000000000000000     
   313.00000000000000       0.99469171000000012       -5.3074359399999998E-003   0.0000000000000000        0.0000000000000000        0.0000000000000000     
   314.00000000000000       0.99473486000000011       -5.2679352500000004E-003   0.0000000000000000        0.0000000000000000        0.0000000000000000     
   315.00000000000000       0.99476801000000004       -5.2288492100000007E-003   0.0000000000000000        0.0000000000000000        0.0000000000000000     
   316.00000000000000       0.99481116000000003       -5.1901778200000000E-003   0.0000000000000000        0.0000000000000000        0.0000000000000000     
   317.00000000000000       0.99485094000000007       -5.1519210800000000E-003   0.0000000000000000        0.0000000000000000        0.0000000000000000     
   318.00000000000000       0.99488746000000017       -5.1140126900000001E-003   0.0000000000000000        0.0000000000000000        0.0000000000000000     
   319.00000000000000       0.99492061000000009       -5.0765155800000005E-003   0.0000000000000000        0.0000000000000000        0.0000000000000000     
   320.00000000000000       0.99496376000000009       -5.0394331199999998E-003   0.0000000000000000        0.0000000000000000        0.0000000000000000     
   321.00000000000000       0.99499691000000001       -5.0027653100000007E-003   0.0000000000000000        0.0000000000000000        0.0000000000000000     
   322.00000000000000       0.99503343000000011       -4.9663795500000003E-003   0.0000000000000000        0.0000000000000000        0.0000000000000000     
   323.00000000000000       0.99506658000000003       -4.9304713699999999E-003   0.0000000000000000        0.0000000000000000        0.0000000000000000     
   324.00000000000000       0.99510973000000003       -4.8948452400000000E-003   0.0000000000000000        0.0000000000000000        0.0000000000000000     
   325.00000000000000       0.99514288000000006       -4.8596303899999995E-003   0.0000000000000000        0.0000000000000000        0.0000000000000000     
   326.00000000000000       0.99517603000000010       -4.8247605200000005E-003   0.0000000000000000        0.0000000000000000        0.0000000000000000     
   327.00000000000000       0.99521254999999997       -4.7901727000000003E-003   0.0000000000000000        0.0000000000000000        0.0000000000000000     
   328.00000000000000       0.99524570000000012       -4.7559995300000000E-003   0.0000000000000000        0.0000000000000000        0.0000000000000000     
   329.00000000000000       0.99527558999999999       -4.7221679700000007E-003   0.0000000000000000        0.0000000000000000        0.0000000000000000     
   330.00000000000000       0.99530874000000003       -4.6886847599999998E-003   0.0000000000000000        0.0000000000000000        0.0000000000000000     
   331.00000000000000       0.99534526000000012       -4.6554768600000004E-003   0.0000000000000000        0.0000000000000000        0.0000000000000000     
   332.00000000000000       0.99537841000000005       -4.6226173100000004E-003   0.0000000000000000        0.0000000000000000        0.0000000000000000     
   333.00000000000000       0.99540830000000002       -4.5901027400000001E-003   0.0000000000000000        0.0000000000000000        0.0000000000000000     
   334.00000000000000       0.99544145000000006       -4.5579331500000004E-003   0.0000000000000000        0.0000000000000000        0.0000000000000000     
   335.00000000000000       0.99547459999999999       -4.5260422400000000E-003   0.0000000000000000        0.0000000000000000        0.0000000000000000     
   336.00000000000000       0.99550449000000008       -4.4944266400000002E-003   0.0000000000000000        0.0000000000000000        0.0000000000000000     
   337.00000000000000       0.99553764000000000       -4.4631593900000006E-003   0.0000000000000000        0.0000000000000000        0.0000000000000000     
   338.00000000000000       0.99556753000000009       -4.4321674499999998E-003   0.0000000000000000        0.0000000000000000        0.0000000000000000     
   339.00000000000000       0.99560068000000013       -4.4015204900000006E-003   0.0000000000000000        0.0000000000000000        0.0000000000000000     
   340.00000000000000       0.99563057000000010       -4.3710859100000001E-003   0.0000000000000000        0.0000000000000000        0.0000000000000000     
   341.00000000000000       0.99565709000000013       -4.3409963100000002E-003   0.0000000000000000        0.0000000000000000        0.0000000000000000     
   342.00000000000000       0.99569024000000006       -4.3111820200000001E-003   0.0000000000000000        0.0000000000000000        0.0000000000000000     
   343.00000000000000       0.99572013000000004       -4.2816464100000002E-003   0.0000000000000000        0.0000000000000000        0.0000000000000000     
   344.00000000000000       0.99574665000000007       -4.2524524100000004E-003   0.0000000000000000        0.0000000000000000        0.0000000000000000     
   345.00000000000000       0.99577654000000004       -4.2234707900000003E-003   0.0000000000000000        0.0000000000000000        0.0000000000000000     
   346.00000000000000       0.99580306000000007       -4.1947644799999999E-003   0.0000000000000000        0.0000000000000000        0.0000000000000000     
   347.00000000000000       0.99582958000000010       -4.1663334799999993E-003   0.0000000000000000        0.0000000000000000        0.0000000000000000     
   348.00000000000000       0.99585947000000008       -4.1381148600000001E-003   0.0000000000000000        0.0000000000000000        0.0000000000000000     
   349.00000000000000       0.99588599000000011       -4.1102412200000006E-003   0.0000000000000000        0.0000000000000000        0.0000000000000000     
   350.00000000000000       0.99591588000000009       -4.0825732199999999E-003   0.0000000000000000        0.0000000000000000        0.0000000000000000     
   351.00000000000000       0.99594240000000012       -4.0551839000000003E-003   0.0000000000000000        0.0000000000000000        0.0000000000000000     
   352.00000000000000       0.99596891999999992       -4.0280698900000004E-003   0.0000000000000000        0.0000000000000000        0.0000000000000000     
   353.00000000000000       0.99599880999999990       -4.0011682600000001E-003   0.0000000000000000        0.0000000000000000        0.0000000000000000     
   354.00000000000000       0.99602532999999993       -3.9744722700000004E-003   0.0000000000000000        0.0000000000000000        0.0000000000000000     
   355.00000000000000       0.99605184999999996       -3.9481212600000004E-003   0.0000000000000000        0.0000000000000000        0.0000000000000000     
   356.00000000000000       0.99608174000000016       -3.9219129600000001E-003   0.0000000000000000        0.0000000000000000        0.0000000000000000     
   357.00000000000000       0.99610163000000007       -3.8959766000000004E-003   0.0000000000000000        0.0000000000000000        0.0000000000000000     
   358.00000000000000       0.99612815000000010       -3.8703189200000004E-003   0.0000000000000000        0.0000000000000000        0.0000000000000000     
   359.00000000000000       0.99615804000000008       -3.8448039500000000E-003   0.0000000000000000        0.0000000000000000        0.0000000000000000     
   360.00000000000000       0.99617792999999999       -3.8195609200000003E-003   0.0000000000000000        0.0000000000000000        0.0000000000000000     
   361.00000000000000       0.99620781999999997       -3.7945302700000006E-003   0.0000000000000000        0.0000000000000000        0.0000000000000000     
   362.00000000000000       0.99622771000000010       -3.7697715600000003E-003   0.0000000000000000        0.0000000000000000        0.0000000000000000     
   363.00000000000000       0.99625423000000013       -3.7451589299999999E-003   0.0000000000000000        0.0000000000000000        0.0000000000000000     
   364.00000000000000       0.99627749000000010       -3.7208182400000006E-003   0.0000000000000000        0.0000000000000000        0.0000000000000000     
   365.00000000000000       0.99630401000000002       -3.6966865600000002E-003   0.0000000000000000        0.0000000000000000        0.0000000000000000     
   366.00000000000000       0.99632390000000004       -3.6727638900000002E-003   0.0000000000000000        0.0000000000000000        0.0000000000000000     
   367.00000000000000       0.99635379000000002       -3.6489805600000004E-003   0.0000000000000000        0.0000000000000000        0.0000000000000000     
   368.00000000000000       0.99637368000000004       -3.6254725399999998E-003   0.0000000000000000        0.0000000000000000        0.0000000000000000     
   369.00000000000000       0.99640020000000007       -3.6021735300000002E-003   0.0000000000000000        0.0000000000000000        0.0000000000000000     
   370.00000000000000       0.99642346000000004       -3.5790801599999999E-003   0.0000000000000000        0.0000000000000000        0.0000000000000000     
   371.00000000000000       0.99644335000000006       -3.5561295000000001E-003   0.0000000000000000        0.0000000000000000        0.0000000000000000     
   372.00000000000000       0.99646324000000008       -3.5334541499999999E-003   0.0000000000000000        0.0000000000000000        0.0000000000000000     
   373.00000000000000       0.99648976000000011       -3.5109181400000003E-003   0.0000000000000000        0.0000000000000000        0.0000000000000000     
   374.00000000000000       0.99651301999999997       -3.4885911400000004E-003   0.0000000000000000        0.0000000000000000        0.0000000000000000     
   375.00000000000000       0.99653291000000011       -3.4664697800000006E-003   0.0000000000000000        0.0000000000000000        0.0000000000000000     
   376.00000000000000       0.99655280000000002       -3.4444911300000004E-003   0.0000000000000000        0.0000000000000000        0.0000000000000000     
   377.00000000000000       0.99657606000000010       -3.4227181199999999E-003   0.0000000000000000        0.0000000000000000        0.0000000000000000     
   378.00000000000000       0.99659595000000001       -3.4011507500000004E-003   0.0000000000000000        0.0000000000000000        0.0000000000000000     
   379.00000000000000       0.99662247000000004       -3.3797260900000001E-003   0.0000000000000000        0.0000000000000000        0.0000000000000000     
   380.00000000000000       0.99664573000000001       -3.3585104399999999E-003   0.0000000000000000        0.0000000000000000        0.0000000000000000     
   381.00000000000000       0.99666562000000003       -3.3374970599999998E-003   0.0000000000000000        0.0000000000000000        0.0000000000000000     
   382.00000000000000       0.99668551000000005       -3.3166263900000002E-003   0.0000000000000000        0.0000000000000000        0.0000000000000000     
   383.00000000000000       0.99670540000000007       -3.2958984300000002E-003   0.0000000000000000        0.0000000000000000        0.0000000000000000     
   384.00000000000000       0.99672866000000004       -3.2753727400000000E-003   0.0000000000000000        0.0000000000000000        0.0000000000000000     
   385.00000000000000       0.99674192000000006       -3.2550560600000003E-003   0.0000000000000000        0.0000000000000000        0.0000000000000000     
   386.00000000000000       0.99676181000000008       -3.2348787200000007E-003   0.0000000000000000        0.0000000000000000        0.0000000000000000     
   387.00000000000000       0.99678507000000005       -3.2148407200000002E-003   0.0000000000000000        0.0000000000000000        0.0000000000000000     
   388.00000000000000       0.99680496000000007       -3.1949454300000007E-003   0.0000000000000000        0.0000000000000000        0.0000000000000000     
   389.00000000000006       0.99682485000000010       -3.1752524100000005E-003   0.0000000000000000        0.0000000000000000        0.0000000000000000     
   390.00000000000000       0.99684474000000001       -3.1557683999999999E-003   0.0000000000000000        0.0000000000000000        0.0000000000000000     
   391.00000000000000       0.99686800000000009       -3.1363574300000002E-003   0.0000000000000000        0.0000000000000000        0.0000000000000000     
   392.00000000000000       0.99688126000000010       -3.1171487300000003E-003   0.0000000000000000        0.0000000000000000        0.0000000000000000     
   393.00000000000000       0.99690115000000001       -3.0980827399999999E-003   0.0000000000000000        0.0000000000000000        0.0000000000000000     
   394.00000000000006       0.99692104000000015       -3.0791560900000001E-003   0.0000000000000000        0.0000000000000000        0.0000000000000000     
   395.00000000000000       0.99693767000000000       -3.0604350799999999E-003   0.0000000000000000        0.0000000000000000        0.0000000000000000     
   396.00000000000000       0.99695756000000002       -3.0417904799999998E-003   0.0000000000000000        0.0000000000000000        0.0000000000000000     
   397.00000000000000       0.99697745000000004       -3.0233481500000002E-003   0.0000000000000000        0.0000000000000000        0.0000000000000000     
   398.00000000000000       0.99699408000000012       -3.0050451599999998E-003   0.0000000000000000        0.0000000000000000        0.0000000000000000     
   399.00000000000006       0.99701397000000003       -2.9868781400000004E-003   0.0000000000000000        0.0000000000000000        0.0000000000000000     
   400.00000000000000       0.99703385999999994       -2.9688538300000002E-003   0.0000000000000000        0.0000000000000000        0.0000000000000000     
   401.00000000000000       0.99704711999999995       -2.9509688600000000E-003   0.0000000000000000        0.0000000000000000        0.0000000000000000     
   402.00000000000000       0.99707038000000003       -2.9332232299999999E-003   0.0000000000000000        0.0000000000000000        0.0000000000000000     
   403.00000000000000       0.99708364000000005       -2.9156135699999999E-003   0.0000000000000000        0.0000000000000000        0.0000000000000000     
   404.00000000000000       0.99710353000000007       -2.8981466200000000E-003   0.0000000000000000        0.0000000000000000        0.0000000000000000     
   405.00000000000000       0.99711679000000009       -2.8808156400000002E-003   0.0000000000000000        0.0000000000000000        0.0000000000000000     
   406.00000000000000       0.99714005000000006       -2.8636240000000004E-003   0.0000000000000000        0.0000000000000000        0.0000000000000000     
   407.00000000000000       0.99715331000000007       -2.8465717000000002E-003   0.0000000000000000        0.0000000000000000        0.0000000000000000     
   408.00000000000000       0.99717319999999998       -2.8296553700000006E-003   0.0000000000000000        0.0000000000000000        0.0000000000000000     
   409.00000000000000       0.99718646000000000       -2.8128817500000006E-003   0.0000000000000000        0.0000000000000000        0.0000000000000000     
   410.00000000000006       0.99719972000000001       -2.7962441000000003E-003   0.0000000000000000        0.0000000000000000        0.0000000000000000     
   411.00000000000000       0.99722298000000009       -2.7796794900000000E-003   0.0000000000000000        0.0000000000000000        0.0000000000000000     
   412.00000000000000       0.99723624000000000       -2.7632508500000002E-003   0.0000000000000000        0.0000000000000000        0.0000000000000000     
   413.00000000000000       0.99724950000000001       -2.7469649200000000E-003   0.0000000000000000        0.0000000000000000        0.0000000000000000     
   414.00000000000000       0.99726939000000003       -2.7308149600000003E-003   0.0000000000000000        0.0000000000000000        0.0000000000000000     
   415.00000000000006       0.99728602000000000       -2.7148009700000003E-003   0.0000000000000000        0.0000000000000000        0.0000000000000000     
   416.00000000000000       0.99729928000000001       -2.6988600199999999E-003   0.0000000000000000        0.0000000000000000        0.0000000000000000     
   417.00000000000000       0.99731917000000014       -2.6830584100000000E-003   0.0000000000000000        0.0000000000000000        0.0000000000000000     
   418.00000000000000       0.99733243000000016       -2.6673961400000001E-003   0.0000000000000000        0.0000000000000000        0.0000000000000000     
   419.00000000000000       0.99734569000000017       -2.6518698400000004E-003   0.0000000000000000        0.0000000000000000        0.0000000000000000     
   420.00000000000006       0.99736232000000002       -2.6364165800000002E-003   0.0000000000000000        0.0000000000000000        0.0000000000000000     
   421.00000000000000       0.99738221000000005       -2.6210992900000001E-003   0.0000000000000000        0.0000000000000000        0.0000000000000000     
   422.00000000000000       0.99739547000000006       -2.6058550400000001E-003   0.0000000000000000        0.0000000000000000        0.0000000000000000     
   423.00000000000000       0.99740873000000008       -2.5907467600000001E-003   0.0000000000000000        0.0000000000000000        0.0000000000000000     
   424.00000000000000       0.99742536000000004       -2.5757778200000002E-003   0.0000000000000000        0.0000000000000000        0.0000000000000000     
   425.00000000000006       0.99743862000000005       -2.5608785499999999E-003   0.0000000000000000        0.0000000000000000        0.0000000000000000     
   426.00000000000000       0.99745188000000007       -2.5461186200000006E-003   0.0000000000000000        0.0000000000000000        0.0000000000000000     
   427.00000000000000       0.99746514000000008       -2.5314946600000000E-003   0.0000000000000000        0.0000000000000000        0.0000000000000000     
   428.00000000000000       0.99748502999999999       -2.5169437400000003E-003   0.0000000000000000        0.0000000000000000        0.0000000000000000     
   429.00000000000000       0.99750166000000007       -2.5025287900000003E-003   0.0000000000000000        0.0000000000000000        0.0000000000000000     
   430.00000000000000       0.99751492000000008       -2.4881868800000003E-003   0.0000000000000000        0.0000000000000000        0.0000000000000000     
   431.00000000000006       0.99752818000000010       -2.4739146399999998E-003   0.0000000000000000        0.0000000000000000        0.0000000000000000     
   432.00000000000000       0.99754144000000011       -2.4597817399999999E-003   0.0000000000000000        0.0000000000000000        0.0000000000000000     
   433.00000000000000       0.99755470000000013       -2.4457848099999997E-003   0.0000000000000000        0.0000000000000000        0.0000000000000000     
   434.00000000000000       0.99757132999999998       -2.4318575499999999E-003   0.0000000000000000        0.0000000000000000        0.0000000000000000     
   435.00000000000000       0.99758458999999999       -2.4180696300000002E-003   0.0000000000000000        0.0000000000000000        0.0000000000000000     
   436.00000000000006       0.99759785000000001       -2.4043513800000001E-003   0.0000000000000000        0.0000000000000000        0.0000000000000000     
   437.00000000000000       0.99761111000000002       -2.3907028000000000E-003   0.0000000000000000        0.0000000000000000        0.0000000000000000     
   438.00000000000000       0.99762437000000004       -2.3771935600000000E-003   0.0000000000000000        0.0000000000000000        0.0000000000000000     
   439.00000000000000       0.99764100000000011       -2.3637539900000001E-003   0.0000000000000000        0.0000000000000000        0.0000000000000000     
   440.00000000000000       0.99764763000000001       -2.3503874599999997E-003   0.0000000000000000        0.0000000000000000        0.0000000000000000     
   441.00000000000006       0.99766089000000002       -2.3371535300000003E-003   0.0000000000000000        0.0000000000000000        0.0000000000000000     
   442.00000000000000       0.99767415000000004       -2.3240589400000005E-003   0.0000000000000000        0.0000000000000000        0.0000000000000000     
   443.00000000000000       0.99768741000000005       -2.3109710899999998E-003   0.0000000000000000        0.0000000000000000        0.0000000000000000     
   444.00000000000000       0.99770404000000001       -2.2980158400000002E-003   0.0000000000000000        0.0000000000000000        0.0000000000000000     
   445.00000000000000       0.99771730000000003       -2.2851999300000001E-003   0.0000000000000000        0.0000000000000000        0.0000000000000000     
   446.00000000000006       0.99773056000000004       -2.2723873900000000E-003   0.0000000000000000        0.0000000000000000        0.0000000000000000     
   447.00000000000000       0.99773719000000005       -2.2597108200000000E-003   0.0000000000000000        0.0000000000000000        0.0000000000000000     
   448.00000000000000       0.99775044999999996       -2.2471072900000001E-003   0.0000000000000000        0.0000000000000000        0.0000000000000000     
   449.00000000000000       0.99776370999999997       -2.2345734300000001E-003   0.0000000000000000        0.0000000000000000        0.0000000000000000     
   450.00000000000000       0.99778034000000004       -2.2221721700000003E-003   0.0000000000000000        0.0000000000000000        0.0000000000000000     
   451.00000000000006       0.99779360000000006       -2.2098473200000000E-003   0.0000000000000000        0.0000000000000000        0.0000000000000000     
   452.00000000000000       0.99780023000000007       -2.1975887700000003E-003   0.0000000000000000        0.0000000000000000        0.0000000000000000     
   453.00000000000000       0.99781349000000008       -2.1854661900000002E-003   0.0000000000000000        0.0000000000000000        0.0000000000000000     
   454.00000000000000       0.99782675000000010       -2.1733503500000000E-003   0.0000000000000000        0.0000000000000000        0.0000000000000000     
   455.00000000000000       0.99784001000000011       -2.1613704799999999E-003   0.0000000000000000        0.0000000000000000        0.0000000000000000     
   456.00000000000000       0.99785001000000006       -2.1494569099999999E-003   0.0000000000000000        0.0000000000000000        0.0000000000000000     
   457.00000000000006       0.99786327000000008       -2.1376163800000000E-003   0.0000000000000000        0.0000000000000000        0.0000000000000000     
   458.00000000000000       0.99787653000000009       -2.1258488900000000E-003   0.0000000000000000        0.0000000000000000        0.0000000000000000     
   459.00000000000000       0.99788315999999999       -2.1142140000000005E-003   0.0000000000000000        0.0000000000000000        0.0000000000000000     
   460.00000000000000       0.99789642000000001       -2.1025824800000002E-003   0.0000000000000000        0.0000000000000000        0.0000000000000000     
   461.00000000000000       0.99790968000000002       -2.0910903000000000E-003   0.0000000000000000        0.0000000000000000        0.0000000000000000     
   462.00000000000006       0.99791968000000009       -2.0796644200000002E-003   0.0000000000000000        0.0000000000000000        0.0000000000000000     
   463.00000000000000       0.99793294000000010       -2.0683115800000000E-003   0.0000000000000000        0.0000000000000000        0.0000000000000000     
   464.00000000000000       0.99794620000000012       -2.0570250399999999E-003   0.0000000000000000        0.0000000000000000        0.0000000000000000     
   465.00000000000000       0.99795283000000001       -2.0458115400000003E-003   0.0000000000000000        0.0000000000000000        0.0000000000000000     
   466.00000000000000       0.99796609000000003       -2.0347340100000002E-003   0.0000000000000000        0.0000000000000000        0.0000000000000000     
   467.00000000000006       0.99797272000000015       -2.0236598500000002E-003   0.0000000000000000        0.0000000000000000        0.0000000000000000     
   468.00000000000000       0.99798935000000011       -2.0126519900000002E-003   0.0000000000000000        0.0000000000000000        0.0000000000000000     
   469.00000000000000       0.99799598000000000       -2.0017834699999999E-003   0.0000000000000000        0.0000000000000000        0.0000000000000000     
   470.00000000000000       0.99800924000000002       -1.9909183200000004E-003   0.0000000000000000        0.0000000000000000        0.0000000000000000     
   471.00000000000000       0.99802250000000003       -1.9801891400000001E-003   0.0000000000000000        0.0000000000000000        0.0000000000000000     
   472.00000000000006       0.99802913000000015       -1.9694633300000003E-003   0.0000000000000000        0.0000000000000000        0.0000000000000000     
   473.00000000000000       0.99804239000000017       -1.9588701200000001E-003   0.0000000000000000        0.0000000000000000        0.0000000000000000     
   474.00000000000000       0.99805239000000001       -1.9483499500000002E-003   0.0000000000000000        0.0000000000000000        0.0000000000000000     
   475.00000000000000       0.99806565000000003       -1.9378331500000000E-003   0.0000000000000000        0.0000000000000000        0.0000000000000000     
   476.00000000000000       0.99807227999999992       -1.9274523200000001E-003   0.0000000000000000        0.0000000000000000        0.0000000000000000     
   477.00000000000006       0.99808553999999994       -1.9171377900000003E-003   0.0000000000000000        0.0000000000000000        0.0000000000000000     
   478.00000000000006       0.99809217000000006       -1.9068300000000002E-003   0.0000000000000000        0.0000000000000000        0.0000000000000000     
   479.00000000000000       0.99810543000000007       -1.8966548100000000E-003   0.0000000000000000        0.0000000000000000        0.0000000000000000     
   480.00000000000000       0.99811205999999997       -1.8864863600000000E-003   0.0000000000000000        0.0000000000000000        0.0000000000000000     
   481.00000000000000       0.99812206000000003       -1.8764505100000001E-003   0.0000000000000000        0.0000000000000000        0.0000000000000000     
   482.00000000000000       0.99813532000000005       -1.8664214000000002E-003   0.0000000000000000        0.0000000000000000        0.0000000000000000     
   483.00000000000006       0.99814195000000017       -1.8564585900000003E-003   0.0000000000000000        0.0000000000000000        0.0000000000000000     
   484.00000000000000       0.99815521000000018       -1.8466317500000001E-003   0.0000000000000000        0.0000000000000000        0.0000000000000000     
   485.00000000000000       0.99816184000000008       -1.8368082800000001E-003   0.0000000000000000        0.0000000000000000        0.0000000000000000     
   486.00000000000000       0.99817510000000009       -1.8270544800000001E-003   0.0000000000000000        0.0000000000000000        0.0000000000000000     
   487.00000000000000       0.99818173000000021       -1.8173669800000002E-003   0.0000000000000000        0.0000000000000000        0.0000000000000000     
   488.00000000000006       0.99819173000000005       -1.8077525200000002E-003   0.0000000000000000        0.0000000000000000        0.0000000000000000     
   489.00000000000000       0.99820499000000007       -1.7981380600000001E-003   0.0000000000000000        0.0000000000000000        0.0000000000000000     
   490.00000000000000       0.99821161999999997       -1.7886629400000000E-003   0.0000000000000000        0.0000000000000000        0.0000000000000000     
   491.00000000000000       0.99821825000000008       -1.7792541199999998E-003   0.0000000000000000        0.0000000000000000        0.0000000000000000     
   492.00000000000000       0.99823151000000010       -1.7698486700000002E-003   0.0000000000000000        0.0000000000000000        0.0000000000000000     
   493.00000000000006       0.99823814000000000       -1.7605128900000000E-003   0.0000000000000000        0.0000000000000000        0.0000000000000000     
   494.00000000000000       0.99824477000000011       -1.7512434100000001E-003   0.0000000000000000        0.0000000000000000        0.0000000000000000     
   495.00000000000000       0.99825802999999991       -1.7420469700000002E-003   0.0000000000000000        0.0000000000000000        0.0000000000000000     
   496.00000000000000       0.99826803000000019       -1.7329168300000001E-003   0.0000000000000000        0.0000000000000000        0.0000000000000000     
   497.00000000000000       0.99827466000000009       -1.7238563600000000E-003   0.0000000000000000        0.0000000000000000        0.0000000000000000     
   498.00000000000006       0.99828792000000011       -1.7147992600000002E-003   0.0000000000000000        0.0000000000000000        0.0000000000000000     
   499.00000000000000       0.99829455000000000       -1.7058118299999999E-003   0.0000000000000000        0.0000000000000000        0.0000000000000000     
   500.00000000000000       0.99830118000000012       -1.6968907000000000E-003   0.0000000000000000        0.0000000000000000        0.0000000000000000     
   501.00000000000000       0.99830781000000002       -1.6880392400000000E-003   0.0000000000000000        0.0000000000000000        0.0000000000000000     
   502.00000000000000       0.99832107000000003       -1.6792574500000001E-003   0.0000000000000000        0.0000000000000000        0.0000000000000000     
   503.00000000000006       0.99833107000000010       -1.6704790300000002E-003   0.0000000000000000        0.0000000000000000        0.0000000000000000     
   504.00000000000006       0.99833769999999999       -1.6618365800000002E-003   0.0000000000000000        0.0000000000000000        0.0000000000000000     
   505.00000000000000       0.99835096000000001       -1.6531941300000001E-003   0.0000000000000000        0.0000000000000000        0.0000000000000000     
   506.00000000000000       0.99835759000000013       -1.6445550500000000E-003   0.0000000000000000        0.0000000000000000        0.0000000000000000     
   507.00000000000000       0.99836422000000002       -1.6360519399999998E-003   0.0000000000000000        0.0000000000000000        0.0000000000000000     
   508.00000000000000       0.99837085000000014       -1.6275488300000001E-003   0.0000000000000000        0.0000000000000000        0.0000000000000000     
   509.00000000000006       0.99837748000000004       -1.6191153900000004E-003   0.0000000000000000        0.0000000000000000        0.0000000000000000     
   510.00000000000000       0.99839074000000005       -1.6107516199999998E-003   0.0000000000000000        0.0000000000000000        0.0000000000000000     
   511.00000000000000       0.99839737000000017       -1.6024575200000001E-003   0.0000000000000000        0.0000000000000000        0.0000000000000000     
   512.00000000000000       0.99840737000000002       -1.5941667900000000E-003   0.0000000000000000        0.0000000000000000        0.0000000000000000     
   513.00000000000000       0.99841400000000002       -1.5859423600000002E-003   0.0000000000000000        0.0000000000000000        0.0000000000000000     
   514.00000000000000       0.99842063000000003       -1.5777876000000002E-003   0.0000000000000000        0.0000000000000000        0.0000000000000000     
   515.00000000000000       0.99842726000000004       -1.5696328400000000E-003   0.0000000000000000        0.0000000000000000        0.0000000000000000     
   516.00000000000000       0.99844052000000005       -1.5615477500000002E-003   0.0000000000000000        0.0000000000000000        0.0000000000000000     
   517.00000000000000       0.99844715000000006       -1.5535323300000002E-003   0.0000000000000000        0.0000000000000000        0.0000000000000000     
   518.00000000000000       0.99845378000000007       -1.5455865800000001E-003   0.0000000000000000        0.0000000000000000        0.0000000000000000     
   519.00000000000000       0.99846041000000008       -1.5376408300000000E-003   0.0000000000000000        0.0000000000000000        0.0000000000000000     
   520.00000000000000       0.99847041000000014       -1.5297647500000001E-003   0.0000000000000000        0.0000000000000000        0.0000000000000000     
   521.00000000000000       0.99847704000000004       -1.5219583400000003E-003   0.0000000000000000        0.0000000000000000        0.0000000000000000     
   522.00000000000000       0.99848366999999993       -1.5141519299999998E-003   0.0000000000000000        0.0000000000000000        0.0000000000000000     
   523.00000000000000       0.99849692999999995       -1.5064151900000000E-003   0.0000000000000000        0.0000000000000000        0.0000000000000000     
   524.00000000000000       0.99850356000000007       -1.4986784500000000E-003   0.0000000000000000        0.0000000000000000        0.0000000000000000     
   525.00000000000000       0.99851018999999996       -1.4910810500000000E-003   0.0000000000000000        0.0000000000000000        0.0000000000000000     
   526.00000000000000       0.99851682000000008       -1.4834836500000001E-003   0.0000000000000000        0.0000000000000000        0.0000000000000000     
   527.00000000000000       0.99852344999999998       -1.4758862500000003E-003   0.0000000000000000        0.0000000000000000        0.0000000000000000     
   528.00000000000000       0.99853008000000010       -1.4684248200000001E-003   0.0000000000000000        0.0000000000000000        0.0000000000000000     
   529.00000000000000       0.99854008000000005       -1.4609667600000000E-003   0.0000000000000000        0.0000000000000000        0.0000000000000000     
   530.00000000000000       0.99854671000000006       -1.4535087000000001E-003   0.0000000000000000        0.0000000000000000        0.0000000000000000     
   531.00000000000000       0.99855334000000007       -1.4461203100000000E-003   0.0000000000000000        0.0000000000000000        0.0000000000000000     
   532.00000000000000       0.99855997000000007       -1.4388015900000000E-003   0.0000000000000000        0.0000000000000000        0.0000000000000000     
   533.00000000000000       0.99856659999999997       -1.4314828700000000E-003   0.0000000000000000        0.0000000000000000        0.0000000000000000     
   534.00000000000000       0.99857323000000009       -1.4242338200000002E-003   0.0000000000000000        0.0000000000000000        0.0000000000000000     
   535.00000000000000       0.99857985999999999       -1.4170510700000001E-003   0.0000000000000000        0.0000000000000000        0.0000000000000000     
   536.00000000000000       0.99858649000000010       -1.4098716900000001E-003   0.0000000000000000        0.0000000000000000        0.0000000000000000     
   537.00000000000000       0.99859312000000000       -1.4027619800000000E-003   0.0000000000000000        0.0000000000000000        0.0000000000000000     
   538.00000000000000       0.99859975000000001       -1.3957185700000001E-003   0.0000000000000000        0.0000000000000000        0.0000000000000000     
   539.00000000000000       0.99860974999999996       -1.3886785300000000E-003   0.0000000000000000        0.0000000000000000        0.0000000000000000     
   540.00000000000000       0.99861638000000008       -1.3816384900000001E-003   0.0000000000000000        0.0000000000000000        0.0000000000000000     
   541.00000000000000       0.99862300999999998       -1.3747344200000003E-003   0.0000000000000000        0.0000000000000000        0.0000000000000000     
   542.00000000000000       0.99862964000000010       -1.3677674200000003E-003   0.0000000000000000        0.0000000000000000        0.0000000000000000     
   543.00000000000000       0.99863626999999999       -1.3609330200000003E-003   0.0000000000000000        0.0000000000000000        0.0000000000000000     
   544.00000000000000       0.99864290000000011       -1.3541019900000001E-003   0.0000000000000000        0.0000000000000000        0.0000000000000000     
   545.00000000000000       0.99864953000000001       -1.3472709600000001E-003   0.0000000000000000        0.0000000000000000        0.0000000000000000     
   546.00000000000000       0.99865616000000013       -1.3405096000000001E-003   0.0000000000000000        0.0000000000000000        0.0000000000000000     
   547.00000000000000       0.99866279000000002       -1.3338145400000000E-003   0.0000000000000000        0.0000000000000000        0.0000000000000000     
   548.00000000000000       0.99866942000000014       -1.3271228499999999E-003   0.0000000000000000        0.0000000000000000        0.0000000000000000     
   549.00000000000000       0.99867942000000010       -1.3204974600000002E-003   0.0000000000000000        0.0000000000000000        0.0000000000000000     
   550.00000000000000       0.99868604999999999       -1.3138754400000001E-003   0.0000000000000000        0.0000000000000000        0.0000000000000000     
