   1.0000000000000000        1.3955795000000000E-002 -0.98604588999999998        0.0000000000000000        0.0000000000000000        0.0000000000000000     
   2.0000000000000000       0.14247730000000000      -0.85752270000000008        0.0000000000000000        0.0000000000000000        0.0000000000000000     
   3.0000000000000000       0.28142405000000004      -0.71857594999999996        0.0000000000000000        0.0000000000000000        0.0000000000000000     
   4.0000000000000000       0.38593305000000000      -0.61406695000000000        0.0000000000000000        0.0000000000000000        0.0000000000000000     
   5.0000000000000000       0.46233869999999999      -0.53766130000000001        0.0000000000000000        0.0000000000000000        0.0000000000000000     
   6.0000000000000000       0.51939020000000002      -0.48060980000000009        0.0000000000000000        0.0000000000000000        0.0000000000000000     
   7.0000000000000000       0.56341682000000004      -0.43658318000000007        0.0000000000000000        0.0000000000000000        0.0000000000000000     
   8.0000000000000000       0.59825468000000004      -0.40174531999999996        0.0000000000000000        0.0000000000000000        0.0000000000000000     
   9.0000000000000000       0.62645868999999998      -0.37354131000000002        0.0000000000000000        0.0000000000000000        0.0000000000000000     
   10.000000000000000       0.64975647000000003      -0.35024353000000003        0.0000000000000000        0.0000000000000000        0.0000000000000000     
   11.000000000000000       0.66931879000000005      -0.33068121000000000        0.0000000000000000        0.0000000000000000        0.0000000000000000     
   12.000000000000000       0.68599608999999995      -0.31400391000000000        0.0000000000000000        0.0000000000000000        0.0000000000000000     
   13.000000000000000       0.70036881000000006      -0.29963118999999999        0.0000000000000000        0.0000000000000000        0.0000000000000000     
   14.000000000000000       0.71293043000000011      -0.28706957000000000        0.0000000000000000        0.0000000000000000        0.0000000000000000     
   15.000000000000000       0.72399791000000002      -0.27600208999999998        0.0000000000000000        0.0000000000000000        0.0000000000000000     
   16.000000000000000       0.73383799000000005      -0.26616201000000006        0.0000000000000000        0.0000000000000000        0.0000000000000000     
   17.000000000000000       0.74266415000000008      -0.25733584999999998        0.0000000000000000        0.0000000000000000        0.0000000000000000     
   18.000000000000000       0.75062650000000009      -0.24937350000000000        0.0000000000000000        0.0000000000000000        0.0000000000000000     
   19.000000000000000       0.75786178000000004      -0.24213822000000002        0.0000000000000000        0.0000000000000000        0.0000000000000000     
   20.000000000000000       0.76447999000000000      -0.23552001000000000        0.0000000000000000        0.0000000000000000        0.0000000000000000     
   21.000000000000000       0.77055461000000003      -0.22944539000000003        0.0000000000000000        0.0000000000000000        0.0000000000000000     
   22.000000000000000       0.77617227000000000      -0.22382773000000000        0.0000000000000000        0.0000000000000000        0.0000000000000000     
   23.000000000000000       0.78138297000000001      -0.21861702999999999        0.0000000000000000        0.0000000000000000        0.0000000000000000     
   24.000000000000000       0.78624344999999995      -0.21375654999999999        0.0000000000000000        0.0000000000000000        0.0000000000000000     
   25.000000000000000       0.79078708000000009      -0.20921292000000002        0.0000000000000000        0.0000000000000000        0.0000000000000000     
   26.000000000000000       0.79505386000000011      -0.20494614000000000        0.0000000000000000        0.0000000000000000        0.0000000000000000     
   27.000000000000000       0.79908042000000012      -0.20091957999999999        0.0000000000000000        0.0000000000000000        0.0000000000000000     
   28.000000000000000       0.80288013000000003      -0.19711987000000000        0.0000000000000000        0.0000000000000000        0.0000000000000000     
   29.000000000000000       0.80649298999999997      -0.19350701000000001        0.0000000000000000        0.0000000000000000        0.0000000000000000     
   30.000000000000000       0.80992237000000000      -0.19007695599999999        0.0000000000000000        0.0000000000000000        0.0000000000000000     
   31.000000000000000       0.81318827000000016      -0.18681071900000001        0.0000000000000000        0.0000000000000000        0.0000000000000000     
   32.000000000000000       0.81631732000000001      -0.18368267999999999        0.0000000000000000        0.0000000000000000        0.0000000000000000     
   33.000000000000000       0.81931289000000018      -0.18068845800000000        0.0000000000000000        0.0000000000000000        0.0000000000000000     
   34.000000000000000       0.82218161000000001      -0.17781704200000004        0.0000000000000000        0.0000000000000000        0.0000000000000000     
   35.000000000000000       0.82494022000000000      -0.17505910600000002        0.0000000000000000        0.0000000000000000        0.0000000000000000     
   36.000000000000000       0.82760198000000007      -0.17239768300000000        0.0000000000000000        0.0000000000000000        0.0000000000000000     
   37.000000000000000       0.83017026000000005      -0.16983007700000000        0.0000000000000000        0.0000000000000000        0.0000000000000000     
   38.000000000000000       0.83265169000000006      -0.16734797300000001        0.0000000000000000        0.0000000000000000        0.0000000000000000     
   39.000000000000000       0.83505300999999998      -0.16494833800000003        0.0000000000000000        0.0000000000000000        0.0000000000000000     
   40.000000000000000       0.83737748000000001      -0.16262319400000003        0.0000000000000000        0.0000000000000000        0.0000000000000000     
   41.000000000000000       0.83963510000000019      -0.16036388900000001        0.0000000000000000        0.0000000000000000        0.0000000000000000     
   42.000000000000000       0.84182924000000003      -0.15816907500000002        0.0000000000000000        0.0000000000000000        0.0000000000000000     
   43.000000000000000       0.84396327000000004      -0.15603740399999999        0.0000000000000000        0.0000000000000000        0.0000000000000000     
   44.000000000000000       0.84604045000000005      -0.15396056100000000        0.0000000000000000        0.0000000000000000        0.0000000000000000     
   45.000000000000000       0.84806077999999996      -0.15193753500000001        0.0000000000000000        0.0000000000000000        0.0000000000000000     
   46.000000000000000       0.85003763000000010      -0.14996068500000001        0.0000000000000000        0.0000000000000000        0.0000000000000000     
   47.000000000000000       0.85196437000000003      -0.14803596699999999        0.0000000000000000        0.0000000000000000        0.0000000000000000     
   48.000000000000000       0.85384426000000013      -0.14615506600000003        0.0000000000000000        0.0000000000000000        0.0000000000000000     
   49.000000000000000       0.85568404000000009      -0.14431764500000002        0.0000000000000000        0.0000000000000000        0.0000000000000000     
   50.000000000000000       0.85748360000000001      -0.14251572600000001        0.0000000000000000        0.0000000000000000        0.0000000000000000     
   51.000000000000000       0.85924305000000001      -0.14075593900000002        0.0000000000000000        0.0000000000000000        0.0000000000000000     
   52.000000000000000       0.86096901999999997      -0.13902996900000000        0.0000000000000000        0.0000000000000000        0.0000000000000000     
   53.000000000000000       0.86266151000000002      -0.13733781600000000        0.0000000000000000        0.0000000000000000        0.0000000000000000     
   54.000000000000000       0.86432052000000015      -0.13567880599999999        0.0000000000000000        0.0000000000000000        0.0000000000000000     
   55.000000000000000       0.86595605000000009      -0.13404496099999999        0.0000000000000000        0.0000000000000000        0.0000000000000000     
   56.000000000000000       0.86755147000000010      -0.13244954100000000        0.0000000000000000        0.0000000000000000        0.0000000000000000     
   57.000000000000000       0.86912341000000004      -0.13087827500000002        0.0000000000000000        0.0000000000000000        0.0000000000000000     
   58.000000000000000       0.87066187000000006      -0.12933745600000002        0.0000000000000000        0.0000000000000000        0.0000000000000000     
   59.000000000000007       0.87218022000000017      -0.12781978000000002        0.0000000000000000        0.0000000000000000        0.0000000000000000     
   60.000000000000000       0.87367509000000010      -0.12632457300000000        0.0000000000000000        0.0000000000000000        0.0000000000000000     
   61.000000000000007       0.87514322000000000      -0.12485812800000001        0.0000000000000000        0.0000000000000000        0.0000000000000000     
   62.000000000000000       0.87659449999999994      -0.12340617400000001        0.0000000000000000        0.0000000000000000        0.0000000000000000     
   63.000000000000007       0.87801904000000008      -0.12198230800000001        0.0000000000000000        0.0000000000000000        0.0000000000000000     
   64.000000000000000       0.87942009999999993      -0.12057855200000001        0.0000000000000000        0.0000000000000000        0.0000000000000000     
   65.000000000000000       0.88080442000000003      -0.11919490600000002        0.0000000000000000        0.0000000000000000        0.0000000000000000     
   66.000000000000000       0.88216863000000001      -0.11783069600000001        0.0000000000000000        0.0000000000000000        0.0000000000000000     
   67.000000000000000       0.88350947000000013      -0.11649187800000002        0.0000000000000000        0.0000000000000000        0.0000000000000000     
   68.000000000000000       0.88483346000000007      -0.11516519200000001        0.0000000000000000        0.0000000000000000        0.0000000000000000     
   69.000000000000000       0.88615071000000001      -0.11384962700000001        0.0000000000000000        0.0000000000000000        0.0000000000000000     
   70.000000000000000       0.88744122000000003      -0.11255844300000001        0.0000000000000000        0.0000000000000000        0.0000000000000000     
   71.000000000000000       0.88871499000000009      -0.11128433600000000        0.0000000000000000        0.0000000000000000        0.0000000000000000     
   72.000000000000000       0.88997864999999998      -0.11002067600000001        0.0000000000000000        0.0000000000000000        0.0000000000000000     
   73.000000000000000       0.89121894000000013      -0.10877971200000000        0.0000000000000000        0.0000000000000000        0.0000000000000000     
   74.000000000000000       0.89245249000000004      -0.10754818400000001        0.0000000000000000        0.0000000000000000        0.0000000000000000     
   75.000000000000000       0.89366930000000000      -0.10633238499999999        0.0000000000000000        0.0000000000000000        0.0000000000000000     
   76.000000000000000       0.89487600000000012      -0.10512467400000000        0.0000000000000000        0.0000000000000000        0.0000000000000000     
   77.000000000000000       0.89606270000000010      -0.10393898500000001        0.0000000000000000        0.0000000000000000        0.0000000000000000     
   78.000000000000000       0.89723929000000013      -0.10276071000000001        0.0000000000000000        0.0000000000000000        0.0000000000000000     
   79.000000000000000       0.89840250999999993      -0.10159715300000002        0.0000000000000000        0.0000000000000000        0.0000000000000000     
   80.000000000000000       0.89955236000000005      -0.10044696600000001        0.0000000000000000        0.0000000000000000        0.0000000000000000     
   81.000000000000000       0.90069547000000005       -9.9303856000000024E-002   0.0000000000000000        0.0000000000000000        0.0000000000000000     
   82.000000000000000       0.90181858000000004       -9.8180745999999999E-002   0.0000000000000000        0.0000000000000000        0.0000000000000000     
   83.000000000000000       0.90293495000000012       -9.7063702000000002E-002   0.0000000000000000        0.0000000000000000        0.0000000000000000     
   84.000000000000000       0.90404132000000015       -9.5959354000000011E-002   0.0000000000000000        0.0000000000000000        0.0000000000000000     
   85.000000000000000       0.90513758000000011       -9.4860735000000002E-002   0.0000000000000000        0.0000000000000000        0.0000000000000000     
   86.000000000000000       0.90621721000000000       -9.3781105000000003E-002   0.0000000000000000        0.0000000000000000        0.0000000000000000     
   87.000000000000000       0.90729347000000005       -9.2706529999999995E-002   0.0000000000000000        0.0000000000000000        0.0000000000000000     
   88.000000000000000       0.90835635999999997       -9.1643977000000015E-002   0.0000000000000000        0.0000000000000000        0.0000000000000000     
   89.000000000000000       0.90940588000000000       -9.0592434999999999E-002   0.0000000000000000        0.0000000000000000        0.0000000000000000     
   90.000000000000000       0.91045540000000003       -8.9545610999999997E-002   0.0000000000000000        0.0000000000000000        0.0000000000000000     
   91.000000000000000       0.91148492000000003       -8.8516428000000008E-002   0.0000000000000000        0.0000000000000000        0.0000000000000000     
   92.000000000000000       0.91250770000000003       -8.7491626000000003E-002   0.0000000000000000        0.0000000000000000        0.0000000000000000     
   93.000000000000000       0.91352385000000003       -8.6477160999999997E-002   0.0000000000000000        0.0000000000000000        0.0000000000000000     
   94.000000000000000       0.91452663000000012       -8.5473370000000007E-002   0.0000000000000000        0.0000000000000000        0.0000000000000000     
   95.000000000000000       0.91551941000000014       -8.4479578999999999E-002   0.0000000000000000        0.0000000000000000        0.0000000000000000     
   96.000000000000000       0.91650882000000011       -8.3489495000000011E-002   0.0000000000000000        0.0000000000000000        0.0000000000000000     
   97.000000000000000       0.91748497000000007       -8.2516040999999998E-002   0.0000000000000000        0.0000000000000000        0.0000000000000000     
   98.000000000000000       0.91845438000000001       -8.1545620000000013E-002   0.0000000000000000        0.0000000000000000        0.0000000000000000     
   99.000000000000000       0.91941379000000012       -8.0584862000000007E-002   0.0000000000000000        0.0000000000000000        0.0000000000000000     
   100.00000000000000       0.92036657000000011       -7.9633767000000008E-002   0.0000000000000000        0.0000000000000000        0.0000000000000000     
   101.00000000000000       0.92130935000000003       -7.8691998000000013E-002   0.0000000000000000        0.0000000000000000        0.0000000000000000     
   102.00000000000000       0.92224213000000010       -7.7759554999999994E-002   0.0000000000000000        0.0000000000000000        0.0000000000000000     
   103.00000000000000       0.92316491000000012       -7.6836101000000004E-002   0.0000000000000000        0.0000000000000000        0.0000000000000000     
   104.00000000000000       0.92407769000000006       -7.5921636000000001E-002   0.0000000000000000        0.0000000000000000        0.0000000000000000     
   105.00000000000001       0.92499047000000001       -7.5009833300000009E-002   0.0000000000000000        0.0000000000000000        0.0000000000000000     
   106.00000000000000       0.92588661999999999       -7.4113346300000008E-002   0.0000000000000000        0.0000000000000000        0.0000000000000000     
   107.00000000000000       0.92677277000000002       -7.3225646100000000E-002   0.0000000000000000        0.0000000000000000        0.0000000000000000     
   108.00000000000000       0.92765892000000005       -7.2339967899999996E-002   0.0000000000000000        0.0000000000000000        0.0000000000000000     
   109.00000000000001       0.92853181000000018       -7.1469504300000000E-002   0.0000000000000000        0.0000000000000000        0.0000000000000000     
   110.00000000000000       0.92939795999999997       -7.0600894200000014E-002   0.0000000000000000        0.0000000000000000        0.0000000000000000     
   111.00000000000000       0.93026085000000014       -6.9740733900000004E-002   0.0000000000000000        0.0000000000000000        0.0000000000000000     
   112.00000000000000       0.93110373999999996       -6.8894889300000012E-002   0.0000000000000000        0.0000000000000000        0.0000000000000000     
   113.00000000000000       0.93194663000000000       -6.8054010999999998E-002   0.0000000000000000        0.0000000000000000        0.0000000000000000     
   114.00000000000000       0.93277626000000002       -6.7222009600000007E-002   0.0000000000000000        0.0000000000000000        0.0000000000000000     
   115.00000000000000       0.93360251999999999       -6.6397491700000005E-002   0.0000000000000000        0.0000000000000000        0.0000000000000000     
   116.00000000000000       0.93441552000000005       -6.5581715900000004E-002   0.0000000000000000        0.0000000000000000        0.0000000000000000     
   117.00000000000000       0.93522852000000012       -6.4773356200000007E-002   0.0000000000000000        0.0000000000000000        0.0000000000000000     
   118.00000000000001       0.93602489000000011       -6.3973603800000001E-002   0.0000000000000000        0.0000000000000000        0.0000000000000000     
   119.00000000000000       0.93681789000000004       -6.3182458699999999E-002   0.0000000000000000        0.0000000000000000        0.0000000000000000     
   120.00000000000000       0.93760100000000013       -6.2398527500000009E-002   0.0000000000000000        0.0000000000000000        0.0000000000000000     
   121.00000000000000       0.93837736999999999       -6.1623102499999999E-002   0.0000000000000000        0.0000000000000000        0.0000000000000000     
   122.00000000000001       0.93914385000000000       -6.0856116299999999E-002   0.0000000000000000        0.0000000000000000        0.0000000000000000     
   123.00000000000000       0.93990032999999995       -6.0096905899999997E-002   0.0000000000000000        0.0000000000000000        0.0000000000000000     
   124.00000000000000       0.94065681000000001       -5.9346033199999995E-002   0.0000000000000000        0.0000000000000000        0.0000000000000000     
   125.00000000000000       0.94140003000000005       -5.8602835200000002E-002   0.0000000000000000        0.0000000000000000        0.0000000000000000     
   126.00000000000001       0.94213325000000003       -5.7867278200000004E-002   0.0000000000000000        0.0000000000000000        0.0000000000000000     
   127.00000000000000       0.94285984000000012       -5.7139991500000008E-002   0.0000000000000000        0.0000000000000000        0.0000000000000000     
   128.00000000000000       0.94357979999999997       -5.6420907700000002E-002   0.0000000000000000        0.0000000000000000        0.0000000000000000     
   129.00000000000000       0.94428975999999998       -5.5710026799999993E-002   0.0000000000000000        0.0000000000000000        0.0000000000000000     
   130.00000000000000       0.94499309000000009       -5.5006652100000004E-002   0.0000000000000000        0.0000000000000000        0.0000000000000000     
   131.00000000000000       0.94568979000000009       -5.4310749900000004E-002   0.0000000000000000        0.0000000000000000        0.0000000000000000     
   132.00000000000000       0.94637323000000007       -5.3623612500000001E-002   0.0000000000000000        0.0000000000000000        0.0000000000000000     
   133.00000000000000       0.94705667000000004       -5.2943880200000008E-002   0.0000000000000000        0.0000000000000000        0.0000000000000000     
   134.00000000000000       0.94773011000000007       -5.2271552999999998E-002   0.0000000000000000        0.0000000000000000        0.0000000000000000     
   135.00000000000000       0.94839029000000008       -5.1607226500000006E-002   0.0000000000000000        0.0000000000000000        0.0000000000000000     
   136.00000000000000       0.94905046999999998       -5.0950934399999995E-002   0.0000000000000000        0.0000000000000000        0.0000000000000000     
   137.00000000000000       0.94969402000000003       -5.0302609300000009E-002   0.0000000000000000        0.0000000000000000        0.0000000000000000     
   138.00000000000000       0.95034094000000002       -4.9661621900000001E-002   0.0000000000000000        0.0000000000000000        0.0000000000000000     
   139.00000000000000       0.95097122999999995       -4.9027871100000002E-002   0.0000000000000000        0.0000000000000000        0.0000000000000000     
   140.00000000000000       0.95159488999999997       -4.8402053600000002E-002   0.0000000000000000        0.0000000000000000        0.0000000000000000     
   141.00000000000000       0.95221855000000000       -4.7784101999999995E-002   0.0000000000000000        0.0000000000000000        0.0000000000000000     
   142.00000000000000       0.95282895000000001       -4.7173420700000003E-002   0.0000000000000000        0.0000000000000000        0.0000000000000000     
   143.00000000000000       0.95342935000000006       -4.6570571600000006E-002   0.0000000000000000        0.0000000000000000        0.0000000000000000     
   144.00000000000000       0.95402649000000006       -4.5974925400000005E-002   0.0000000000000000        0.0000000000000000        0.0000000000000000     
   145.00000000000000       0.95461363000000010       -4.5386414700000002E-002   0.0000000000000000        0.0000000000000000        0.0000000000000000     
   146.00000000000000       0.95519413999999991       -4.4805769900000000E-002   0.0000000000000000        0.0000000000000000        0.0000000000000000     
   147.00000000000000       0.95576802000000005       -4.4232226900000005E-002   0.0000000000000000        0.0000000000000000        0.0000000000000000     
   148.00000000000000       0.95633190000000001       -4.3666482400000005E-002   0.0000000000000000        0.0000000000000000        0.0000000000000000     
   149.00000000000000       0.95689252000000002       -4.3107176699999999E-002   0.0000000000000000        0.0000000000000000        0.0000000000000000     
   150.00000000000000       0.95744651000000003       -4.2555635799999998E-002   0.0000000000000000        0.0000000000000000        0.0000000000000000     
   151.00000000000000       0.95799049999999997       -4.2011163000000004E-002   0.0000000000000000        0.0000000000000000        0.0000000000000000     
   152.00000000000000       0.95852786000000001       -4.1473758300000003E-002   0.0000000000000000        0.0000000000000000        0.0000000000000000     
   153.00000000000000       0.95905859000000004       -4.0943421700000003E-002   0.0000000000000000        0.0000000000000000        0.0000000000000000     
   154.00000000000000       0.95958269000000007       -4.0420119500000004E-002   0.0000000000000000        0.0000000000000000        0.0000000000000000     
   155.00000000000000       0.96009352999999997       -3.9903188700000002E-002   0.0000000000000000        0.0000000000000000        0.0000000000000000     
   156.00000000000000       0.96060437000000010       -3.9393955300000005E-002   0.0000000000000000        0.0000000000000000        0.0000000000000000     
   157.00000000000000       0.96110521000000004       -3.8891059600000000E-002   0.0000000000000000        0.0000000000000000        0.0000000000000000     
   158.00000000000000       0.96160279000000004       -3.8395198300000002E-002   0.0000000000000000        0.0000000000000000        0.0000000000000000     
   159.00000000000000       0.96209036999999997       -3.7906304000000002E-002   0.0000000000000000        0.0000000000000000        0.0000000000000000     
   160.00000000000000       0.96257795000000002       -3.7423713700000007E-002   0.0000000000000000        0.0000000000000000        0.0000000000000000     
   161.00000000000000       0.96305564000000010       -3.6947461100000002E-002   0.0000000000000000        0.0000000000000000        0.0000000000000000     
   162.00000000000000       0.96352333000000012       -3.6478141800000002E-002   0.0000000000000000        0.0000000000000000        0.0000000000000000     
   163.00000000000000       0.96398439000000002       -3.6015160200000000E-002   0.0000000000000000        0.0000000000000000        0.0000000000000000     
   164.00000000000000       0.96444545000000015       -3.5559078200000004E-002   0.0000000000000000        0.0000000000000000        0.0000000000000000     
   165.00000000000000       0.96488988000000009       -3.5108637200000008E-002   0.0000000000000000        0.0000000000000000        0.0000000000000000     
   166.00000000000000       0.96533768000000009       -3.4665129500000003E-002   0.0000000000000000        0.0000000000000000        0.0000000000000000     
   167.00000000000000       0.96577222000000007       -3.4227892100000004E-002   0.0000000000000000        0.0000000000000000        0.0000000000000000     
   168.00000000000000       0.96620339000000000       -3.3796228300000002E-002   0.0000000000000000        0.0000000000000000        0.0000000000000000     
   169.00000000000000       0.96663129999999997       -3.3370801100000007E-002   0.0000000000000000        0.0000000000000000        0.0000000000000000     
   170.00000000000000       0.96704921000000010       -3.2951610499999999E-002   0.0000000000000000        0.0000000000000000        0.0000000000000000     
   171.00000000000000       0.96746049000000012       -3.2538690199999998E-002   0.0000000000000000        0.0000000000000000        0.0000000000000000     
   172.00000000000000       0.96786851000000007       -3.2131309800000001E-002   0.0000000000000000        0.0000000000000000        0.0000000000000000     
   173.00000000000000       0.96827316000000008       -3.1730166000000004E-002   0.0000000000000000        0.0000000000000000        0.0000000000000000     
   174.00000000000000       0.96866454999999996       -3.1334562100000005E-002   0.0000000000000000        0.0000000000000000        0.0000000000000000     
   175.00000000000000       0.96905594000000017       -3.0945161100000000E-002   0.0000000000000000        0.0000000000000000        0.0000000000000000     
   176.00000000000000       0.96944070000000004       -3.0560637000000002E-002   0.0000000000000000        0.0000000000000000        0.0000000000000000     
   177.00000000000000       0.96981883000000013       -3.0182315800000005E-002   0.0000000000000000        0.0000000000000000        0.0000000000000000     
   178.00000000000000       0.97018696000000004       -2.9808837800000001E-002   0.0000000000000000        0.0000000000000000        0.0000000000000000     
   179.00000000000000       0.97055846000000001       -2.9441596399999999E-002   0.0000000000000000        0.0000000000000000        0.0000000000000000     
   180.00000000000000       0.97092332999999997       -2.9079827500000002E-002   0.0000000000000000        0.0000000000000000        0.0000000000000000     
   181.00000000000000       0.97127819999999998       -2.8722935500000001E-002   0.0000000000000000        0.0000000000000000        0.0000000000000000     
   182.00000000000000       0.97162981000000004       -2.8371549700000002E-002   0.0000000000000000        0.0000000000000000        0.0000000000000000     
   183.00000000000000       0.97197142000000003       -2.8025007100000006E-002   0.0000000000000000        0.0000000000000000        0.0000000000000000     
   184.00000000000000       0.97231639999999997       -2.7683936999999999E-002   0.0000000000000000        0.0000000000000000        0.0000000000000000     
   185.00000000000000       0.97265138000000007       -2.7347710100000002E-002   0.0000000000000000        0.0000000000000000        0.0000000000000000     
   186.00000000000000       0.97298309999999999       -2.7016989400000000E-002   0.0000000000000000        0.0000000000000000        0.0000000000000000     
   187.00000000000000       0.97331145000000008       -2.6690448900000004E-002   0.0000000000000000        0.0000000000000000        0.0000000000000000     
   188.00000000000000       0.97363317000000005       -2.6369347199999997E-002   0.0000000000000000        0.0000000000000000        0.0000000000000000     
   189.00000000000000       0.97394826000000001       -2.6053088700000004E-002   0.0000000000000000        0.0000000000000000        0.0000000000000000     
   190.00000000000000       0.97425672000000008       -2.5741639699999999E-002   0.0000000000000000        0.0000000000000000        0.0000000000000000     
   191.00000000000000       0.97456518000000003       -2.5434337200000004E-002   0.0000000000000000        0.0000000000000000        0.0000000000000000     
   192.00000000000000       0.97486700999999998       -2.5132507200000001E-002   0.0000000000000000        0.0000000000000000        0.0000000000000000     
   193.00000000000000       0.97516221000000003       -2.4834127000000001E-002   0.0000000000000000        0.0000000000000000        0.0000000000000000     
   194.00000000000000       0.97545741000000008       -2.4541219300000000E-002   0.0000000000000000        0.0000000000000000        0.0000000000000000     
   195.00000000000000       0.97574598000000012       -2.4252458100000002E-002   0.0000000000000000        0.0000000000000000        0.0000000000000000     
   196.00000000000000       0.97603455000000006       -2.3967809700000002E-002   0.0000000000000000        0.0000000000000000        0.0000000000000000     
   197.00000000000003       0.97631649000000009       -2.3687307800000001E-002   0.0000000000000000        0.0000000000000000        0.0000000000000000     
   198.00000000000000       0.97658843000000006       -2.3411581700000003E-002   0.0000000000000000        0.0000000000000000        0.0000000000000000     
   199.00000000000000       0.97685711000000008       -2.3139968400000002E-002   0.0000000000000000        0.0000000000000000        0.0000000000000000     
   200.00000000000000       0.97712579000000011       -2.2872467900000002E-002   0.0000000000000000        0.0000000000000000        0.0000000000000000     
   201.00000000000000       0.97739110000000018       -2.2608417200000001E-002   0.0000000000000000        0.0000000000000000        0.0000000000000000     
   202.00000000000000       0.97765315000000008       -2.2349176000000002E-002   0.0000000000000000        0.0000000000000000        0.0000000000000000     
   203.00000000000000       0.97790519999999992       -2.2093350900000003E-002   0.0000000000000000        0.0000000000000000        0.0000000000000000     
   204.00000000000000       0.97816062000000004       -2.1841638600000001E-002   0.0000000000000000        0.0000000000000000        0.0000000000000000     
   205.00000000000003       0.97840603999999998       -2.1594005400000001E-002   0.0000000000000000        0.0000000000000000        0.0000000000000000     
   206.00000000000000       0.97864820000000008       -2.1349822000000001E-002   0.0000000000000000        0.0000000000000000        0.0000000000000000     
   207.00000000000000       0.97888699000000012       -2.1109088400000000E-002   0.0000000000000000        0.0000000000000000        0.0000000000000000     
   208.00000000000000       0.97912915000000000       -2.0872433900000004E-002   0.0000000000000000        0.0000000000000000        0.0000000000000000     
   209.00000000000000       0.97936131000000004       -2.0639229200000001E-002   0.0000000000000000        0.0000000000000000        0.0000000000000000     
   210.00000000000003       0.97959347000000008       -2.0409440599999999E-002   0.0000000000000000        0.0000000000000000        0.0000000000000000     
   211.00000000000000       0.97981237000000010       -2.0183068100000000E-002   0.0000000000000000        0.0000000000000000        0.0000000000000000     
   212.00000000000000       0.98004127000000008       -1.9960145400000004E-002   0.0000000000000000        0.0000000000000000        0.0000000000000000     
   213.00000000000000       0.98026017000000010       -1.9740638799999998E-002   0.0000000000000000        0.0000000000000000        0.0000000000000000     
   214.00000000000000       0.98047244000000011       -1.9524548300000000E-002   0.0000000000000000        0.0000000000000000        0.0000000000000000     
   215.00000000000000       0.98069134000000002       -1.9311873900000002E-002   0.0000000000000000        0.0000000000000000        0.0000000000000000     
   216.00000000000000       0.98089698000000003       -1.9101952600000003E-002   0.0000000000000000        0.0000000000000000        0.0000000000000000     
   217.00000000000000       0.98110262000000004       -1.8895413700000002E-002   0.0000000000000000        0.0000000000000000        0.0000000000000000     
   218.00000000000003       0.98130826000000004       -1.8692324600000001E-002   0.0000000000000000        0.0000000000000000        0.0000000000000000     
   219.00000000000000       0.98150727000000015       -1.8491988600000002E-002   0.0000000000000000        0.0000000000000000        0.0000000000000000     
   220.00000000000000       0.98170628000000004       -1.8294372000000000E-002   0.0000000000000000        0.0000000000000000        0.0000000000000000     
   221.00000000000000       0.98189865999999992       -1.8100171500000001E-002   0.0000000000000000        0.0000000000000000        0.0000000000000000     
   222.00000000000000       0.98209104000000003       -1.7908724100000002E-002   0.0000000000000000        0.0000000000000000        0.0000000000000000     
   223.00000000000003       0.98228342000000013       -1.7719996100000000E-002   0.0000000000000000        0.0000000000000000        0.0000000000000000     
   224.00000000000000       0.98246917000000011       -1.7534021200000000E-002   0.0000000000000000        0.0000000000000000        0.0000000000000000     
   225.00000000000000       0.98264828999999998       -1.7350799399999998E-002   0.0000000000000000        0.0000000000000000        0.0000000000000000     
   226.00000000000000       0.98283404000000019       -1.7170297000000001E-002   0.0000000000000000        0.0000000000000000        0.0000000000000000     
   227.00000000000000       0.98300316000000010       -1.6992514000000000E-002   0.0000000000000000        0.0000000000000000        0.0000000000000000     
   228.00000000000000       0.98318228000000008       -1.6817484100000002E-002   0.0000000000000000        0.0000000000000000        0.0000000000000000     
   229.00000000000000       0.98335477000000004       -1.6645173600000000E-002   0.0000000000000000        0.0000000000000000        0.0000000000000000     
   230.00000000000000       0.98352726000000001       -1.6474919500000001E-002   0.0000000000000000        0.0000000000000000        0.0000000000000000     
   231.00000000000003       0.98368975000000014       -1.6307418500000000E-002   0.0000000000000000        0.0000000000000000        0.0000000000000000     
   232.00000000000000       0.98385560999999999       -1.6142636900000000E-002   0.0000000000000000        0.0000000000000000        0.0000000000000000     
   233.00000000000000       0.98402147000000006       -1.5979911700000002E-002   0.0000000000000000        0.0000000000000000        0.0000000000000000     
   234.00000000000000       0.98417733000000007       -1.5819939600000003E-002   0.0000000000000000        0.0000000000000000        0.0000000000000000     
   235.00000000000000       0.98433656000000003       -1.5661990200000000E-002   0.0000000000000000        0.0000000000000000        0.0000000000000000     
   236.00000000000003       0.98449242000000003       -1.5506130900000000E-002   0.0000000000000000        0.0000000000000000        0.0000000000000000     
   237.00000000000000       0.98464502000000009       -1.5352957300000001E-002   0.0000000000000000        0.0000000000000000        0.0000000000000000     
   238.00000000000000       0.98479762000000004       -1.5201210800000002E-002   0.0000000000000000        0.0000000000000000        0.0000000000000000     
   239.00000000000003       0.98494685000000004       -1.5052149999999999E-002   0.0000000000000000        0.0000000000000000        0.0000000000000000     
   240.00000000000000       0.98509281999999998       -1.4905842300000001E-002   0.0000000000000000        0.0000000000000000        0.0000000000000000     
   241.00000000000000       0.98524205000000009       -1.4760894300000001E-002   0.0000000000000000        0.0000000000000000        0.0000000000000000     
   242.00000000000000       0.98538139000000013       -1.4618002700000002E-002   0.0000000000000000        0.0000000000000000        0.0000000000000000     
   243.00000000000000       0.98552399000000013       -1.4477167500000001E-002   0.0000000000000000        0.0000000000000000        0.0000000000000000     
   244.00000000000003       0.98565996000000011       -1.4338388700000001E-002   0.0000000000000000        0.0000000000000000        0.0000000000000000     
   245.00000000000000       0.98579930000000004       -1.4201666299999999E-002   0.0000000000000000        0.0000000000000000        0.0000000000000000     
   246.00000000000000       0.98593527000000014       -1.4067000300000002E-002   0.0000000000000000        0.0000000000000000        0.0000000000000000     
   247.00000000000000       0.98606798000000007       -1.3933694000000002E-002   0.0000000000000000        0.0000000000000000        0.0000000000000000     
   248.00000000000000       0.98619732000000004       -1.3802444100000000E-002   0.0000000000000000        0.0000000000000000        0.0000000000000000     
   249.00000000000003       0.98632666000000002       -1.3673216900000000E-002   0.0000000000000000        0.0000000000000000        0.0000000000000000     
   250.00000000000000       0.98645274000000005       -1.3546079799999999E-002   0.0000000000000000        0.0000000000000000        0.0000000000000000     
   251.00000000000000       0.98658208000000003       -1.3420268700000001E-002   0.0000000000000000        0.0000000000000000        0.0000000000000000     
   252.00000000000003       0.98670479000000000       -1.3295884700000000E-002   0.0000000000000000        0.0000000000000000        0.0000000000000000     
   253.00000000000000       0.98682424000000002       -1.3173523400000001E-002   0.0000000000000000        0.0000000000000000        0.0000000000000000     
   254.00000000000000       0.98694695000000010       -1.3053184800000001E-002   0.0000000000000000        0.0000000000000000        0.0000000000000000     
   255.00000000000000       0.98706303000000006       -1.2934239600000001E-002   0.0000000000000000        0.0000000000000000        0.0000000000000000     
   256.00000000000000       0.98717911000000003       -1.2816687799999999E-002   0.0000000000000000        0.0000000000000000        0.0000000000000000     
   257.00000000000000       0.98729856000000016       -1.2700495700000002E-002   0.0000000000000000        0.0000000000000000        0.0000000000000000     
   258.00000000000000       0.98741464000000001       -1.2586326300000001E-002   0.0000000000000000        0.0000000000000000        0.0000000000000000     
   259.00000000000000       0.98752409000000019       -1.2473550300000000E-002   0.0000000000000000        0.0000000000000000        0.0000000000000000     
   260.00000000000000       0.98763354000000003       -1.2362167700000001E-002   0.0000000000000000        0.0000000000000000        0.0000000000000000     
   261.00000000000000       0.98774299000000010       -1.2252774100000001E-002   0.0000000000000000        0.0000000000000000        0.0000000000000000     
   262.00000000000000       0.98785581000000011       -1.2144110900000001E-002   0.0000000000000000        0.0000000000000000        0.0000000000000000     
   263.00000000000000       0.98796526000000007       -1.2037504100000002E-002   0.0000000000000000        0.0000000000000000        0.0000000000000000     
   264.00000000000000       0.98806808000000002       -1.1931560300000000E-002   0.0000000000000000        0.0000000000000000        0.0000000000000000     
   265.00000000000000       0.98817090000000007       -1.1827672900000001E-002   0.0000000000000000        0.0000000000000000        0.0000000000000000     
   266.00000000000000       0.98827372000000002       -1.1725145200000002E-002   0.0000000000000000        0.0000000000000000        0.0000000000000000     
   267.00000000000000       0.98837654000000008       -1.1623347900000001E-002   0.0000000000000000        0.0000000000000000        0.0000000000000000     
   268.00000000000000       0.98847273000000002       -1.1523573299999999E-002   0.0000000000000000        0.0000000000000000        0.0000000000000000     
   269.00000000000000       0.98857554999999997       -1.1424495400000002E-002   0.0000000000000000        0.0000000000000000        0.0000000000000000     
   270.00000000000000       0.98867174000000002       -1.1326777199999999E-002   0.0000000000000000        0.0000000000000000        0.0000000000000000     
   271.00000000000000       0.98876793000000007       -1.1230418700000000E-002   0.0000000000000000        0.0000000000000000        0.0000000000000000     
   272.00000000000000       0.98886749000000007       -1.1135453600000001E-002   0.0000000000000000        0.0000000000000000        0.0000000000000000     
   273.00000000000000       0.98895705000000000       -1.1041814500000002E-002   0.0000000000000000        0.0000000000000000        0.0000000000000000     
   274.00000000000000       0.98905324000000006       -1.0948905800000000E-002   0.0000000000000000        0.0000000000000000        0.0000000000000000     
   275.00000000000000       0.98914280000000010       -1.0857356800000001E-002   0.0000000000000000        0.0000000000000000        0.0000000000000000     
   276.00000000000000       0.98923236000000014       -1.0767167500000001E-002   0.0000000000000000        0.0000000000000000        0.0000000000000000     
   277.00000000000000       0.98932192000000008       -1.0677674900000001E-002   0.0000000000000000        0.0000000000000000        0.0000000000000000     
   278.00000000000000       0.98940811000000006       -1.0589542000000000E-002   0.0000000000000000        0.0000000000000000        0.0000000000000000     
   279.00000000000000       0.98949767000000000       -1.0502105800000001E-002   0.0000000000000000        0.0000000000000000        0.0000000000000000     
   280.00000000000000       0.98958060000000003       -1.0416063000000000E-002   0.0000000000000000        0.0000000000000000        0.0000000000000000     
   281.00000000000000       0.98967016000000019       -1.0331346200000001E-002   0.0000000000000000        0.0000000000000000        0.0000000000000000     
   282.00000000000000       0.98975309000000000       -1.0247326100000001E-002   0.0000000000000000        0.0000000000000000        0.0000000000000000     
   283.00000000000000       0.98983602000000004       -1.0164002700000001E-002   0.0000000000000000        0.0000000000000000        0.0000000000000000     
   284.00000000000000       0.98991895000000008       -1.0082735700000000E-002   0.0000000000000000        0.0000000000000000        0.0000000000000000     
   285.00000000000000       0.99000188000000011       -1.0001468700000000E-002   0.0000000000000000        0.0000000000000000        0.0000000000000000     
   286.00000000000000       0.99007818000000003       -9.9215614000000008E-003   0.0000000000000000        0.0000000000000000        0.0000000000000000     
   287.00000000000000       0.99016111000000007       -9.8423508000000000E-003   0.0000000000000000        0.0000000000000000        0.0000000000000000     
   288.00000000000000       0.99023740999999998       -9.7644999000000010E-003   0.0000000000000000        0.0000000000000000        0.0000000000000000     
   289.00000000000000       0.99031033999999996       -9.6873457000000007E-003   0.0000000000000000        0.0000000000000000        0.0000000000000000     
   290.00000000000000       0.99038664000000010       -9.6108882000000007E-003   0.0000000000000000        0.0000000000000000        0.0000000000000000     
   291.00000000000000       0.99046294000000001       -9.5350937000000004E-003   0.0000000000000000        0.0000000000000000        0.0000000000000000     
   292.00000000000000       0.99053924000000004       -9.4606926000000008E-003   0.0000000000000000        0.0000000000000000        0.0000000000000000     
   293.00000000000000       0.99061554000000007       -9.3869545000000009E-003   0.0000000000000000        0.0000000000000000        0.0000000000000000     
   294.00000000000000       0.99068521000000009       -9.3146098000000017E-003   0.0000000000000000        0.0000000000000000        0.0000000000000000     
   295.00000000000000       0.99075814000000006       -9.2422651000000008E-003   0.0000000000000000        0.0000000000000000        0.0000000000000000     
   296.00000000000000       0.99082781000000009       -9.1712801000000000E-003   0.0000000000000000        0.0000000000000000        0.0000000000000000     
   297.00000000000000       0.99089748000000011       -9.1009917999999995E-003   0.0000000000000000        0.0000000000000000        0.0000000000000000     
   298.00000000000000       0.99096715000000013       -9.0313665000000005E-003   0.0000000000000000        0.0000000000000000        0.0000000000000000     
   299.00000000000000       0.99103682000000004       -8.9624379000000001E-003   0.0000000000000000        0.0000000000000000        0.0000000000000000     
   300.00000000000000       0.99110312000000012       -8.8949027000000021E-003   0.0000000000000000        0.0000000000000000        0.0000000000000000     
   301.00000000000000       0.99117279000000003       -8.8273675000000006E-003   0.0000000000000000        0.0000000000000000        0.0000000000000000     
   302.00000000000000       0.99124246000000005       -8.7611583000000003E-003   0.0000000000000000        0.0000000000000000        0.0000000000000000     
   303.00000000000000       0.99130550000000017       -8.6950164999999996E-003   0.0000000000000000        0.0000000000000000        0.0000000000000000     
   304.00000000000000       0.99136517000000013       -8.6302007000000000E-003   0.0000000000000000        0.0000000000000000        0.0000000000000000     
   305.00000000000000       0.99143484000000015       -8.5660816000000008E-003   0.0000000000000000        0.0000000000000000        0.0000000000000000     
   306.00000000000000       0.99149788000000005       -8.5026255000000012E-003   0.0000000000000000        0.0000000000000000        0.0000000000000000     
   307.00000000000000       0.99156092000000007       -8.4392367999999995E-003   0.0000000000000000        0.0000000000000000        0.0000000000000000     
   308.00000000000000       0.99162059000000013       -8.3771741000000007E-003   0.0000000000000000        0.0000000000000000        0.0000000000000000     
   309.00000000000000       0.99168363000000004       -8.3157744000000016E-003   0.0000000000000000        0.0000000000000000        0.0000000000000000     
   310.00000000000000       0.99174667000000005       -8.2551051000000000E-003   0.0000000000000000        0.0000000000000000        0.0000000000000000     
   311.00000000000000       0.99180634000000012       -8.1944358000000002E-003   0.0000000000000000        0.0000000000000000        0.0000000000000000     
   312.00000000000000       0.99186275000000013       -8.1351262000000004E-003   0.0000000000000000        0.0000000000000000        0.0000000000000000     
   313.00000000000000       0.99192579000000014       -8.0758166000000006E-003   0.0000000000000000        0.0000000000000000        0.0000000000000000     
   314.00000000000000       0.99197883000000009       -8.0178734400000000E-003   0.0000000000000000        0.0000000000000000        0.0000000000000000     
   315.00000000000000       0.99204187000000010       -7.9599471300000006E-003   0.0000000000000000        0.0000000000000000        0.0000000000000000     
   316.00000000000000       0.99209828000000011       -7.9027040399999998E-003   0.0000000000000000        0.0000000000000000        0.0000000000000000     
   317.00000000000000       0.99215132000000006       -7.8468105400000005E-003   0.0000000000000000        0.0000000000000000        0.0000000000000000     
   318.00000000000000       0.99220772999999995       -7.7902742599999996E-003   0.0000000000000000        0.0000000000000000        0.0000000000000000     
   319.00000000000000       0.99226414000000007       -7.7350841999999998E-003   0.0000000000000000        0.0000000000000000        0.0000000000000000     
   320.00000000000000       0.99231718000000013       -7.6805773600000004E-003   0.0000000000000000        0.0000000000000000        0.0000000000000000     
   321.00000000000000       0.99237359000000003       -7.6260873699999995E-003   0.0000000000000000        0.0000000000000000        0.0000000000000000     
   322.00000000000000       0.99243000000000015       -7.5729469700000010E-003   0.0000000000000000        0.0000000000000000        0.0000000000000000     
   323.00000000000000       0.99248303999999998       -7.5198267899999997E-003   0.0000000000000000        0.0000000000000000        0.0000000000000000     
   324.00000000000000       0.99253282000000009       -7.4667234600000005E-003   0.0000000000000000        0.0000000000000000        0.0000000000000000     
   325.00000000000000       0.99258586000000004       -7.4149663500000006E-003   0.0000000000000000        0.0000000000000000        0.0000000000000000     
   326.00000000000000       0.99263564000000004       -7.3632294599999997E-003   0.0000000000000000        0.0000000000000000        0.0000000000000000     
   327.00000000000000       0.99269205000000005       -7.3128354200000002E-003   0.0000000000000000        0.0000000000000000        0.0000000000000000     
   328.00000000000000       0.99273846000000010       -7.2617952300000005E-003   0.0000000000000000        0.0000000000000000        0.0000000000000000     
   329.00000000000000       0.99278824000000010       -7.2121012600000001E-003   0.0000000000000000        0.0000000000000000        0.0000000000000000     
   330.00000000000000       0.99283465000000004       -7.1624241400000009E-003   0.0000000000000000        0.0000000000000000        0.0000000000000000     
   331.00000000000000       0.99288443000000004       -7.1134302400000004E-003   0.0000000000000000        0.0000000000000000        0.0000000000000000     
   332.00000000000000       0.99293083999999998       -7.0651128200000003E-003   0.0000000000000000        0.0000000000000000        0.0000000000000000     
   333.00000000000000       0.99298061999999998       -7.0168156199999993E-003   0.0000000000000000        0.0000000000000000        0.0000000000000000     
   334.00000000000000       0.99303040000000009       -6.9698612700000006E-003   0.0000000000000000        0.0000000000000000        0.0000000000000000     
   335.00000000000000       0.99307681000000003       -6.9225259700000001E-003   0.0000000000000000        0.0000000000000000        0.0000000000000000     
   336.00000000000000       0.99312659000000014       -6.8758705199999997E-003   0.0000000000000000        0.0000000000000000        0.0000000000000000     
   337.00000000000000       0.99317300000000008       -6.8296926500000001E-003   0.0000000000000000        0.0000000000000000        0.0000000000000000     
   338.00000000000000       0.99321615000000008       -6.7839991000000011E-003   0.0000000000000000        0.0000000000000000        0.0000000000000000     
   339.00000000000000       0.99326256000000002       -6.7386505300000002E-003   0.0000000000000000        0.0000000000000000        0.0000000000000000     
   340.00000000000000       0.99330571000000001       -6.6937829100000004E-003   0.0000000000000000        0.0000000000000000        0.0000000000000000     
   341.00000000000000       0.99335211999999995       -6.6493962400000000E-003   0.0000000000000000        0.0000000000000000        0.0000000000000000     
   342.00000000000000       0.99339527000000005       -6.6053545500000012E-003   0.0000000000000000        0.0000000000000000        0.0000000000000000     
   343.00000000000000       0.99343504999999999       -6.5617938100000009E-003   0.0000000000000000        0.0000000000000000        0.0000000000000000     
   344.00000000000000       0.99348482999999999       -6.5185780499999995E-003   0.0000000000000000        0.0000000000000000        0.0000000000000000     
   345.00000000000000       0.99352461000000003       -6.4758432399999993E-003   0.0000000000000000        0.0000000000000000        0.0000000000000000     
   346.00000000000000       0.99356776000000002       -6.4334534099999997E-003   0.0000000000000000        0.0000000000000000        0.0000000000000000     
   347.00000000000000       0.99360754000000007       -6.3914748600000003E-003   0.0000000000000000        0.0000000000000000        0.0000000000000000     
   348.00000000000000       0.99365069000000017       -6.3499109599999999E-003   0.0000000000000000        0.0000000000000000        0.0000000000000000     
   349.00000000000000       0.99369047000000021       -6.3086920400000010E-003   0.0000000000000000        0.0000000000000000        0.0000000000000000     
   350.00000000000000       0.99373362000000010       -6.2678844000000006E-003   0.0000000000000000        0.0000000000000000        0.0000000000000000     
   351.00000000000000       0.99377340000000003       -6.2274217400000009E-003   0.0000000000000000        0.0000000000000000        0.0000000000000000     
   352.00000000000000       0.99381655000000002       -6.1873074300000004E-003   0.0000000000000000        0.0000000000000000        0.0000000000000000     
   353.00000000000000       0.99384970000000017       -6.1476010300000007E-003   0.0000000000000000        0.0000000000000000        0.0000000000000000     
   354.00000000000000       0.99389284999999994       -6.1082429800000003E-003   0.0000000000000000        0.0000000000000000        0.0000000000000000     
   355.00000000000000       0.99393262999999998       -6.0692928400000005E-003   0.0000000000000000        0.0000000000000000        0.0000000000000000     
   356.00000000000000       0.99396915000000008       -6.0306213800000001E-003   0.0000000000000000        0.0000000000000000        0.0000000000000000     
   357.00000000000000       0.99400893000000012       -5.9923645699999995E-003   0.0000000000000000        0.0000000000000000        0.0000000000000000     
   358.00000000000000       0.99404208000000005       -5.9543830700000003E-003   0.0000000000000000        0.0000000000000000        0.0000000000000000     
   359.00000000000000       0.99408523000000004       -5.9168094800000001E-003   0.0000000000000000        0.0000000000000000        0.0000000000000000     
   360.00000000000000       0.99411837999999997       -5.8795179399999996E-003   0.0000000000000000        0.0000000000000000        0.0000000000000000     
   361.00000000000000       0.99415490000000006       -5.8425680100000011E-003   0.0000000000000000        0.0000000000000000        0.0000000000000000     
   362.00000000000000       0.99419468000000011       -5.8059630600000006E-003   0.0000000000000000        0.0000000000000000        0.0000000000000000     
   363.00000000000000       0.99423119999999998       -5.7696334200000006E-003   0.0000000000000000        0.0000000000000000        0.0000000000000000     
   364.00000000000000       0.99426435000000013       -5.7337184299999996E-003   0.0000000000000000        0.0000000000000000        0.0000000000000000     
   365.00000000000000       0.99430087000000011       -5.6980090800000001E-003   0.0000000000000000        0.0000000000000000        0.0000000000000000     
   366.00000000000000       0.99434065000000005       -5.6627110099999999E-003   0.0000000000000000        0.0000000000000000        0.0000000000000000     
   367.00000000000000       0.99437379999999997       -5.6276916200000008E-003   0.0000000000000000        0.0000000000000000        0.0000000000000000     
   368.00000000000000       0.99441032000000007       -5.5929475400000013E-003   0.0000000000000000        0.0000000000000000        0.0000000000000000     
   369.00000000000000       0.99444347000000000       -5.5584787700000008E-003   0.0000000000000000        0.0000000000000000        0.0000000000000000     
   370.00000000000000       0.99447998999999998       -5.5243549800000008E-003   0.0000000000000000        0.0000000000000000        0.0000000000000000     
   371.00000000000000       0.99450651000000001       -5.4905065000000006E-003   0.0000000000000000        0.0000000000000000        0.0000000000000000     
   372.00000000000000       0.99453966000000005       -5.4569996300000007E-003   0.0000000000000000        0.0000000000000000        0.0000000000000000     
   373.00000000000000       0.99457618000000014       -5.4237051400000003E-003   0.0000000000000000        0.0000000000000000        0.0000000000000000     
   374.00000000000000       0.99460933000000007       -5.3907488900000007E-003   0.0000000000000000        0.0000000000000000        0.0000000000000000     
   375.00000000000000       0.99464585000000005       -5.3580050199999998E-003   0.0000000000000000        0.0000000000000000        0.0000000000000000     
   376.00000000000000       0.99467237000000008       -5.3256027600000000E-003   0.0000000000000000        0.0000000000000000        0.0000000000000000     
   377.00000000000000       0.99470552000000001       -5.2934758100000008E-003   0.0000000000000000        0.0000000000000000        0.0000000000000000     
   378.00000000000000       0.99474203999999999       -5.2615612400000004E-003   0.0000000000000000        0.0000000000000000        0.0000000000000000     
   379.00000000000000       0.99476856000000002       -5.2299849100000007E-003   0.0000000000000000        0.0000000000000000        0.0000000000000000     
   380.00000000000000       0.99480171000000017       -5.1986175900000002E-003   0.0000000000000000        0.0000000000000000        0.0000000000000000     
   381.00000000000000       0.99483160000000004       -5.1675255800000004E-003   0.0000000000000000        0.0000000000000000        0.0000000000000000     
   382.00000000000000       0.99486475000000008       -5.1367122499999997E-003   0.0000000000000000        0.0000000000000000        0.0000000000000000     
   383.00000000000000       0.99489464000000005       -5.1061708600000002E-003   0.0000000000000000        0.0000000000000000        0.0000000000000000     
   384.00000000000000       0.99492116000000008       -5.0758384800000007E-003   0.0000000000000000        0.0000000000000000        0.0000000000000000     
   385.00000000000000       0.99495431000000001       -5.0457780400000006E-003   0.0000000000000000        0.0000000000000000        0.0000000000000000     
   386.00000000000000       0.99498420000000010       -5.0159299800000010E-003   0.0000000000000000        0.0000000000000000        0.0000000000000000     
   387.00000000000000       0.99501072000000002       -4.9863572299999994E-003   0.0000000000000000        0.0000000000000000        0.0000000000000000     
   388.00000000000000       0.99504387000000005       -4.9570564200000005E-003   0.0000000000000000        0.0000000000000000        0.0000000000000000     
   389.00000000000006       0.99507376000000014       -4.9279646200000001E-003   0.0000000000000000        0.0000000000000000        0.0000000000000000     
   390.00000000000000       0.99510027999999995       -4.8990784600000002E-003   0.0000000000000000        0.0000000000000000        0.0000000000000000     
   391.00000000000000       0.99512679999999998       -4.8704709800000004E-003   0.0000000000000000        0.0000000000000000        0.0000000000000000     
   392.00000000000000       0.99515669000000007       -4.8420691400000004E-003   0.0000000000000000        0.0000000000000000        0.0000000000000000     
   393.00000000000000       0.99518321000000010       -4.8138729400000000E-003   0.0000000000000000        0.0000000000000000        0.0000000000000000     
   394.00000000000006       0.99520973000000013       -4.7859520500000002E-003   0.0000000000000000        0.0000000000000000        0.0000000000000000     
   395.00000000000000       0.99523961999999999       -4.7582401699999997E-003   0.0000000000000000        0.0000000000000000        0.0000000000000000     
   396.00000000000000       0.99526614000000002       -4.7307339300000006E-003   0.0000000000000000        0.0000000000000000        0.0000000000000000     
   397.00000000000000       0.99529266000000005       -4.7034366999999999E-003   0.0000000000000000        0.0000000000000000        0.0000000000000000     
   398.00000000000000       0.99532255000000003       -4.6764114100000011E-003   0.0000000000000000        0.0000000000000000        0.0000000000000000     
   399.00000000000006       0.99534907000000006       -4.6495288299999993E-003   0.0000000000000000        0.0000000000000000        0.0000000000000000     
   400.00000000000000       0.99537559000000009       -4.6229181900000003E-003   0.0000000000000000        0.0000000000000000        0.0000000000000000     
   401.00000000000000       0.99540548000000006       -4.5965165600000005E-003   0.0000000000000000        0.0000000000000000        0.0000000000000000     
   402.00000000000000       0.99543200000000009       -4.5702542699999999E-003   0.0000000000000000        0.0000000000000000        0.0000000000000000     
   403.00000000000000       0.99545189000000001       -4.5442639199999996E-003   0.0000000000000000        0.0000000000000000        0.0000000000000000     
   404.00000000000000       0.99548177999999998       -4.5184825800000002E-003   0.0000000000000000        0.0000000000000000        0.0000000000000000     
   405.00000000000000       0.99550830000000001       -4.4928405800000000E-003   0.0000000000000000        0.0000000000000000        0.0000000000000000     
   406.00000000000000       0.99553482000000004       -4.4674738900000004E-003   0.0000000000000000        0.0000000000000000        0.0000000000000000     
   407.00000000000000       0.99555808000000012       -4.4422431700000004E-003   0.0000000000000000        0.0000000000000000        0.0000000000000000     
   408.00000000000000       0.99558460000000015       -4.4172214599999997E-003   0.0000000000000000        0.0000000000000000        0.0000000000000000     
   409.00000000000000       0.99560449000000006       -4.3924053899999996E-003   0.0000000000000000        0.0000000000000000        0.0000000000000000     
   410.00000000000006       0.99563438000000015       -4.3677320300000008E-003   0.0000000000000000        0.0000000000000000        0.0000000000000000     
   411.00000000000000       0.99565427000000006       -4.3433272400000000E-003   0.0000000000000000        0.0000000000000000        0.0000000000000000     
   412.00000000000000       0.99568079000000009       -4.3190651600000006E-003   0.0000000000000000        0.0000000000000000        0.0000000000000000     
   413.00000000000000       0.99570068000000012       -4.2949424200000004E-003   0.0000000000000000        0.0000000000000000        0.0000000000000000     
   414.00000000000000       0.99573056999999998       -4.2710916200000004E-003   0.0000000000000000        0.0000000000000000        0.0000000000000000     
   415.00000000000006       0.99575046000000000       -4.2473801600000005E-003   0.0000000000000000        0.0000000000000000        0.0000000000000000     
   416.00000000000000       0.99577698000000003       -4.2238080400000006E-003   0.0000000000000000        0.0000000000000000        0.0000000000000000     
   417.00000000000000       0.99580024000000011       -4.2004415600000004E-003   0.0000000000000000        0.0000000000000000        0.0000000000000000     
   418.00000000000000       0.99582013000000014       -4.1772807200000000E-003   0.0000000000000000        0.0000000000000000        0.0000000000000000     
   419.00000000000000       0.99584665000000006       -4.1542625900000000E-003   0.0000000000000000        0.0000000000000000        0.0000000000000000     
   420.00000000000006       0.99586654000000008       -4.1314467300000001E-003   0.0000000000000000        0.0000000000000000        0.0000000000000000     
   421.00000000000000       0.99588980000000005       -4.1087702100000003E-003   0.0000000000000000        0.0000000000000000        0.0000000000000000     
   422.00000000000000       0.99591632000000008       -4.0863027000000007E-003   0.0000000000000000        0.0000000000000000        0.0000000000000000     
   423.00000000000000       0.99593621000000010       -4.0639048600000002E-003   0.0000000000000000        0.0000000000000000        0.0000000000000000     
   424.00000000000000       0.99595610000000001       -4.0417789599999998E-003   0.0000000000000000        0.0000000000000000        0.0000000000000000     
   425.00000000000006       0.99597936000000009       -4.0197924000000005E-003   0.0000000000000000        0.0000000000000000        0.0000000000000000     
   426.00000000000000       0.99599925000000000       -3.9979451800000003E-003   0.0000000000000000        0.0000000000000000        0.0000000000000000     
   427.00000000000000       0.99602577000000003       -3.9762373000000002E-003   0.0000000000000000        0.0000000000000000        0.0000000000000000     
   428.00000000000000       0.99604903000000000       -3.9547350599999998E-003   0.0000000000000000        0.0000000000000000        0.0000000000000000     
   429.00000000000000       0.99606892000000002       -3.9333687900000008E-003   0.0000000000000000        0.0000000000000000        0.0000000000000000     
   430.00000000000000       0.99608881000000005       -3.9121452300000005E-003   0.0000000000000000        0.0000000000000000        0.0000000000000000     
   431.00000000000006       0.99610870000000007       -3.8911239400000000E-003   0.0000000000000000        0.0000000000000000        0.0000000000000000     
   432.00000000000000       0.99613196000000004       -3.8701756899999998E-003   0.0000000000000000        0.0000000000000000        0.0000000000000000     
   433.00000000000000       0.99615185000000006       -3.8494297100000008E-003   0.0000000000000000        0.0000000000000000        0.0000000000000000     
   434.00000000000000       0.99617174000000008       -3.8288264400000004E-003   0.0000000000000000        0.0000000000000000        0.0000000000000000     
   435.00000000000000       0.99619163000000011       -3.8083591400000006E-003   0.0000000000000000        0.0000000000000000        0.0000000000000000     
   436.00000000000006       0.99621489000000008       -3.7880974800000001E-003   0.0000000000000000        0.0000000000000000        0.0000000000000000     
   437.00000000000000       0.99623477999999999       -3.7679088600000000E-003   0.0000000000000000        0.0000000000000000        0.0000000000000000     
   438.00000000000000       0.99625467000000012       -3.7478562100000000E-003   0.0000000000000000        0.0000000000000000        0.0000000000000000     
   439.00000000000000       0.99626793000000002       -3.7280092000000001E-003   0.0000000000000000        0.0000000000000000        0.0000000000000000     
   440.00000000000000       0.99629118999999999       -3.7083015300000003E-003   0.0000000000000000        0.0000000000000000        0.0000000000000000     
   441.00000000000006       0.99631108000000013       -3.6886635300000005E-003   0.0000000000000000        0.0000000000000000        0.0000000000000000     
   442.00000000000000       0.99633097000000004       -3.6692311700000000E-003   0.0000000000000000        0.0000000000000000        0.0000000000000000     
   443.00000000000000       0.99635085999999995       -3.6498718500000004E-003   0.0000000000000000        0.0000000000000000        0.0000000000000000     
   444.00000000000000       0.99637075000000008       -3.6307148000000004E-003   0.0000000000000000        0.0000000000000000        0.0000000000000000     
   445.00000000000000       0.99638738000000004       -3.6116307900000001E-003   0.0000000000000000        0.0000000000000000        0.0000000000000000     
   446.00000000000006       0.99640727000000007       -3.5927490499999999E-003   0.0000000000000000        0.0000000000000000        0.0000000000000000     
   447.00000000000000       0.99642716000000009       -3.5739403500000006E-003   0.0000000000000000        0.0000000000000000        0.0000000000000000     
   448.00000000000000       0.99644042000000010       -3.5553372900000001E-003   0.0000000000000000        0.0000000000000000        0.0000000000000000     
   449.00000000000000       0.99646367999999996       -3.5368039000000001E-003   0.0000000000000000        0.0000000000000000        0.0000000000000000     
   450.00000000000000       0.99648357000000010       -3.5184064800000002E-003   0.0000000000000000        0.0000000000000000        0.0000000000000000     
   451.00000000000006       0.99649683000000011       -3.5000820999999999E-003   0.0000000000000000        0.0000000000000000        0.0000000000000000     
   452.00000000000000       0.99651672000000002       -3.4819633600000001E-003   0.0000000000000000        0.0000000000000000        0.0000000000000000     
   453.00000000000000       0.99653997999999999       -3.4639805900000000E-003   0.0000000000000000        0.0000000000000000        0.0000000000000000     
   454.00000000000000       0.99655324000000001       -3.4460674900000004E-003   0.0000000000000000        0.0000000000000000        0.0000000000000000     
   455.00000000000000       0.99657313000000003       -3.4282937300000003E-003   0.0000000000000000        0.0000000000000000        0.0000000000000000     
   456.00000000000000       0.99658639000000004       -3.4106593100000000E-003   0.0000000000000000        0.0000000000000000        0.0000000000000000     
   457.00000000000006       0.99660628000000007       -3.3930945600000001E-003   0.0000000000000000        0.0000000000000000        0.0000000000000000     
   458.00000000000000       0.99662290999999992       -3.3756657800000003E-003   0.0000000000000000        0.0000000000000000        0.0000000000000000     
   459.00000000000000       0.99664280000000005       -3.3583729700000006E-003   0.0000000000000000        0.0000000000000000        0.0000000000000000     
   460.00000000000000       0.99665606000000007       -3.3412195000000005E-003   0.0000000000000000        0.0000000000000000        0.0000000000000000     
   461.00000000000000       0.99667594999999998       -3.3241390700000004E-003   0.0000000000000000        0.0000000000000000        0.0000000000000000     
   462.00000000000006       0.99668920999999999       -3.3071946100000004E-003   0.0000000000000000        0.0000000000000000        0.0000000000000000     
   463.00000000000000       0.99671247000000007       -3.2903861199999997E-003   0.0000000000000000        0.0000000000000000        0.0000000000000000     
   464.00000000000000       0.99672573000000009       -3.2736473000000003E-003   0.0000000000000000        0.0000000000000000        0.0000000000000000     
   465.00000000000000       0.99674562000000011       -3.2570478200000001E-003   0.0000000000000000        0.0000000000000000        0.0000000000000000     
   466.00000000000000       0.99675888000000012       -3.2405180100000004E-003   0.0000000000000000        0.0000000000000000        0.0000000000000000     
   467.00000000000006       0.99677214000000003       -3.2241275400000003E-003   0.0000000000000000        0.0000000000000000        0.0000000000000000     
   468.00000000000000       0.99679540000000011       -3.2078696700000003E-003   0.0000000000000000        0.0000000000000000        0.0000000000000000     
   469.00000000000000       0.99680866000000012       -3.1916848399999999E-003   0.0000000000000000        0.0000000000000000        0.0000000000000000     
   470.00000000000000       0.99682192000000014       -3.1756393500000004E-003   0.0000000000000000        0.0000000000000000        0.0000000000000000     
   471.00000000000000       0.99684181000000005       -3.1596601600000001E-003   0.0000000000000000        0.0000000000000000        0.0000000000000000     
   472.00000000000006       0.99685507000000007       -3.1438203100000004E-003   0.0000000000000000        0.0000000000000000        0.0000000000000000     
   473.00000000000000       0.99687170000000003       -3.1280501299999998E-003   0.0000000000000000        0.0000000000000000        0.0000000000000000     
   474.00000000000000       0.99688496000000004       -3.1124159200000001E-003   0.0000000000000000        0.0000000000000000        0.0000000000000000     
   475.00000000000000       0.99690485000000006       -3.0969210500000001E-003   0.0000000000000000        0.0000000000000000        0.0000000000000000     
   476.00000000000000       0.99691811000000008       -3.0814295500000001E-003   0.0000000000000000        0.0000000000000000        0.0000000000000000     
   477.00000000000006       0.99693137000000009       -3.0660740200000001E-003   0.0000000000000000        0.0000000000000000        0.0000000000000000     
   478.00000000000006       0.99694800000000017       -3.0508544599999999E-003   0.0000000000000000        0.0000000000000000        0.0000000000000000     
   479.00000000000000       0.99696789000000008       -3.0357045700000001E-003   0.0000000000000000        0.0000000000000000        0.0000000000000000     
   480.00000000000000       0.99698115000000009       -3.0206906500000004E-003   0.0000000000000000        0.0000000000000000        0.0000000000000000     
   481.00000000000000       0.99699441000000011       -3.0057497699999998E-003   0.0000000000000000        0.0000000000000000        0.0000000000000000     
   482.00000000000000       0.99700767000000012       -2.9908785600000001E-003   0.0000000000000000        0.0000000000000000        0.0000000000000000     
   483.00000000000006       0.99702430000000009       -2.9761433200000001E-003   0.0000000000000000        0.0000000000000000        0.0000000000000000     
   484.00000000000000       0.99703756000000010       -2.9614777500000002E-003   0.0000000000000000        0.0000000000000000        0.0000000000000000     
   485.00000000000000       0.99705082000000012       -2.9468818499999998E-003   0.0000000000000000        0.0000000000000000        0.0000000000000000     
   486.00000000000000       0.99706408000000013       -2.9324219200000000E-003   0.0000000000000000        0.0000000000000000        0.0000000000000000     
   487.00000000000000       0.99708397000000004       -2.9180350300000001E-003   0.0000000000000000        0.0000000000000000        0.0000000000000000     
   488.00000000000006       0.99709723000000006       -2.9037144399999999E-003   0.0000000000000000        0.0000000000000000        0.0000000000000000     
   489.00000000000000       0.99711386000000002       -2.8895331900000007E-003   0.0000000000000000        0.0000000000000000        0.0000000000000000     
   490.00000000000000       0.99712712000000003       -2.8754182400000002E-003   0.0000000000000000        0.0000000000000000        0.0000000000000000     
   491.00000000000000       0.99714038000000005       -2.8613763300000001E-003   0.0000000000000000        0.0000000000000000        0.0000000000000000     
   492.00000000000000       0.99715364000000006       -2.8474703899999997E-003   0.0000000000000000        0.0000000000000000        0.0000000000000000     
   493.00000000000006       0.99716690000000008       -2.8336341199999998E-003   0.0000000000000000        0.0000000000000000        0.0000000000000000     
   494.00000000000000       0.99718016000000009       -2.8198675199999999E-003   0.0000000000000000        0.0000000000000000        0.0000000000000000     
   495.00000000000000       0.99719679000000006       -2.8061705900000004E-003   0.0000000000000000        0.0000000000000000        0.0000000000000000     
   496.00000000000000       0.99721005000000007       -2.7926096299999998E-003   0.0000000000000000        0.0000000000000000        0.0000000000000000     
   497.00000000000000       0.99722331000000008       -2.7790520400000000E-003   0.0000000000000000        0.0000000000000000        0.0000000000000000     
   498.00000000000006       0.99723657000000010       -2.7656304199999999E-003   0.0000000000000000        0.0000000000000000        0.0000000000000000     
   499.00000000000000       0.99724983000000011       -2.7523447700000003E-003   0.0000000000000000        0.0000000000000000        0.0000000000000000     
   500.00000000000000       0.99725646000000001       -2.7390624899999998E-003   0.0000000000000000        0.0000000000000000        0.0000000000000000     
   501.00000000000000       0.99727308999999997       -2.7259161799999998E-003   0.0000000000000000        0.0000000000000000        0.0000000000000000     
   502.00000000000000       0.99728634999999999       -2.7127698699999999E-003   0.0000000000000000        0.0000000000000000        0.0000000000000000     
   503.00000000000006       0.99729961000000000       -2.6997629000000004E-003   0.0000000000000000        0.0000000000000000        0.0000000000000000     
   504.00000000000006       0.99731287000000002       -2.6868256000000001E-003   0.0000000000000000        0.0000000000000000        0.0000000000000000     
   505.00000000000000       0.99732613000000003       -2.6740242700000003E-003   0.0000000000000000        0.0000000000000000        0.0000000000000000     
   506.00000000000000       0.99733939000000005       -2.6612263100000001E-003   0.0000000000000000        0.0000000000000000        0.0000000000000000     
   507.00000000000000       0.99735602000000012       -2.6485643200000000E-003   0.0000000000000000        0.0000000000000000        0.0000000000000000     
   508.00000000000000       0.99736265000000002       -2.6359023299999998E-003   0.0000000000000000        0.0000000000000000        0.0000000000000000     
   509.00000000000006       0.99737591000000003       -2.6233796799999998E-003   0.0000000000000000        0.0000000000000000        0.0000000000000000     
   510.00000000000000       0.99738917000000005       -2.6109233300000002E-003   0.0000000000000000        0.0000000000000000        0.0000000000000000     
   511.00000000000000       0.99740243000000006       -2.5985400200000002E-003   0.0000000000000000        0.0000000000000000        0.0000000000000000     
   512.00000000000000       0.99741569000000008       -2.5862230099999999E-003   0.0000000000000000        0.0000000000000000        0.0000000000000000     
   513.00000000000000       0.99742569000000003       -2.5739756700000000E-003   0.0000000000000000        0.0000000000000000        0.0000000000000000     
   514.00000000000000       0.99743895000000005       -2.5618013700000001E-003   0.0000000000000000        0.0000000000000000        0.0000000000000000     
   515.00000000000000       0.99745221000000006       -2.5496933700000003E-003   0.0000000000000000        0.0000000000000000        0.0000000000000000     
   516.00000000000000       0.99746547000000008       -2.5376516700000001E-003   0.0000000000000000        0.0000000000000000        0.0000000000000000     
   517.00000000000000       0.99747210000000019       -2.5257493100000004E-003   0.0000000000000000        0.0000000000000000        0.0000000000000000     
   518.00000000000000       0.99748536000000021       -2.5138503199999998E-003   0.0000000000000000        0.0000000000000000        0.0000000000000000     
   519.00000000000000       0.99749862000000000       -2.5020176300000001E-003   0.0000000000000000        0.0000000000000000        0.0000000000000000     
   520.00000000000000       0.99750862000000007       -2.4903242800000001E-003   0.0000000000000000        0.0000000000000000        0.0000000000000000     
   521.00000000000000       0.99752188000000008       -2.4786309299999996E-003   0.0000000000000000        0.0000000000000000        0.0000000000000000     
   522.00000000000000       0.99753514000000010       -2.4670072500000001E-003   0.0000000000000000        0.0000000000000000        0.0000000000000000     
   523.00000000000000       0.99754176999999999       -2.4555195400000002E-003   0.0000000000000000        0.0000000000000000        0.0000000000000000     
   524.00000000000000       0.99755503000000001       -2.4440318300000003E-003   0.0000000000000000        0.0000000000000000        0.0000000000000000     
   525.00000000000000       0.99756829000000002       -2.4326171600000004E-003   0.0000000000000000        0.0000000000000000        0.0000000000000000     
   526.00000000000000       0.99757492000000014       -2.4213350900000002E-003   0.0000000000000000        0.0000000000000000        0.0000000000000000     
   527.00000000000000       0.99759155000000010       -2.4100563900000000E-003   0.0000000000000000        0.0000000000000000        0.0000000000000000     
   528.00000000000000       0.99760481000000012       -2.3988473600000003E-003   0.0000000000000000        0.0000000000000000        0.0000000000000000     
   529.00000000000000       0.99761144000000002       -2.3877080000000001E-003   0.0000000000000000        0.0000000000000000        0.0000000000000000     
   530.00000000000000       0.99762470000000003       -2.3766349400000000E-003   0.0000000000000000        0.0000000000000000        0.0000000000000000     
   531.00000000000000       0.99763133000000015       -2.3656315500000000E-003   0.0000000000000000        0.0000000000000000        0.0000000000000000     
   532.00000000000000       0.99764459000000016       -2.3546978299999999E-003   0.0000000000000000        0.0000000000000000        0.0000000000000000     
   533.00000000000000       0.99765785000000018       -2.3438337799999999E-003   0.0000000000000000        0.0000000000000000        0.0000000000000000     
   534.00000000000000       0.99766785000000002       -2.3330394000000000E-003   0.0000000000000000        0.0000000000000000        0.0000000000000000     
   535.00000000000000       0.99768111000000004       -2.3222450200000000E-003   0.0000000000000000        0.0000000000000000        0.0000000000000000     
   536.00000000000000       0.99768773999999993       -2.3115866100000002E-003   0.0000000000000000        0.0000000000000000        0.0000000000000000     
   537.00000000000000       0.99770099999999995       -2.3009315700000003E-003   0.0000000000000000        0.0000000000000000        0.0000000000000000     
   538.00000000000000       0.99770763000000007       -2.2904091300000001E-003   0.0000000000000000        0.0000000000000000        0.0000000000000000     
   539.00000000000000       0.99772089000000008       -2.2798934300000003E-003   0.0000000000000000        0.0000000000000000        0.0000000000000000     
   540.00000000000000       0.99772751999999998       -2.2694440300000001E-003   0.0000000000000000        0.0000000000000000        0.0000000000000000     
   541.00000000000000       0.99774077999999999       -2.2590609300000004E-003   0.0000000000000000        0.0000000000000000        0.0000000000000000     
   542.00000000000000       0.99775078000000006       -2.2487508699999999E-003   0.0000000000000000        0.0000000000000000        0.0000000000000000     
   543.00000000000000       0.99776404000000007       -2.2384408100000002E-003   0.0000000000000000        0.0000000000000000        0.0000000000000000     
   544.00000000000000       0.99777066999999997       -2.2282667200000002E-003   0.0000000000000000        0.0000000000000000        0.0000000000000000     
   545.00000000000000       0.99778392999999999       -2.2180926300000002E-003   0.0000000000000000        0.0000000000000000        0.0000000000000000     
   546.00000000000000       0.99779056000000010       -2.2079915800000001E-003   0.0000000000000000        0.0000000000000000        0.0000000000000000     
   547.00000000000000       0.99780382000000012       -2.1979568299999998E-003   0.0000000000000000        0.0000000000000000        0.0000000000000000     
   548.00000000000000       0.99781045000000002       -2.1879883799999999E-003   0.0000000000000000        0.0000000000000000        0.0000000000000000     
   549.00000000000000       0.99782371000000003       -2.1780929700000000E-003   0.0000000000000000        0.0000000000000000        0.0000000000000000     
   550.00000000000000       0.99783371000000010       -2.1681975600000001E-003   0.0000000000000000        0.0000000000000000        0.0000000000000000     
