   1.0000000000000000        3.2437300000000002E-007  -1.0000000000000000        0.0000000000000000        0.0000000000000000        0.0000000000000000     
   2.0000000000000000        1.2377775000000000E-003 -0.99876524999999994        0.0000000000000000        0.0000000000000000        0.0000000000000000     
   3.0000000000000000        1.6335550000000001E-002 -0.98366500000000001        0.0000000000000000        0.0000000000000000        0.0000000000000000     
   4.0000000000000000        5.4967500000000002E-002 -0.94503250000000005        0.0000000000000000        0.0000000000000000        0.0000000000000000     
   5.0000000000000000       0.10947375000000001      -0.89052624999999996        0.0000000000000000        0.0000000000000000        0.0000000000000000     
   6.0000000000000000       0.16960924999999999      -0.83039075000000007        0.0000000000000000        0.0000000000000000        0.0000000000000000     
   7.0000000000000000       0.22914000000000001      -0.77085999999999999        0.0000000000000000        0.0000000000000000        0.0000000000000000     
   8.0000000000000000       0.28503650000000003      -0.71496349999999997        0.0000000000000000        0.0000000000000000        0.0000000000000000     
   9.0000000000000000       0.33621174999999998      -0.66378825000000008        0.0000000000000000        0.0000000000000000        0.0000000000000000     
   10.000000000000000       0.38250250000000002      -0.61749750000000003        0.0000000000000000        0.0000000000000000        0.0000000000000000     
   11.000000000000000       0.42417650000000001      -0.57582350000000004        0.0000000000000000        0.0000000000000000        0.0000000000000000     
   12.000000000000000       0.46166500000000005      -0.53833500000000001        0.0000000000000000        0.0000000000000000        0.0000000000000000     
   13.000000000000002       0.49539374999999997      -0.50460625000000003        0.0000000000000000        0.0000000000000000        0.0000000000000000     
   14.000000000000000       0.52585600000000010      -0.47414400000000001        0.0000000000000000        0.0000000000000000        0.0000000000000000     
   15.000000000000000       0.55341750000000012      -0.44658249999999999        0.0000000000000000        0.0000000000000000        0.0000000000000000     
   16.000000000000000       0.57843725000000001      -0.42156275000000004        0.0000000000000000        0.0000000000000000        0.0000000000000000     
   17.000000000000000       0.60122750000000003      -0.39877249999999997        0.0000000000000000        0.0000000000000000        0.0000000000000000     
   18.000000000000000       0.62204500000000007      -0.37795499999999999        0.0000000000000000        0.0000000000000000        0.0000000000000000     
   19.000000000000000       0.64112425000000006      -0.35887575000000005        0.0000000000000000        0.0000000000000000        0.0000000000000000     
   20.000000000000000       0.65866749999999996      -0.34133249999999998        0.0000000000000000        0.0000000000000000        0.0000000000000000     
   21.000000000000004       0.67483375000000012      -0.32516624999999999        0.0000000000000000        0.0000000000000000        0.0000000000000000     
   22.000000000000000       0.68977849999999996      -0.31022150000000004        0.0000000000000000        0.0000000000000000        0.0000000000000000     
   23.000000000000000       0.70362075000000002      -0.29637925000000004        0.0000000000000000        0.0000000000000000        0.0000000000000000     
   24.000000000000000       0.71648599999999996      -0.28351400000000004        0.0000000000000000        0.0000000000000000        0.0000000000000000     
   25.000000000000000       0.72846325000000001      -0.27153674999999999        0.0000000000000000        0.0000000000000000        0.0000000000000000     
   26.000000000000004       0.73963249999999992      -0.26036749999999997        0.0000000000000000        0.0000000000000000        0.0000000000000000     
   27.000000000000000       0.75008150000000007      -0.24991850000000002        0.0000000000000000        0.0000000000000000        0.0000000000000000     
   28.000000000000000       0.75986474999999998      -0.24013524999999999        0.0000000000000000        0.0000000000000000        0.0000000000000000     
   29.000000000000000       0.76905000000000001      -0.23094999999999999        0.0000000000000000        0.0000000000000000        0.0000000000000000     
   30.000000000000000       0.77768400000000004      -0.22231599999999999        0.0000000000000000        0.0000000000000000        0.0000000000000000     
   31.000000000000004       0.78580675000000000      -0.21419325000000003        0.0000000000000000        0.0000000000000000        0.0000000000000000     
   32.000000000000000       0.79347374999999998      -0.20652625000000002        0.0000000000000000        0.0000000000000000        0.0000000000000000     
   33.000000000000000       0.80071174999999994      -0.19928825000000000        0.0000000000000000        0.0000000000000000        0.0000000000000000     
   34.000000000000000       0.80755850000000007      -0.19244149999999999        0.0000000000000000        0.0000000000000000        0.0000000000000000     
   35.000000000000000       0.81403625000000002      -0.18596375000000001        0.0000000000000000        0.0000000000000000        0.0000000000000000     
   36.000000000000000       0.82018500000000016      -0.17981500000000000        0.0000000000000000        0.0000000000000000        0.0000000000000000     
   37.000000000000000       0.82602250000000010      -0.17397750000000001        0.0000000000000000        0.0000000000000000        0.0000000000000000     
   38.000000000000000       0.83156549999999996      -0.16843450000000001        0.0000000000000000        0.0000000000000000        0.0000000000000000     
   39.000000000000000       0.83683950000000007      -0.16316050000000001        0.0000000000000000        0.0000000000000000        0.0000000000000000     
   40.000000000000000       0.84185675000000004      -0.15814324999999999        0.0000000000000000        0.0000000000000000        0.0000000000000000     
   41.000000000000000       0.84664725000000007      -0.15335275000000001        0.0000000000000000        0.0000000000000000        0.0000000000000000     
   42.000000000000007       0.85121100000000005      -0.14878900000000000        0.0000000000000000        0.0000000000000000        0.0000000000000000     
   43.000000000000000       0.85557800000000006      -0.14442132499999999        0.0000000000000000        0.0000000000000000        0.0000000000000000     
   44.000000000000000       0.85974275000000000      -0.14025679999999999        0.0000000000000000        0.0000000000000000        0.0000000000000000     
   45.000000000000000       0.86373074999999999      -0.13626835000000001        0.0000000000000000        0.0000000000000000        0.0000000000000000     
   46.000000000000000       0.86754650000000000      -0.13245372500000002        0.0000000000000000        0.0000000000000000        0.0000000000000000     
   47.000000000000007       0.87120550000000008      -0.12879472500000000        0.0000000000000000        0.0000000000000000        0.0000000000000000     
   48.000000000000000       0.87471774999999996      -0.12528135000000001        0.0000000000000000        0.0000000000000000        0.0000000000000000     
   49.000000000000000       0.87807999999999997      -0.12191910000000000        0.0000000000000000        0.0000000000000000        0.0000000000000000     
   50.000000000000000       0.88130999999999993      -0.11869067500000001        0.0000000000000000        0.0000000000000000        0.0000000000000000     
   51.000000000000000       0.88441325000000004      -0.11558607500000000        0.0000000000000000        0.0000000000000000        0.0000000000000000     
   52.000000000000007       0.88739650000000003      -0.11260394999999999        0.0000000000000000        0.0000000000000000        0.0000000000000000     
   53.000000000000000       0.89026525000000001      -0.10973475000000001        0.0000000000000000        0.0000000000000000        0.0000000000000000     
   54.000000000000000       0.89302949999999992      -0.10696937500000001        0.0000000000000000        0.0000000000000000        0.0000000000000000     
   55.000000000000000       0.89568599999999998      -0.10431400000000000        0.0000000000000000        0.0000000000000000        0.0000000000000000     
   56.000000000000000       0.89824800000000005      -0.10175177500000000        0.0000000000000000        0.0000000000000000        0.0000000000000000     
   57.000000000000007       0.90071774999999998       -9.9281800000000003E-002   0.0000000000000000        0.0000000000000000        0.0000000000000000     
   58.000000000000000       0.90310525000000008       -9.6894525000000009E-002   0.0000000000000000        0.0000000000000000        0.0000000000000000     
   59.000000000000000       0.90540274999999992       -9.4597249999999994E-002   0.0000000000000000        0.0000000000000000        0.0000000000000000     
   60.000000000000000       0.90762575000000001       -9.2373125000000000E-002   0.0000000000000000        0.0000000000000000        0.0000000000000000     
   61.000000000000000       0.90977100000000011       -9.0229000000000004E-002   0.0000000000000000        0.0000000000000000        0.0000000000000000     
   62.000000000000007       0.91184399999999999       -8.8157775000000008E-002   0.0000000000000000        0.0000000000000000        0.0000000000000000     
   63.000000000000000       0.91384699999999996       -8.6154124999999998E-002   0.0000000000000000        0.0000000000000000        0.0000000000000000     
   64.000000000000000       0.91578550000000014       -8.4215924999999997E-002   0.0000000000000000        0.0000000000000000        0.0000000000000000     
   65.000000000000000       0.91765850000000004       -8.2340625000000001E-002   0.0000000000000000        0.0000000000000000        0.0000000000000000     
   66.000000000000000       0.91947700000000010       -8.0524999999999999E-002   0.0000000000000000        0.0000000000000000        0.0000000000000000     
   67.000000000000000       0.92123550000000010       -7.8767600000000007E-002   0.0000000000000000        0.0000000000000000        0.0000000000000000     
   68.000000000000000       0.92293624999999990       -7.7063874999999990E-002   0.0000000000000000        0.0000000000000000        0.0000000000000000     
   69.000000000000000       0.92458475000000007       -7.5413149999999998E-002   0.0000000000000000        0.0000000000000000        0.0000000000000000     
   70.000000000000000       0.92618325000000001       -7.3812649999999994E-002   0.0000000000000000        0.0000000000000000        0.0000000000000000     
   71.000000000000000       0.92773950000000005       -7.2261149999999996E-002   0.0000000000000000        0.0000000000000000        0.0000000000000000     
   72.000000000000000       0.92924800000000007       -7.0755425000000011E-002   0.0000000000000000        0.0000000000000000        0.0000000000000000     
   73.000000000000000       0.93070874999999997       -6.9293925000000006E-002   0.0000000000000000        0.0000000000000000        0.0000000000000000     
   74.000000000000000       0.93212724999999996       -6.7874975000000004E-002   0.0000000000000000        0.0000000000000000        0.0000000000000000     
   75.000000000000000       0.93350574999999991       -6.6496800000000009E-002   0.0000000000000000        0.0000000000000000        0.0000000000000000     
   76.000000000000000       0.93484425000000004       -6.5157624999999997E-002   0.0000000000000000        0.0000000000000000        0.0000000000000000     
   77.000000000000000       0.93614500000000000       -6.3856549999999998E-002   0.0000000000000000        0.0000000000000000        0.0000000000000000     
   78.000000000000000       0.93740575000000004       -6.2592024999999996E-002   0.0000000000000000        0.0000000000000000        0.0000000000000000     
   79.000000000000000       0.93863649999999998       -6.1362275000000001E-002   0.0000000000000000        0.0000000000000000        0.0000000000000000     
   80.000000000000000       0.93983725000000007       -6.0166400000000002E-002   0.0000000000000000        0.0000000000000000        0.0000000000000000     
   81.000000000000000       0.94100025000000009       -5.9002300000000008E-002   0.0000000000000000        0.0000000000000000        0.0000000000000000     
   82.000000000000000       0.94213324999999992       -5.7870075000000007E-002   0.0000000000000000        0.0000000000000000        0.0000000000000000     
   83.000000000000000       0.94323625000000000       -5.6767400000000003E-002   0.0000000000000000        0.0000000000000000        0.0000000000000000     
   84.000000000000014       0.94430375000000000       -5.5693825000000002E-002   0.0000000000000000        0.0000000000000000        0.0000000000000000     
   85.000000000000000       0.94534899999999999       -5.4648350000000005E-002   0.0000000000000000        0.0000000000000000        0.0000000000000000     
   86.000000000000000       0.94637199999999999       -5.3629200000000009E-002   0.0000000000000000        0.0000000000000000        0.0000000000000000     
   87.000000000000000       0.94736175000000000       -5.2636925000000001E-002   0.0000000000000000        0.0000000000000000        0.0000000000000000     
   88.000000000000000       0.94832925000000001       -5.1668749999999999E-002   0.0000000000000000        0.0000000000000000        0.0000000000000000     
   89.000000000000014       0.94927675000000000       -5.0725674999999998E-002   0.0000000000000000        0.0000000000000000        0.0000000000000000     
   90.000000000000000       0.95019650000000000       -4.9805475000000002E-002   0.0000000000000000        0.0000000000000000        0.0000000000000000     
   91.000000000000000       0.95109074999999998       -4.8908375000000004E-002   0.0000000000000000        0.0000000000000000        0.0000000000000000     
   92.000000000000000       0.95196274999999997       -4.8032925000000004E-002   0.0000000000000000        0.0000000000000000        0.0000000000000000     
   93.000000000000000       0.95282475000000011       -4.7178575000000007E-002   0.0000000000000000        0.0000000000000000        0.0000000000000000     
   94.000000000000014       0.95365125000000006       -4.6345100000000000E-002   0.0000000000000000        0.0000000000000000        0.0000000000000000     
   95.000000000000000       0.95446550000000008       -4.5531500000000003E-002   0.0000000000000000        0.0000000000000000        0.0000000000000000     
   96.000000000000000       0.95526200000000006       -4.4736775000000006E-002   0.0000000000000000        0.0000000000000000        0.0000000000000000     
   97.000000000000000       0.95604075000000011       -4.3960925000000005E-002   0.0000000000000000        0.0000000000000000        0.0000000000000000     
   98.000000000000000       0.95679950000000002       -4.3202949999999997E-002   0.0000000000000000        0.0000000000000000        0.0000000000000000     
   99.000000000000014       0.95753825000000004       -4.2461850000000002E-002   0.0000000000000000        0.0000000000000000        0.0000000000000000     
   100.00000000000000       0.95826150000000010       -4.1738399999999995E-002   0.0000000000000000        0.0000000000000000        0.0000000000000000     
   101.00000000000000       0.95897250000000001       -4.1031049999999999E-002   0.0000000000000000        0.0000000000000000        0.0000000000000000     
   102.00000000000000       0.95965800000000001       -4.0339350000000003E-002   0.0000000000000000        0.0000000000000000        0.0000000000000000     
   103.00000000000000       0.96034124999999992       -3.9663524999999998E-002   0.0000000000000000        0.0000000000000000        0.0000000000000000     
   104.00000000000001       0.96099675000000007       -3.9002575000000005E-002   0.0000000000000000        0.0000000000000000        0.0000000000000000     
   105.00000000000000       0.96164450000000001       -3.8356274999999995E-002   0.0000000000000000        0.0000000000000000        0.0000000000000000     
   106.00000000000000       0.96227450000000003       -3.7723850000000003E-002   0.0000000000000000        0.0000000000000000        0.0000000000000000     
   107.00000000000000       0.96289225000000001       -3.7105300000000001E-002   0.0000000000000000        0.0000000000000000        0.0000000000000000     
   108.00000000000000       0.96350225000000012       -3.6499625000000001E-002   0.0000000000000000        0.0000000000000000        0.0000000000000000     
   109.00000000000001       0.96409449999999997       -3.5907600000000005E-002   0.0000000000000000        0.0000000000000000        0.0000000000000000     
   110.00000000000000       0.96466900000000000       -3.5327675000000003E-002   0.0000000000000000        0.0000000000000000        0.0000000000000000     
   111.00000000000000       0.96524125000000005       -3.4760174999999997E-002   0.0000000000000000        0.0000000000000000        0.0000000000000000     
   112.00000000000000       0.96579800000000016       -3.4204775000000000E-002   0.0000000000000000        0.0000000000000000        0.0000000000000000     
   113.00000000000000       0.96633474999999991       -3.3660250000000003E-002   0.0000000000000000        0.0000000000000000        0.0000000000000000     
   114.00000000000001       0.96687150000000011       -3.3127600000000000E-002   0.0000000000000000        0.0000000000000000        0.0000000000000000     
   115.00000000000000       0.96739275000000002       -3.2605824999999998E-002   0.0000000000000000        0.0000000000000000        0.0000000000000000     
   116.00000000000000       0.96790175000000001       -3.2094700000000004E-002   0.0000000000000000        0.0000000000000000        0.0000000000000000     
   117.00000000000000       0.96840300000000001       -3.1594449999999996E-002   0.0000000000000000        0.0000000000000000        0.0000000000000000     
   118.00000000000000       0.96889425000000018       -3.1104075000000002E-002   0.0000000000000000        0.0000000000000000        0.0000000000000000     
   119.00000000000001       0.96937774999999993       -3.0623024999999998E-002   0.0000000000000000        0.0000000000000000        0.0000000000000000     
   120.00000000000000       0.96985125000000005       -3.0152399999999999E-002   0.0000000000000000        0.0000000000000000        0.0000000000000000     
   121.00000000000000       0.97030925000000001       -2.9690874999999999E-002   0.0000000000000000        0.0000000000000000        0.0000000000000000     
   122.00000000000000       0.97076499999999999       -2.9238225000000003E-002   0.0000000000000000        0.0000000000000000        0.0000000000000000     
   123.00000000000000       0.97120300000000004       -2.8794449999999999E-002   0.0000000000000000        0.0000000000000000        0.0000000000000000     
   124.00000000000001       0.97164099999999998       -2.8359775000000000E-002   0.0000000000000000        0.0000000000000000        0.0000000000000000     
   125.00000000000000       0.97207125000000005       -2.7932975000000002E-002   0.0000000000000000        0.0000000000000000        0.0000000000000000     
   126.00000000000000       0.97248374999999998       -2.7515049999999999E-002   0.0000000000000000        0.0000000000000000        0.0000000000000000     
   127.00000000000000       0.97289400000000004       -2.7104225000000003E-002   0.0000000000000000        0.0000000000000000        0.0000000000000000     
   128.00000000000000       0.97329650000000001       -2.6702275000000004E-002   0.0000000000000000        0.0000000000000000        0.0000000000000000     
   129.00000000000000       0.97369124999999990       -2.6307650000000002E-002   0.0000000000000000        0.0000000000000000        0.0000000000000000     
   130.00000000000000       0.97407600000000005       -2.5920630000000000E-002   0.0000000000000000        0.0000000000000000        0.0000000000000000     
   131.00000000000000       0.97446074999999999       -2.5540822500000001E-002   0.0000000000000000        0.0000000000000000        0.0000000000000000     
   132.00000000000000       0.97482774999999999       -2.5168844999999999E-002   0.0000000000000000        0.0000000000000000        0.0000000000000000     
   133.00000000000000       0.97519699999999998       -2.4803102500000004E-002   0.0000000000000000        0.0000000000000000        0.0000000000000000     
   134.00000000000000       0.97555400000000003       -2.4444392499999999E-002   0.0000000000000000        0.0000000000000000        0.0000000000000000     
   135.00000000000000       0.97590549999999998       -2.4092647500000001E-002   0.0000000000000000        0.0000000000000000        0.0000000000000000     
   136.00000000000000       0.97625474999999995       -2.3747092500000001E-002   0.0000000000000000        0.0000000000000000        0.0000000000000000     
   137.00000000000000       0.97659625000000005       -2.3407705000000001E-002   0.0000000000000000        0.0000000000000000        0.0000000000000000     
   138.00000000000000       0.97692775000000009       -2.3075214999999996E-002   0.0000000000000000        0.0000000000000000        0.0000000000000000     
   139.00000000000000       0.97725150000000005       -2.2748072500000001E-002   0.0000000000000000        0.0000000000000000        0.0000000000000000     
   140.00000000000000       0.97757525000000001       -2.2427782500000000E-002   0.0000000000000000        0.0000000000000000        0.0000000000000000     
   141.00000000000000       0.97789124999999999       -2.2112795000000001E-002   0.0000000000000000        0.0000000000000000        0.0000000000000000     
   142.00000000000000       0.97819725000000002       -2.1803087499999999E-002   0.0000000000000000        0.0000000000000000        0.0000000000000000     
   143.00000000000000       0.97850324999999994       -2.1499412500000002E-002   0.0000000000000000        0.0000000000000000        0.0000000000000000     
   144.00000000000000       0.97880149999999999       -2.1200972500000002E-002   0.0000000000000000        0.0000000000000000        0.0000000000000000     
   145.00000000000000       0.97908974999999998       -2.0908520000000000E-002   0.0000000000000000        0.0000000000000000        0.0000000000000000     
   146.00000000000000       0.97937800000000008       -2.0620505000000001E-002   0.0000000000000000        0.0000000000000000        0.0000000000000000     
   147.00000000000000       0.97965849999999999       -2.0338455000000002E-002   0.0000000000000000        0.0000000000000000        0.0000000000000000     
   148.00000000000000       0.97993900000000012       -2.0060820000000000E-002   0.0000000000000000        0.0000000000000000        0.0000000000000000     
   149.00000000000000       0.98021175000000005       -1.9788330000000003E-002   0.0000000000000000        0.0000000000000000        0.0000000000000000     
   150.00000000000000       0.98048225000000000       -1.9520210000000000E-002   0.0000000000000000        0.0000000000000000        0.0000000000000000     
   151.00000000000000       0.98074500000000009       -1.9257212499999999E-002   0.0000000000000000        0.0000000000000000        0.0000000000000000     
   152.00000000000000       0.98100000000000009       -1.8998562500000000E-002   0.0000000000000000        0.0000000000000000        0.0000000000000000     
   153.00000000000000       0.98125499999999999       -1.8745035000000000E-002   0.0000000000000000        0.0000000000000000        0.0000000000000000     
   154.00000000000000       0.98150775000000012       -1.8495035000000000E-002   0.0000000000000000        0.0000000000000000        0.0000000000000000     
   155.00000000000000       0.98174499999999998       -1.8250112499999999E-002   0.0000000000000000        0.0000000000000000        0.0000000000000000     
   156.00000000000000       0.98199225000000001       -1.8009470000000000E-002   0.0000000000000000        0.0000000000000000        0.0000000000000000     
   157.00000000000000       0.98222949999999998       -1.7772355000000000E-002   0.0000000000000000        0.0000000000000000        0.0000000000000000     
   158.00000000000000       0.98245674999999999       -1.7539497499999997E-002   0.0000000000000000        0.0000000000000000        0.0000000000000000     
   159.00000000000000       0.98268625000000009       -1.7310920000000000E-002   0.0000000000000000        0.0000000000000000        0.0000000000000000     
   160.00000000000000       0.98291350000000011       -1.7085802500000000E-002   0.0000000000000000        0.0000000000000000        0.0000000000000000     
   161.00000000000000       0.98313525000000002       -1.6864920000000002E-002   0.0000000000000000        0.0000000000000000        0.0000000000000000     
   162.00000000000000       0.98335474999999994       -1.6647497500000000E-002   0.0000000000000000        0.0000000000000000        0.0000000000000000     
   163.00000000000000       0.98356650000000001       -1.6434310000000001E-002   0.0000000000000000        0.0000000000000000        0.0000000000000000     
   164.00000000000000       0.98377599999999998       -1.6223784999999998E-002   0.0000000000000000        0.0000000000000000        0.0000000000000000     
   165.00000000000000       0.98397999999999997       -1.6017450000000003E-002   0.0000000000000000        0.0000000000000000        0.0000000000000000     
   166.00000000000000       0.98418399999999995       -1.5814552500000002E-002   0.0000000000000000        0.0000000000000000        0.0000000000000000     
   167.00000000000000       0.98438575000000006       -1.5615047500000000E-002   0.0000000000000000        0.0000000000000000        0.0000000000000000     
   168.00000000000003       0.98457974999999998       -1.5418957500000000E-002   0.0000000000000000        0.0000000000000000        0.0000000000000000     
   169.00000000000000       0.98477375000000000       -1.5226260000000000E-002   0.0000000000000000        0.0000000000000000        0.0000000000000000     
   170.00000000000000       0.98496000000000006       -1.5036180000000000E-002   0.0000000000000000        0.0000000000000000        0.0000000000000000     
   171.00000000000000       0.98514625000000011       -1.4849492499999999E-002   0.0000000000000000        0.0000000000000000        0.0000000000000000     
   172.00000000000000       0.98533249999999994       -1.4666175000000002E-002   0.0000000000000000        0.0000000000000000        0.0000000000000000     
   173.00000000000003       0.98551875000000011       -1.4485452499999999E-002   0.0000000000000000        0.0000000000000000        0.0000000000000000     
   174.00000000000000       0.98569499999999999       -1.4308100000000001E-002   0.0000000000000000        0.0000000000000000        0.0000000000000000     
   175.00000000000000       0.98586350000000011       -1.4133320000000001E-002   0.0000000000000000        0.0000000000000000        0.0000000000000000     
   176.00000000000000       0.98604199999999997       -1.3961887499999999E-002   0.0000000000000000        0.0000000000000000        0.0000000000000000     
   177.00000000000000       0.98621049999999999       -1.3792275000000001E-002   0.0000000000000000        0.0000000000000000        0.0000000000000000     
   178.00000000000003       0.98637125000000003       -1.3626762500000000E-002   0.0000000000000000        0.0000000000000000        0.0000000000000000     
   179.00000000000000       0.98653974999999994       -1.3463025000000002E-002   0.0000000000000000        0.0000000000000000        0.0000000000000000     
   180.00000000000000       0.98670049999999998       -1.3301837500000000E-002   0.0000000000000000        0.0000000000000000        0.0000000000000000     
   181.00000000000000       0.98685900000000004       -1.3143997500000001E-002   0.0000000000000000        0.0000000000000000        0.0000000000000000     
   182.00000000000000       0.98701200000000000       -1.2987910000000002E-002   0.0000000000000000        0.0000000000000000        0.0000000000000000     
   183.00000000000003       0.98716500000000007       -1.2835125000000001E-002   0.0000000000000000        0.0000000000000000        0.0000000000000000     
   184.00000000000000       0.98731575000000005       -1.2684114999999999E-002   0.0000000000000000        0.0000000000000000        0.0000000000000000     
   185.00000000000000       0.98746650000000002       -1.2535632500000001E-002   0.0000000000000000        0.0000000000000000        0.0000000000000000     
   186.00000000000000       0.98761175000000001       -1.2389677500000000E-002   0.0000000000000000        0.0000000000000000        0.0000000000000000     
   187.00000000000000       0.98775474999999990       -1.2246227500000000E-002   0.0000000000000000        0.0000000000000000        0.0000000000000000     
   188.00000000000003       0.98789775000000002       -1.2104530000000000E-002   0.0000000000000000        0.0000000000000000        0.0000000000000000     
   189.00000000000000       0.98803300000000005       -1.1965337500000001E-002   0.0000000000000000        0.0000000000000000        0.0000000000000000     
   190.00000000000000       0.98816825000000008       -1.1828650000000000E-002   0.0000000000000000        0.0000000000000000        0.0000000000000000     
   191.00000000000000       0.98830350000000000       -1.1693715000000000E-002   0.0000000000000000        0.0000000000000000        0.0000000000000000     
   192.00000000000000       0.98843875000000003       -1.1561262499999999E-002   0.0000000000000000        0.0000000000000000        0.0000000000000000     
   193.00000000000003       0.98857174999999997       -1.1430517500000001E-002   0.0000000000000000        0.0000000000000000        0.0000000000000000     
   194.00000000000000       0.98869925000000003       -1.1301502499999999E-002   0.0000000000000000        0.0000000000000000        0.0000000000000000     
   195.00000000000000       0.98882675000000009       -1.1174970000000001E-002   0.0000000000000000        0.0000000000000000        0.0000000000000000     
   196.00000000000000       0.98895200000000005       -1.1050167500000001E-002   0.0000000000000000        0.0000000000000000        0.0000000000000000     
   197.00000000000000       0.98906949999999993       -1.0927824999999999E-002   0.0000000000000000        0.0000000000000000        0.0000000000000000     
   198.00000000000003       0.98919700000000010       -1.0807190000000001E-002   0.0000000000000000        0.0000000000000000        0.0000000000000000     
   199.00000000000000       0.98931449999999987       -1.0688262500000000E-002   0.0000000000000000        0.0000000000000000        0.0000000000000000     
   200.00000000000000       0.98943199999999998       -1.0571042500000001E-002   0.0000000000000000        0.0000000000000000        0.0000000000000000     
   201.00000000000000       0.98954399999999998       -1.0455507500000001E-002   0.0000000000000000        0.0000000000000000        0.0000000000000000     
   202.00000000000000       0.98966150000000008       -1.0341657500000000E-002   0.0000000000000000        0.0000000000000000        0.0000000000000000     
   203.00000000000003       0.98977124999999999       -1.0230267500000001E-002   0.0000000000000000        0.0000000000000000        0.0000000000000000     
   204.00000000000000       0.98988100000000001       -1.0119810000000000E-002   0.0000000000000000        0.0000000000000000        0.0000000000000000     
   205.00000000000000       0.98999075000000003       -1.0011790000000001E-002   0.0000000000000000        0.0000000000000000        0.0000000000000000     
   206.00000000000000       0.99009824999999996       -9.9046800000000008E-003   0.0000000000000000        0.0000000000000000        0.0000000000000000     
   207.00000000000000       0.99020025000000000       -9.7992550000000015E-003   0.0000000000000000        0.0000000000000000        0.0000000000000000     
   208.00000000000003       0.99030225000000005       -9.6954925000000015E-003   0.0000000000000000        0.0000000000000000        0.0000000000000000     
   209.00000000000000       0.99040425000000010       -9.5934149999999992E-003   0.0000000000000000        0.0000000000000000        0.0000000000000000     
   210.00000000000000       0.99050400000000005       -9.4930225000000000E-003   0.0000000000000000        0.0000000000000000        0.0000000000000000     
   211.00000000000000       0.99060600000000010       -9.3942699999999997E-003   0.0000000000000000        0.0000000000000000        0.0000000000000000     
   212.00000000000000       0.99070575000000005       -9.2964274999999992E-003   0.0000000000000000        0.0000000000000000        0.0000000000000000     
   213.00000000000003       0.99080000000000001       -9.2002250000000011E-003   0.0000000000000000        0.0000000000000000        0.0000000000000000     
   214.00000000000000       0.99089200000000000       -9.1057075000000008E-003   0.0000000000000000        0.0000000000000000        0.0000000000000000     
   215.00000000000000       0.99098624999999996       -9.0120775000000000E-003   0.0000000000000000        0.0000000000000000        0.0000000000000000     
   216.00000000000000       0.99107824999999994       -8.9200874999999999E-003   0.0000000000000000        0.0000000000000000        0.0000000000000000     
   217.00000000000000       0.99117025000000003       -8.8289850000000010E-003   0.0000000000000000        0.0000000000000000        0.0000000000000000     
   218.00000000000003       0.99126450000000010       -8.7402974999999990E-003   0.0000000000000000        0.0000000000000000        0.0000000000000000     
   219.00000000000000       0.99134875000000000       -8.6517450000000006E-003   0.0000000000000000        0.0000000000000000        0.0000000000000000     
   220.00000000000000       0.99143300000000001       -8.5655850000000006E-003   0.0000000000000000        0.0000000000000000        0.0000000000000000     
   221.00000000000000       0.99151725000000002       -8.4796925000000002E-003   0.0000000000000000        0.0000000000000000        0.0000000000000000     
   222.00000000000000       0.99160150000000002       -8.3954400000000005E-003   0.0000000000000000        0.0000000000000000        0.0000000000000000     
   223.00000000000003       0.99168575000000003       -8.3123625000000017E-003   0.0000000000000000        0.0000000000000000        0.0000000000000000     
   224.00000000000000       0.99177000000000004       -8.2304825000000005E-003   0.0000000000000000        0.0000000000000000        0.0000000000000000     
   225.00000000000000       0.99184649999999996       -8.1497549999999998E-003   0.0000000000000000        0.0000000000000000        0.0000000000000000     
   226.00000000000000       0.99193075000000008       -8.0701474999999995E-003   0.0000000000000000        0.0000000000000000        0.0000000000000000     
   227.00000000000000       0.99200725000000001       -7.9916924999999996E-003   0.0000000000000000        0.0000000000000000        0.0000000000000000     
   228.00000000000003       0.99208374999999993       -7.9143349999999998E-003   0.0000000000000000        0.0000000000000000        0.0000000000000000     
   229.00000000000000       0.99215799999999998       -7.8380750000000016E-003   0.0000000000000000        0.0000000000000000        0.0000000000000000     
   230.00000000000000       0.99223450000000013       -7.7629125000000000E-003   0.0000000000000000        0.0000000000000000        0.0000000000000000     
   231.00000000000000       0.99231100000000005       -7.6888249999999998E-003   0.0000000000000000        0.0000000000000000        0.0000000000000000     
   232.00000000000000       0.99238749999999998       -7.6156799999999997E-003   0.0000000000000000        0.0000000000000000        0.0000000000000000     
   233.00000000000003       0.99245400000000006       -7.5436100000000001E-003   0.0000000000000000        0.0000000000000000        0.0000000000000000     
   234.00000000000000       0.99253050000000009       -7.4724825000000005E-003   0.0000000000000000        0.0000000000000000        0.0000000000000000     
   235.00000000000000       0.99259699999999995       -7.4023524999999998E-003   0.0000000000000000        0.0000000000000000        0.0000000000000000     
   236.00000000000000       0.99266575000000001       -7.3332200000000005E-003   0.0000000000000000        0.0000000000000000        0.0000000000000000     
   237.00000000000000       0.99273450000000008       -7.2650300000000004E-003   0.0000000000000000        0.0000000000000000        0.0000000000000000     
   238.00000000000003       0.99280100000000004       -7.1977600000000001E-003   0.0000000000000000        0.0000000000000000        0.0000000000000000     
   239.00000000000000       0.99286750000000001       -7.1314099999999995E-003   0.0000000000000000        0.0000000000000000        0.0000000000000000     
   240.00000000000000       0.99293625000000008       -7.0659025000000004E-003   0.0000000000000000        0.0000000000000000        0.0000000000000000     
   241.00000000000000       0.99299499999999996       -7.0013149999999993E-003   0.0000000000000000        0.0000000000000000        0.0000000000000000     
   242.00000000000000       0.99306375000000002       -6.9376475000000005E-003   0.0000000000000000        0.0000000000000000        0.0000000000000000     
   243.00000000000003       0.99312250000000002       -6.8747450000000007E-003   0.0000000000000000        0.0000000000000000        0.0000000000000000     
   244.00000000000000       0.99318899999999999       -6.8127624999999997E-003   0.0000000000000000        0.0000000000000000        0.0000000000000000     
   245.00000000000000       0.99325000000000008       -6.7515450000000003E-003   0.0000000000000000        0.0000000000000000        0.0000000000000000     
   246.00000000000000       0.99330874999999996       -6.6911700000000006E-003   0.0000000000000000        0.0000000000000000        0.0000000000000000     
   247.00000000000000       0.99336749999999996       -6.6316149999999996E-003   0.0000000000000000        0.0000000000000000        0.0000000000000000     
   248.00000000000003       0.99342625000000007       -6.5728474999999995E-003   0.0000000000000000        0.0000000000000000        0.0000000000000000     
   249.00000000000000       0.99348500000000006       -6.5148000000000011E-003   0.0000000000000000        0.0000000000000000        0.0000000000000000     
   250.00000000000000       0.99354375000000017       -6.4575399999999995E-003   0.0000000000000000        0.0000000000000000        0.0000000000000000     
   251.00000000000000       0.99359700000000006       -6.4010224999999999E-003   0.0000000000000000        0.0000000000000000        0.0000000000000000     
   252.00000000000000       0.99365574999999995       -6.3452474999999998E-003   0.0000000000000000        0.0000000000000000        0.0000000000000000     
   253.00000000000003       0.99370675000000008       -6.2901600000000004E-003   0.0000000000000000        0.0000000000000000        0.0000000000000000     
   254.00000000000000       0.99376549999999997       -6.2358374999999999E-003   0.0000000000000000        0.0000000000000000        0.0000000000000000     
   255.00000000000000       0.99381649999999999       -6.1821800000000007E-003   0.0000000000000000        0.0000000000000000        0.0000000000000000     
   256.00000000000000       0.99387525000000010       -6.1291875000000001E-003   0.0000000000000000        0.0000000000000000        0.0000000000000000     
   257.00000000000000       0.99392625000000001       -6.0768824999999993E-003   0.0000000000000000        0.0000000000000000        0.0000000000000000     
   258.00000000000000       0.99397725000000003       -6.0252424999999998E-003   0.0000000000000000        0.0000000000000000        0.0000000000000000     
   259.00000000000000       0.99402824999999995       -5.9742675000000007E-003   0.0000000000000000        0.0000000000000000        0.0000000000000000     
   260.00000000000000       0.99407700000000010       -5.9238799999999994E-003   0.0000000000000000        0.0000000000000000        0.0000000000000000     
   261.00000000000000       0.99412800000000001       -5.8741799999999997E-003   0.0000000000000000        0.0000000000000000        0.0000000000000000     
   262.00000000000000       0.99417124999999995       -5.8251450000000003E-003   0.0000000000000000        0.0000000000000000        0.0000000000000000     
   263.00000000000000       0.99422224999999997       -5.7766199999999997E-003   0.0000000000000000        0.0000000000000000        0.0000000000000000     
   264.00000000000000       0.99427325000000000       -5.7287600000000003E-003   0.0000000000000000        0.0000000000000000        0.0000000000000000     
   265.00000000000000       0.99431650000000005       -5.6814875000000004E-003   0.0000000000000000        0.0000000000000000        0.0000000000000000     
   266.00000000000000       0.99436524999999998       -5.6348025000000001E-003   0.0000000000000000        0.0000000000000000        0.0000000000000000     
   267.00000000000000       0.99440850000000003       -5.5886275000000003E-003   0.0000000000000000        0.0000000000000000        0.0000000000000000     
   268.00000000000000       0.99445950000000005       -5.5431174999999999E-003   0.0000000000000000        0.0000000000000000        0.0000000000000000     
   269.00000000000000       0.99450275000000010       -5.4981175000000009E-003   0.0000000000000000        0.0000000000000000        0.0000000000000000     
   270.00000000000000       0.99454375000000006       -5.4536274999999997E-003   0.0000000000000000        0.0000000000000000        0.0000000000000000     
   271.00000000000000       0.99458700000000000       -5.4097250000000006E-003   0.0000000000000000        0.0000000000000000        0.0000000000000000     
   272.00000000000000       0.99463800000000013       -5.3663325000000003E-003   0.0000000000000000        0.0000000000000000        0.0000000000000000     
   273.00000000000000       0.99467900000000009       -5.3234500000000004E-003   0.0000000000000000        0.0000000000000000        0.0000000000000000     
   274.00000000000000       0.99472225000000003       -5.2810549999999998E-003   0.0000000000000000        0.0000000000000000        0.0000000000000000     
   275.00000000000000       0.99476324999999999       -5.2391700000000005E-003   0.0000000000000000        0.0000000000000000        0.0000000000000000     
   276.00000000000000       0.99479874999999995       -5.1978725000000007E-003   0.0000000000000000        0.0000000000000000        0.0000000000000000     
   277.00000000000000       0.99484200000000000       -5.1569300000000005E-003   0.0000000000000000        0.0000000000000000        0.0000000000000000     
   278.00000000000000       0.99488299999999996       -5.1165524999999996E-003   0.0000000000000000        0.0000000000000000        0.0000000000000000     
   279.00000000000000       0.99492625000000001       -5.0766075000000001E-003   0.0000000000000000        0.0000000000000000        0.0000000000000000     
   280.00000000000000       0.99495950000000000       -5.0371725000000001E-003   0.0000000000000000        0.0000000000000000        0.0000000000000000     
   281.00000000000000       0.99500275000000005       -4.9981475000000003E-003   0.0000000000000000        0.0000000000000000        0.0000000000000000     
   282.00000000000000       0.99504375000000000       -4.9596325000000000E-003   0.0000000000000000        0.0000000000000000        0.0000000000000000     
   283.00000000000000       0.99507924999999997       -4.9215500000000002E-003   0.0000000000000000        0.0000000000000000        0.0000000000000000     
   284.00000000000000       0.99511250000000007       -4.8838774999999997E-003   0.0000000000000000        0.0000000000000000        0.0000000000000000     
   285.00000000000000       0.99515350000000014       -4.8466150000000003E-003   0.0000000000000000        0.0000000000000000        0.0000000000000000     
   286.00000000000000       0.99518899999999999       -4.8098625000000004E-003   0.0000000000000000        0.0000000000000000        0.0000000000000000     
   287.00000000000000       0.99522224999999997       -4.7734649999999993E-003   0.0000000000000000        0.0000000000000000        0.0000000000000000     
   288.00000000000000       0.99526550000000014       -4.7374775000000001E-003   0.0000000000000000        0.0000000000000000        0.0000000000000000     
   289.00000000000000       0.99529875000000012       -4.7019225000000005E-003   0.0000000000000000        0.0000000000000000        0.0000000000000000     
   290.00000000000000       0.99533199999999999       -4.6667000000000002E-003   0.0000000000000000        0.0000000000000000        0.0000000000000000     
   291.00000000000000       0.99536750000000007       -4.6319650000000009E-003   0.0000000000000000        0.0000000000000000        0.0000000000000000     
   292.00000000000000       0.99540074999999995       -4.5975075000000004E-003   0.0000000000000000        0.0000000000000000        0.0000000000000000     
   293.00000000000000       0.99543399999999993       -4.5635375000000001E-003   0.0000000000000000        0.0000000000000000        0.0000000000000000     
   294.00000000000000       0.99546950000000012       -4.5299225000000002E-003   0.0000000000000000        0.0000000000000000        0.0000000000000000     
   295.00000000000000       0.99550274999999999       -4.4966174999999994E-003   0.0000000000000000        0.0000000000000000        0.0000000000000000     
   296.00000000000000       0.99553599999999998       -4.4637675000000002E-003   0.0000000000000000        0.0000000000000000        0.0000000000000000     
   297.00000000000000       0.99557150000000005       -4.4311500000000000E-003   0.0000000000000000        0.0000000000000000        0.0000000000000000     
   298.00000000000000       0.99560475000000004       -4.3990425000000003E-003   0.0000000000000000        0.0000000000000000        0.0000000000000000     
   299.00000000000000       0.99563025000000005       -4.3671900000000000E-003   0.0000000000000000        0.0000000000000000        0.0000000000000000     
   300.00000000000000       0.99566350000000003       -4.3356700000000007E-003   0.0000000000000000        0.0000000000000000        0.0000000000000000     
   301.00000000000000       0.99569900000000011       -4.3045050000000001E-003   0.0000000000000000        0.0000000000000000        0.0000000000000000     
   302.00000000000000       0.99572450000000012       -4.2736500000000004E-003   0.0000000000000000        0.0000000000000000        0.0000000000000000     
   303.00000000000000       0.99575775000000011       -4.2432275000000002E-003   0.0000000000000000        0.0000000000000000        0.0000000000000000     
   304.00000000000000       0.99578325000000001       -4.2130600000000002E-003   0.0000000000000000        0.0000000000000000        0.0000000000000000     
   305.00000000000000       0.99581650000000010       -4.1831699999999999E-003   0.0000000000000000        0.0000000000000000        0.0000000000000000     
   306.00000000000000       0.99584200000000000       -4.1536675000000004E-003   0.0000000000000000        0.0000000000000000        0.0000000000000000     
   307.00000000000000       0.99587749999999997       -4.1244425000000005E-003   0.0000000000000000        0.0000000000000000        0.0000000000000000     
   308.00000000000000       0.99590300000000009       -4.0955275000000005E-003   0.0000000000000000        0.0000000000000000        0.0000000000000000     
   309.00000000000000       0.99593624999999997       -4.0668900000000001E-003   0.0000000000000000        0.0000000000000000        0.0000000000000000     
   310.00000000000000       0.99596175000000009       -4.0385849999999999E-003   0.0000000000000000        0.0000000000000000        0.0000000000000000     
   311.00000000000000       0.99598724999999999       -4.0106124999999999E-003   0.0000000000000000        0.0000000000000000        0.0000000000000000     
   312.00000000000000       0.99602049999999998       -3.9828175000000002E-003   0.0000000000000000        0.0000000000000000        0.0000000000000000     
   313.00000000000000       0.99604599999999999       -3.9554324999999998E-003   0.0000000000000000        0.0000000000000000        0.0000000000000000     
   314.00000000000000       0.99607150000000000       -3.9282249999999996E-003   0.0000000000000000        0.0000000000000000        0.0000000000000000     
   315.00000000000000       0.99609700000000001       -3.9013500000000000E-003   0.0000000000000000        0.0000000000000000        0.0000000000000000     
   316.00000000000000       0.99612250000000002       -3.8747300000000003E-003   0.0000000000000000        0.0000000000000000        0.0000000000000000     
   317.00000000000000       0.99614800000000003       -3.8483874999999997E-003   0.0000000000000000        0.0000000000000000        0.0000000000000000     
   318.00000000000000       0.99617350000000005       -3.8222775000000000E-003   0.0000000000000000        0.0000000000000000        0.0000000000000000     
   319.00000000000000       0.99619900000000006       -3.7965000000000004E-003   0.0000000000000000        0.0000000000000000        0.0000000000000000     
   320.00000000000000       0.99622450000000007       -3.7709774999999997E-003   0.0000000000000000        0.0000000000000000        0.0000000000000000     
   321.00000000000000       0.99624999999999997       -3.7456324999999998E-003   0.0000000000000000        0.0000000000000000        0.0000000000000000     
   322.00000000000000       0.99627550000000009       -3.7206200000000004E-003   0.0000000000000000        0.0000000000000000        0.0000000000000000     
   323.00000000000000       0.99630099999999999       -3.6957850000000000E-003   0.0000000000000000        0.0000000000000000        0.0000000000000000     
   324.00000000000000       0.99632650000000000       -3.6712050000000003E-003   0.0000000000000000        0.0000000000000000        0.0000000000000000     
   325.00000000000000       0.99635199999999990       -3.6469350000000005E-003   0.0000000000000000        0.0000000000000000        0.0000000000000000     
   326.00000000000000       0.99637750000000014       -3.6228649999999999E-003   0.0000000000000000        0.0000000000000000        0.0000000000000000     
   327.00000000000000       0.99640300000000004       -3.5990275000000005E-003   0.0000000000000000        0.0000000000000000        0.0000000000000000     
   328.00000000000000       0.99642075000000008       -3.5753899999999999E-003   0.0000000000000000        0.0000000000000000        0.0000000000000000     
   329.00000000000000       0.99644624999999998       -3.5519850000000001E-003   0.0000000000000000        0.0000000000000000        0.0000000000000000     
   330.00000000000000       0.99647174999999999       -3.5288350000000001E-003   0.0000000000000000        0.0000000000000000        0.0000000000000000     
   331.00000000000006       0.99649725000000000       -3.5059400000000004E-003   0.0000000000000000        0.0000000000000000        0.0000000000000000     
   332.00000000000000       0.99651500000000004       -3.4832225000000004E-003   0.0000000000000000        0.0000000000000000        0.0000000000000000     
   333.00000000000000       0.99654050000000005       -3.4607375000000004E-003   0.0000000000000000        0.0000000000000000        0.0000000000000000     
   334.00000000000000       0.99656600000000006       -3.4384525000000004E-003   0.0000000000000000        0.0000000000000000        0.0000000000000000     
   335.00000000000000       0.99658374999999999       -3.4164000000000000E-003   0.0000000000000000        0.0000000000000000        0.0000000000000000     
   336.00000000000006       0.99660700000000002       -3.3946025000000002E-003   0.0000000000000000        0.0000000000000000        0.0000000000000000     
   337.00000000000000       0.99662474999999995       -3.3728825000000000E-003   0.0000000000000000        0.0000000000000000        0.0000000000000000     
   338.00000000000000       0.99665025000000007       -3.3514400000000002E-003   0.0000000000000000        0.0000000000000000        0.0000000000000000     
   339.00000000000000       0.99666800000000011       -3.3302300000000004E-003   0.0000000000000000        0.0000000000000000        0.0000000000000000     
   340.00000000000000       0.99669350000000001       -3.3091975000000000E-003   0.0000000000000000        0.0000000000000000        0.0000000000000000     
   341.00000000000006       0.99671125000000005       -3.2883425000000003E-003   0.0000000000000000        0.0000000000000000        0.0000000000000000     
   342.00000000000000       0.99673450000000008       -3.2676425000000000E-003   0.0000000000000000        0.0000000000000000        0.0000000000000000     
   343.00000000000000       0.99675225000000001       -3.2472199999999999E-003   0.0000000000000000        0.0000000000000000        0.0000000000000000     
   344.00000000000000       0.99676999999999993       -3.2269525000000005E-003   0.0000000000000000        0.0000000000000000        0.0000000000000000     
   345.00000000000000       0.99679549999999995       -3.2068399999999999E-003   0.0000000000000000        0.0000000000000000        0.0000000000000000     
   346.00000000000006       0.99681325000000010       -3.1869049999999999E-003   0.0000000000000000        0.0000000000000000        0.0000000000000000     
   347.00000000000000       0.99682875000000004       -3.1672475000000004E-003   0.0000000000000000        0.0000000000000000        0.0000000000000000     
   348.00000000000000       0.99685425000000005       -3.1477225000000001E-003   0.0000000000000000        0.0000000000000000        0.0000000000000000     
   349.00000000000000       0.99687199999999998       -3.1283200000000000E-003   0.0000000000000000        0.0000000000000000        0.0000000000000000     
   350.00000000000000       0.99688975000000002       -3.1091500000000002E-003   0.0000000000000000        0.0000000000000000        0.0000000000000000     
   351.00000000000006       0.99690749999999995       -3.0901350000000004E-003   0.0000000000000000        0.0000000000000000        0.0000000000000000     
   352.00000000000000       0.99693074999999998       -3.0713200000000006E-003   0.0000000000000000        0.0000000000000000        0.0000000000000000     
   353.00000000000000       0.99694850000000002       -3.0525824999999996E-003   0.0000000000000000        0.0000000000000000        0.0000000000000000     
   354.00000000000000       0.99696625000000005       -3.0340774999999998E-003   0.0000000000000000        0.0000000000000000        0.0000000000000000     
   355.00000000000000       0.99698400000000009       -3.0157725000000001E-003   0.0000000000000000        0.0000000000000000        0.0000000000000000     
   356.00000000000006       0.99699950000000004       -2.9975449999999999E-003   0.0000000000000000        0.0000000000000000        0.0000000000000000     
   357.00000000000000       0.99701724999999997       -2.9795500000000001E-003   0.0000000000000000        0.0000000000000000        0.0000000000000000     
   358.00000000000000       0.99704275000000009       -2.9616550000000001E-003   0.0000000000000000        0.0000000000000000        0.0000000000000000     
   359.00000000000000       0.99705824999999992       -2.9440150000000003E-003   0.0000000000000000        0.0000000000000000        0.0000000000000000     
   360.00000000000000       0.99707600000000007       -2.9264525000000001E-003   0.0000000000000000        0.0000000000000000        0.0000000000000000     
   361.00000000000006       0.99709375000000011       -2.9090674999999997E-003   0.0000000000000000        0.0000000000000000        0.0000000000000000     
   362.00000000000000       0.99711150000000004       -2.8917825000000000E-003   0.0000000000000000        0.0000000000000000        0.0000000000000000     
   363.00000000000000       0.99712700000000010       -2.8747300000000003E-003   0.0000000000000000        0.0000000000000000        0.0000000000000000     
   364.00000000000000       0.99714475000000002       -2.8577775000000003E-003   0.0000000000000000        0.0000000000000000        0.0000000000000000     
   365.00000000000000       0.99716249999999995       -2.8409799999999999E-003   0.0000000000000000        0.0000000000000000        0.0000000000000000     
   366.00000000000006       0.99717800000000001       -2.8242825000000002E-003   0.0000000000000000        0.0000000000000000        0.0000000000000000     
   367.00000000000000       0.99719575000000005       -2.8078174999999999E-003   0.0000000000000000        0.0000000000000000        0.0000000000000000     
   368.00000000000000       0.99720575000000000       -2.7914525000000000E-003   0.0000000000000000        0.0000000000000000        0.0000000000000000     
   369.00000000000000       0.99722124999999995       -2.7751650000000000E-003   0.0000000000000000        0.0000000000000000        0.0000000000000000     
   370.00000000000000       0.99723899999999999       -2.7590550000000003E-003   0.0000000000000000        0.0000000000000000        0.0000000000000000     
   371.00000000000006       0.99725675000000003       -2.7431224999999999E-003   0.0000000000000000        0.0000000000000000        0.0000000000000000     
   372.00000000000000       0.99727225000000008       -2.7273449999999999E-003   0.0000000000000000        0.0000000000000000        0.0000000000000000     
   373.00000000000000       0.99729000000000001       -2.7116450000000004E-003   0.0000000000000000        0.0000000000000000        0.0000000000000000     
   374.00000000000000       0.99730550000000007       -2.6960674999999996E-003   0.0000000000000000        0.0000000000000000        0.0000000000000000     
   375.00000000000000       0.99731550000000002       -2.6806224999999999E-003   0.0000000000000000        0.0000000000000000        0.0000000000000000     
   376.00000000000006       0.99733325000000006       -2.6653549999999999E-003   0.0000000000000000        0.0000000000000000        0.0000000000000000     
   377.00000000000000       0.99734875000000001       -2.6501874999999998E-003   0.0000000000000000        0.0000000000000000        0.0000000000000000     
   378.00000000000000       0.99736650000000004       -2.6350975000000000E-003   0.0000000000000000        0.0000000000000000        0.0000000000000000     
   379.00000000000000       0.99738425000000008       -2.6202400000000002E-003   0.0000000000000000        0.0000000000000000        0.0000000000000000     
   380.00000000000000       0.99739200000000006       -2.6054050000000003E-003   0.0000000000000000        0.0000000000000000        0.0000000000000000     
   381.00000000000006       0.99740975000000009       -2.5907475000000002E-003   0.0000000000000000        0.0000000000000000        0.0000000000000000     
   382.00000000000000       0.99742525000000004       -2.5761675000000000E-003   0.0000000000000000        0.0000000000000000        0.0000000000000000     
   383.00000000000000       0.99743525000000000       -2.5617425000000003E-003   0.0000000000000000        0.0000000000000000        0.0000000000000000     
   384.00000000000000       0.99745075000000005       -2.5474174999999999E-003   0.0000000000000000        0.0000000000000000        0.0000000000000000     
   385.00000000000000       0.99746849999999998       -2.5332474999999999E-003   0.0000000000000000        0.0000000000000000        0.0000000000000000     
   386.00000000000006       0.99747849999999993       -2.5191774999999998E-003   0.0000000000000000        0.0000000000000000        0.0000000000000000     
   387.00000000000000       0.99749399999999999       -2.5051850000000001E-003   0.0000000000000000        0.0000000000000000        0.0000000000000000     
   388.00000000000000       0.99751175000000003       -2.4912925000000002E-003   0.0000000000000000        0.0000000000000000        0.0000000000000000     
   389.00000000000000       0.99751950000000000       -2.4775550000000002E-003   0.0000000000000000        0.0000000000000000        0.0000000000000000     
   390.00000000000000       0.99753724999999993       -2.4639175000000001E-003   0.0000000000000000        0.0000000000000000        0.0000000000000000     
   391.00000000000006       0.99754500000000013       -2.4504349999999999E-003   0.0000000000000000        0.0000000000000000        0.0000000000000000     
   392.00000000000000       0.99756275000000005       -2.4369524999999998E-003   0.0000000000000000        0.0000000000000000        0.0000000000000000     
   393.00000000000000       0.99758049999999998       -2.4236474999999999E-003   0.0000000000000000        0.0000000000000000        0.0000000000000000     
   394.00000000000000       0.99758825000000007       -2.4104974999999999E-003   0.0000000000000000        0.0000000000000000        0.0000000000000000     
   395.00000000000000       0.99760600000000010       -2.3973700000000002E-003   0.0000000000000000        0.0000000000000000        0.0000000000000000     
   396.00000000000006       0.99761374999999997       -2.3843974999999996E-003   0.0000000000000000        0.0000000000000000        0.0000000000000000     
   397.00000000000000       0.99763150000000000       -2.3714249999999999E-003   0.0000000000000000        0.0000000000000000        0.0000000000000000     
   398.00000000000000       0.99763924999999998       -2.3587075000000000E-003   0.0000000000000000        0.0000000000000000        0.0000000000000000     
   399.00000000000000       0.99765700000000002       -2.3459900000000001E-003   0.0000000000000000        0.0000000000000000        0.0000000000000000     
   400.00000000000000       0.99766474999999999       -2.3333725000000000E-003   0.0000000000000000        0.0000000000000000        0.0000000000000000     
   401.00000000000006       0.99768250000000003       -2.3209100000000002E-003   0.0000000000000000        0.0000000000000000        0.0000000000000000     
   402.00000000000000       0.99769025000000000       -2.3084565000000001E-003   0.0000000000000000        0.0000000000000000        0.0000000000000000     
   403.00000000000000       0.99770800000000004       -2.2961670000000000E-003   0.0000000000000000        0.0000000000000000        0.0000000000000000     
   404.00000000000000       0.99771575000000001       -2.2839640000000003E-003   0.0000000000000000        0.0000000000000000        0.0000000000000000     
   405.00000000000000       0.99772574999999997       -2.2718452499999996E-003   0.0000000000000000        0.0000000000000000        0.0000000000000000     
   406.00000000000006       0.99774125000000002       -2.2598130000000003E-003   0.0000000000000000        0.0000000000000000        0.0000000000000000     
   407.00000000000000       0.99775125000000009       -2.2478672500000000E-003   0.0000000000000000        0.0000000000000000        0.0000000000000000     
   408.00000000000000       0.99776675000000004       -2.2360832500000001E-003   0.0000000000000000        0.0000000000000000        0.0000000000000000     
   409.00000000000000       0.99777674999999999       -2.2243059999999997E-003   0.0000000000000000        0.0000000000000000        0.0000000000000000     
   410.00000000000000       0.99778449999999996       -2.2126950000000002E-003   0.0000000000000000        0.0000000000000000        0.0000000000000000     
   411.00000000000006       0.99780225000000000       -2.2010907500000002E-003   0.0000000000000000        0.0000000000000000        0.0000000000000000     
   412.00000000000000       0.99780999999999997       -2.1895707499999997E-003   0.0000000000000000        0.0000000000000000        0.0000000000000000     
   413.00000000000000       0.99781999999999993       -2.1782124999999999E-003   0.0000000000000000        0.0000000000000000        0.0000000000000000     
   414.00000000000000       0.99783550000000010       -2.1668654999999998E-003   0.0000000000000000        0.0000000000000000        0.0000000000000000     
   415.00000000000000       0.99784325000000007       -2.1556779999999998E-003   0.0000000000000000        0.0000000000000000        0.0000000000000000     
   416.00000000000006       0.99785325000000014       -2.1444995000000000E-003   0.0000000000000000        0.0000000000000000        0.0000000000000000     
   417.00000000000000       0.99786875000000008       -2.1334827500000000E-003   0.0000000000000000        0.0000000000000000        0.0000000000000000     
   418.00000000000000       0.99787875000000004       -2.1224727500000003E-003   0.0000000000000000        0.0000000000000000        0.0000000000000000     
   419.00000000000000       0.99788650000000001       -2.1116267500000002E-003   0.0000000000000000        0.0000000000000000        0.0000000000000000     
   420.00000000000000       0.99789650000000008       -2.1007852500000003E-003   0.0000000000000000        0.0000000000000000        0.0000000000000000     
   421.00000000000006       0.99791200000000002       -2.0900302500000000E-003   0.0000000000000000        0.0000000000000000        0.0000000000000000     
   422.00000000000000       0.99792199999999998       -2.0794392500000001E-003   0.0000000000000000        0.0000000000000000        0.0000000000000000     
   423.00000000000000       0.99792974999999995       -2.0688527500000000E-003   0.0000000000000000        0.0000000000000000        0.0000000000000000     
   424.00000000000000       0.99793750000000003       -2.0583504999999998E-003   0.0000000000000000        0.0000000000000000        0.0000000000000000     
   425.00000000000000       0.99795524999999996       -2.0479324999999999E-003   0.0000000000000000        0.0000000000000000        0.0000000000000000     
   426.00000000000006       0.99796300000000016       -2.0376010000000004E-003   0.0000000000000000        0.0000000000000000        0.0000000000000000     
   427.00000000000000       0.99797300000000000       -2.0272739999999999E-003   0.0000000000000000        0.0000000000000000        0.0000000000000000     
   428.00000000000000       0.99798074999999997       -2.0171110000000003E-003   0.0000000000000000        0.0000000000000000        0.0000000000000000     
   429.00000000000000       0.99799075000000004       -2.0069525000000000E-003   0.0000000000000000        0.0000000000000000        0.0000000000000000     
   430.00000000000000       0.99800624999999998       -1.9969557499999999E-003   0.0000000000000000        0.0000000000000000        0.0000000000000000     
   431.00000000000006       0.99801399999999996       -1.9869657500000003E-003   0.0000000000000000        0.0000000000000000        0.0000000000000000     
   432.00000000000000       0.99802400000000002       -1.9770600000000001E-003   0.0000000000000000        0.0000000000000000        0.0000000000000000     
   433.00000000000000       0.99803175000000000       -1.9672385000000002E-003   0.0000000000000000        0.0000000000000000        0.0000000000000000     
   434.00000000000000       0.99804175000000006       -1.9575012500000002E-003   0.0000000000000000        0.0000000000000000        0.0000000000000000     
   435.00000000000000       0.99804950000000003       -1.9477685000000001E-003   0.0000000000000000        0.0000000000000000        0.0000000000000000     
   436.00000000000006       0.99805725000000001       -1.9381975000000002E-003   0.0000000000000000        0.0000000000000000        0.0000000000000000     
   437.00000000000000       0.99807499999999993       -1.9286332500000000E-003   0.0000000000000000        0.0000000000000000        0.0000000000000000     
   438.00000000000000       0.99808275000000002       -1.9191532500000001E-003   0.0000000000000000        0.0000000000000000        0.0000000000000000     
   439.00000000000000       0.99809274999999997       -1.9096777499999999E-003   0.0000000000000000        0.0000000000000000        0.0000000000000000     
   440.00000000000000       0.99810049999999995       -1.9003640000000001E-003   0.0000000000000000        0.0000000000000000        0.0000000000000000     
   441.00000000000006       0.99810825000000003       -1.8910547500000001E-003   0.0000000000000000        0.0000000000000000        0.0000000000000000     
   442.00000000000000       0.99811825000000010       -1.8818320000000002E-003   0.0000000000000000        0.0000000000000000        0.0000000000000000     
   443.00000000000000       0.99812600000000007       -1.8726890000000001E-003   0.0000000000000000        0.0000000000000000        0.0000000000000000     
   444.00000000000000       0.99813375000000004       -1.8636325000000000E-003   0.0000000000000000        0.0000000000000000        0.0000000000000000     
   445.00000000000000       0.99814375000000000       -1.8545804999999999E-003   0.0000000000000000        0.0000000000000000        0.0000000000000000     
   446.00000000000006       0.99815150000000008       -1.8456104999999999E-003   0.0000000000000000        0.0000000000000000        0.0000000000000000     
   447.00000000000000       0.99816150000000003       -1.8367247500000001E-003   0.0000000000000000        0.0000000000000000        0.0000000000000000     
   448.00000000000000       0.99816925000000012       -1.8278435000000000E-003   0.0000000000000000        0.0000000000000000        0.0000000000000000     
   449.00000000000000       0.99817699999999998       -1.8191240000000001E-003   0.0000000000000000        0.0000000000000000        0.0000000000000000     
   450.00000000000000       0.99818700000000005       -1.8103315000000000E-003   0.0000000000000000        0.0000000000000000        0.0000000000000000     
   451.00000000000006       0.99819475000000002       -1.8017007499999999E-003   0.0000000000000000        0.0000000000000000        0.0000000000000000     
   452.00000000000000       0.99820249999999999       -1.7930745000000001E-003   0.0000000000000000        0.0000000000000000        0.0000000000000000     
   453.00000000000000       0.99821250000000006       -1.7846077499999999E-003   0.0000000000000000        0.0000000000000000        0.0000000000000000     
   454.00000000000000       0.99822025000000003       -1.7760702499999999E-003   0.0000000000000000        0.0000000000000000        0.0000000000000000     
   455.00000000000000       0.99822800000000000       -1.7676922499999998E-003   0.0000000000000000        0.0000000000000000        0.0000000000000000     
   456.00000000000006       0.99823799999999996       -1.7593209999999999E-003   0.0000000000000000        0.0000000000000000        0.0000000000000000     
   457.00000000000000       0.99824574999999993       -1.7510294999999998E-003   0.0000000000000000        0.0000000000000000        0.0000000000000000     
   458.00000000000000       0.99825350000000002       -1.7427447499999999E-003   0.0000000000000000        0.0000000000000000        0.0000000000000000     
   459.00000000000000       0.99826349999999997       -1.7345419999999999E-003   0.0000000000000000        0.0000000000000000        0.0000000000000000     
   460.00000000000000       0.99827125000000017       -1.7264235000000001E-003   0.0000000000000000        0.0000000000000000        0.0000000000000000     
   461.00000000000006       0.99827899999999992       -1.7183072500000002E-003   0.0000000000000000        0.0000000000000000        0.0000000000000000     
   462.00000000000000       0.99828899999999998       -1.7102752499999999E-003   0.0000000000000000        0.0000000000000000        0.0000000000000000     
   463.00000000000000       0.99829675000000007       -1.7023252500000001E-003   0.0000000000000000        0.0000000000000000        0.0000000000000000     
   464.00000000000000       0.99830450000000004       -1.6943797500000000E-003   0.0000000000000000        0.0000000000000000        0.0000000000000000     
   465.00000000000000       0.99831450000000010       -1.6865162500000000E-003   0.0000000000000000        0.0000000000000000        0.0000000000000000     
   466.00000000000006       0.99832225000000008       -1.6786572500000002E-003   0.0000000000000000        0.0000000000000000        0.0000000000000000     
   467.00000000000000       0.99833000000000005       -1.6709600000000000E-003   0.0000000000000000        0.0000000000000000        0.0000000000000000     
   468.00000000000000       0.99834000000000001       -1.6631875000000002E-003   0.0000000000000000        0.0000000000000000        0.0000000000000000     
   469.00000000000000       0.99834774999999998       -1.6555767500000000E-003   0.0000000000000000        0.0000000000000000        0.0000000000000000     
   470.00000000000000       0.99834774999999998       -1.6479682500000000E-003   0.0000000000000000        0.0000000000000000        0.0000000000000000     
   471.00000000000006       0.99835775000000004       -1.6403665000000000E-003   0.0000000000000000        0.0000000000000000        0.0000000000000000     
   472.00000000000000       0.99836550000000002       -1.6328467499999999E-003   0.0000000000000000        0.0000000000000000        0.0000000000000000     
   473.00000000000000       0.99837324999999999       -1.6254067499999999E-003   0.0000000000000000        0.0000000000000000        0.0000000000000000     
   474.00000000000000       0.99838325000000006       -1.6179735000000002E-003   0.0000000000000000        0.0000000000000000        0.0000000000000000     
   475.00000000000000       0.99839100000000003       -1.6106200000000001E-003   0.0000000000000000        0.0000000000000000        0.0000000000000000     
   476.00000000000006       0.99839875000000000       -1.6032732500000002E-003   0.0000000000000000        0.0000000000000000        0.0000000000000000     
   477.00000000000000       0.99840875000000007       -1.5960062499999999E-003   0.0000000000000000        0.0000000000000000        0.0000000000000000     
   478.00000000000000       0.99840875000000007       -1.5888212500000001E-003   0.0000000000000000        0.0000000000000000        0.0000000000000000     
   479.00000000000000       0.99841650000000004       -1.5816407500000001E-003   0.0000000000000000        0.0000000000000000        0.0000000000000000     
   480.00000000000000       0.99842425000000001       -1.5744647499999999E-003   0.0000000000000000        0.0000000000000000        0.0000000000000000     
   481.00000000000006       0.99843425000000008       -1.5673707500000000E-003   0.0000000000000000        0.0000000000000000        0.0000000000000000     
   482.00000000000000       0.99844200000000005       -1.5603587500000000E-003   0.0000000000000000        0.0000000000000000        0.0000000000000000     
   483.00000000000000       0.99844975000000002       -1.5533512500000000E-003   0.0000000000000000        0.0000000000000000        0.0000000000000000     
   484.00000000000000       0.99845200000000001       -1.5464235000000001E-003   0.0000000000000000        0.0000000000000000        0.0000000000000000     
   485.00000000000000       0.99845975000000009       -1.5395002499999999E-003   0.0000000000000000        0.0000000000000000        0.0000000000000000     
   486.00000000000006       0.99846750000000006       -1.5326590000000002E-003   0.0000000000000000        0.0000000000000000        0.0000000000000000     
   487.00000000000000       0.99847525000000004       -1.5258222500000001E-003   0.0000000000000000        0.0000000000000000        0.0000000000000000     
   488.00000000000000       0.99848524999999999       -1.5190652500000001E-003   0.0000000000000000        0.0000000000000000        0.0000000000000000     
   489.00000000000000       0.99848524999999999       -1.5123127500000001E-003   0.0000000000000000        0.0000000000000000        0.0000000000000000     
   490.00000000000000       0.99849299999999996       -1.5056422499999998E-003   0.0000000000000000        0.0000000000000000        0.0000000000000000     
   491.00000000000006       0.99850300000000003       -1.4990537500000002E-003   0.0000000000000000        0.0000000000000000        0.0000000000000000     
   492.00000000000000       0.99851075000000000       -1.4923900000000001E-003   0.0000000000000000        0.0000000000000000        0.0000000000000000     
   493.00000000000000       0.99851075000000000       -1.4858857500000002E-003   0.0000000000000000        0.0000000000000000        0.0000000000000000     
   494.00000000000000       0.99851849999999998       -1.4793085000000001E-003   0.0000000000000000        0.0000000000000000        0.0000000000000000     
   495.00000000000000       0.99852850000000004       -1.4728884999999998E-003   0.0000000000000000        0.0000000000000000        0.0000000000000000     
   496.00000000000006       0.99853624999999990       -1.4663954999999998E-003   0.0000000000000000        0.0000000000000000        0.0000000000000000     
   497.00000000000000       0.99853624999999990       -1.4599845000000001E-003   0.0000000000000000        0.0000000000000000        0.0000000000000000     
   498.00000000000000       0.99854399999999999       -1.4536532499999999E-003   0.0000000000000000        0.0000000000000000        0.0000000000000000     
   499.00000000000000       0.99855399999999994       -1.4473265000000003E-003   0.0000000000000000        0.0000000000000000        0.0000000000000000     
   500.00000000000000       0.99856175000000014       -1.4410795000000002E-003   0.0000000000000000        0.0000000000000000        0.0000000000000000     
   501.00000000000006       0.99856175000000014       -1.4348370000000002E-003   0.0000000000000000        0.0000000000000000        0.0000000000000000     
   502.00000000000000       0.99856950000000011       -1.4285990000000002E-003   0.0000000000000000        0.0000000000000000        0.0000000000000000     
   503.00000000000000       0.99857950000000006       -1.4224407500000001E-003   0.0000000000000000        0.0000000000000000        0.0000000000000000     
   504.00000000000000       0.99858725000000004       -1.4163645000000000E-003   0.0000000000000000        0.0000000000000000        0.0000000000000000     
   505.00000000000000       0.99858725000000004       -1.4102905000000000E-003   0.0000000000000000        0.0000000000000000        0.0000000000000000     
   506.00000000000006       0.99859500000000001       -1.4042210000000000E-003   0.0000000000000000        0.0000000000000000        0.0000000000000000     
   507.00000000000000       0.99860500000000008       -1.3982312500000001E-003   0.0000000000000000        0.0000000000000000        0.0000000000000000     
   508.00000000000000       0.99860500000000008       -1.3922437500000001E-003   0.0000000000000000        0.0000000000000000        0.0000000000000000     
   509.00000000000000       0.99861275000000005       -1.3862630000000000E-003   0.0000000000000000        0.0000000000000000        0.0000000000000000     
   510.00000000000000       0.99862050000000002       -1.3803597499999999E-003   0.0000000000000000        0.0000000000000000        0.0000000000000000     
   511.00000000000006       0.99862275000000000       -1.3745385000000000E-003   0.0000000000000000        0.0000000000000000        0.0000000000000000     
   512.00000000000000       0.99863050000000009       -1.3686442500000001E-003   0.0000000000000000        0.0000000000000000        0.0000000000000000     
   513.00000000000000       0.99863824999999995       -1.3629072499999999E-003   0.0000000000000000        0.0000000000000000        0.0000000000000000     
   514.00000000000000       0.99863824999999995       -1.3570950000000000E-003   0.0000000000000000        0.0000000000000000        0.0000000000000000     
   515.00000000000000       0.99864825000000002       -1.3513647500000001E-003   0.0000000000000000        0.0000000000000000        0.0000000000000000     
   516.00000000000000       0.99865599999999999       -1.3457142500000001E-003   0.0000000000000000        0.0000000000000000        0.0000000000000000     
   517.00000000000000       0.99865599999999999       -1.3400682499999999E-003   0.0000000000000000        0.0000000000000000        0.0000000000000000     
   518.00000000000000       0.99866374999999996       -1.3344245000000000E-003   0.0000000000000000        0.0000000000000000        0.0000000000000000     
   519.00000000000000       0.99867375000000003       -1.3288605000000000E-003   0.0000000000000000        0.0000000000000000        0.0000000000000000     
   520.00000000000000       0.99867375000000003       -1.3233009999999998E-003   0.0000000000000000        0.0000000000000000        0.0000000000000000     
   521.00000000000000       0.99868150000000000       -1.3177437499999999E-003   0.0000000000000000        0.0000000000000000        0.0000000000000000     
   522.00000000000000       0.99868924999999997       -1.3122662500000002E-003   0.0000000000000000        0.0000000000000000        0.0000000000000000     
   523.00000000000000       0.99869150000000007       -1.3067932500000000E-003   0.0000000000000000        0.0000000000000000        0.0000000000000000     
   524.00000000000000       0.99869925000000004       -1.3014000000000001E-003   0.0000000000000000        0.0000000000000000        0.0000000000000000     
   525.00000000000000       0.99870700000000001       -1.2960090000000001E-003   0.0000000000000000        0.0000000000000000        0.0000000000000000     
   526.00000000000000       0.99870700000000001       -1.2906225000000001E-003   0.0000000000000000        0.0000000000000000        0.0000000000000000     
   527.00000000000000       0.99871474999999998       -1.2853134999999999E-003   0.0000000000000000        0.0000000000000000        0.0000000000000000     
   528.00000000000000       0.99871700000000008       -1.2800112500000000E-003   0.0000000000000000        0.0000000000000000        0.0000000000000000     
   529.00000000000000       0.99872475000000005       -1.2747865000000001E-003   0.0000000000000000        0.0000000000000000        0.0000000000000000     
   530.00000000000000       0.99873250000000013       -1.2694887500000001E-003   0.0000000000000000        0.0000000000000000        0.0000000000000000     
   531.00000000000000       0.99873250000000013       -1.2643482500000001E-003   0.0000000000000000        0.0000000000000000        0.0000000000000000     
   532.00000000000000       0.99874249999999998       -1.2591325000000000E-003   0.0000000000000000        0.0000000000000000        0.0000000000000000     
   533.00000000000000       0.99875025000000006       -1.2539965000000000E-003   0.0000000000000000        0.0000000000000000        0.0000000000000000     
   534.00000000000000       0.99875025000000006       -1.2488650000000000E-003   0.0000000000000000        0.0000000000000000        0.0000000000000000     
   535.00000000000000       0.99875800000000003       -1.2438132500000002E-003   0.0000000000000000        0.0000000000000000        0.0000000000000000     
   536.00000000000000       0.99875800000000003       -1.2387637500000000E-003   0.0000000000000000        0.0000000000000000        0.0000000000000000     
   537.00000000000000       0.99876799999999999       -1.2337164999999999E-003   0.0000000000000000        0.0000000000000000        0.0000000000000000     
   538.00000000000000       0.99876799999999999       -1.2287512500000000E-003   0.0000000000000000        0.0000000000000000        0.0000000000000000     
   539.00000000000000       0.99877575000000007       -1.2237860000000001E-003   0.0000000000000000        0.0000000000000000        0.0000000000000000     
   540.00000000000000       0.99878350000000005       -1.2188252500000001E-003   0.0000000000000000        0.0000000000000000        0.0000000000000000     
   541.00000000000000       0.99878350000000005       -1.2139442500000001E-003   0.0000000000000000        0.0000000000000000        0.0000000000000000     
   542.00000000000000       0.99879350000000000       -1.2090655000000000E-003   0.0000000000000000        0.0000000000000000        0.0000000000000000     
   543.00000000000000       0.99879350000000000       -1.2041890000000000E-003   0.0000000000000000        0.0000000000000000        0.0000000000000000     
   544.00000000000000       0.99880124999999997       -1.1993147500000000E-003   0.0000000000000000        0.0000000000000000        0.0000000000000000     
   545.00000000000000       0.99880124999999997       -1.1945225000000001E-003   0.0000000000000000        0.0000000000000000        0.0000000000000000     
   546.00000000000000       0.99880899999999995       -1.1898077500000000E-003   0.0000000000000000        0.0000000000000000        0.0000000000000000     
   547.00000000000000       0.99881900000000001       -1.1850200000000000E-003   0.0000000000000000        0.0000000000000000        0.0000000000000000     
   548.00000000000000       0.99881900000000001       -1.1803120000000002E-003   0.0000000000000000        0.0000000000000000        0.0000000000000000     
   549.00000000000000       0.99882674999999999       -1.1756062500000001E-003   0.0000000000000000        0.0000000000000000        0.0000000000000000     
   550.00000000000000       0.99882674999999999       -1.1709802499999999E-003   0.0000000000000000        0.0000000000000000        0.0000000000000000     
