   1.0000000000000000        8.6403131999999996        7.4417657000000013       0.19857379300000000        0.0000000000000000        0.0000000000000000     
   2.0000000000000000        4.5023109000000003        3.3982575000000002       0.10410205900000001        0.0000000000000000        0.0000000000000000     
   3.0000000000000000        3.2919884000000001        2.2158488000000003        7.6172633000000017E-002   0.0000000000000000        0.0000000000000000     
   4.0000000000000000        2.7441758000000003        1.6806486000000000        6.3509995000000000E-002   0.0000000000000000        0.0000000000000000     
   5.0000000000000000        2.4370373000000001        1.3806062600000002        5.6415791000000007E-002   0.0000000000000000        0.0000000000000000     
   6.0000000000000000        2.2415463000000000        1.1896257900000000        5.1911792000000005E-002   0.0000000000000000        0.0000000000000000     
   7.0000000000000000        2.1067882000000000        1.0579612300000001        4.8807787000000005E-002   0.0000000000000000        0.0000000000000000     
   8.0000000000000000        2.0080916000000002       0.96154125000000001        4.6539522000000000E-002   0.0000000000000000        0.0000000000000000     
   9.0000000000000000        1.9326360000000000       0.88780828000000001        4.4809947000000003E-002   0.0000000000000000        0.0000000000000000     
   10.000000000000000        1.8728965000000000       0.82944643000000018        4.3446237100000000E-002   0.0000000000000000        0.0000000000000000     
   11.000000000000000        1.8243449000000000       0.78199347000000019        4.2342011800000003E-002   0.0000000000000000        0.0000000000000000     
   12.000000000000000        1.7839845000000001       0.74254900000000013        4.1429163700000007E-002   0.0000000000000000        0.0000000000000000     
   13.000000000000000        1.7497838000000001       0.70909848000000009        4.0659766999999999E-002   0.0000000000000000        0.0000000000000000     
   14.000000000000000        1.7203113000000001       0.68033301000000002        4.0001560300000003E-002   0.0000000000000000        0.0000000000000000     
   15.000000000000000        1.6946344000000000       0.65522379999999991        3.9432170799999999E-002   0.0000000000000000        0.0000000000000000     
   16.000000000000000        1.6719879000000000       0.63305151000000004        3.8932383200000004E-002   0.0000000000000000        0.0000000000000000     
   17.000000000000000        1.6517381000000002       0.61325353999999999        3.8489982900000004E-002   0.0000000000000000        0.0000000000000000     
   18.000000000000000        1.6335198000000002       0.59541348000000005        3.8095575800000003E-002   0.0000000000000000        0.0000000000000000     
   19.000000000000000        1.6169330000000000       0.57919514000000005        3.7739902600000000E-002   0.0000000000000000        0.0000000000000000     
   20.000000000000000        1.6017451000000000       0.56433884999999995        3.7417221199999996E-002   0.0000000000000000        0.0000000000000000     
   21.000000000000000        1.5877886999999999       0.55064135000000003        3.7122553599999997E-002   0.0000000000000000        0.0000000000000000     
   22.000000000000000        1.5747649000000001       0.53792634000000006        3.6852180400000004E-002   0.0000000000000000        0.0000000000000000     
   23.000000000000000        1.5626400000000000       0.52606056000000012        3.6601955100000000E-002   0.0000000000000000        0.0000000000000000     
   24.000000000000000        1.5512814000000001       0.51493412000000005        3.6370315800000004E-002   0.0000000000000000        0.0000000000000000     
   25.000000000000000        1.5405554000000004       0.50444050000000007        3.6153778999999997E-002   0.0000000000000000        0.0000000000000000     
   26.000000000000000        1.5304620000000000       0.49450655000000004        3.5950850200000002E-002   0.0000000000000000        0.0000000000000000     
   27.000000000000000        1.5208686000000000       0.48506890000000003        3.5760102300000006E-002   0.0000000000000000        0.0000000000000000     
   28.000000000000000        1.5116415000000001       0.47607440000000001        3.5580108200000002E-002   0.0000000000000000        0.0000000000000000     
   29.000000000000000        1.5028807000000002       0.46746305000000005        3.5408777799999999E-002   0.0000000000000000        0.0000000000000000     
   30.000000000000000        1.4944536000000002       0.45920159000000005        3.5246672999999999E-002   0.0000000000000000        0.0000000000000000     
   31.000000000000000        1.4863591000000000       0.45125675999999998        3.5091108100000004E-002   0.0000000000000000        0.0000000000000000     
   32.000000000000000        1.4785320000000000       0.44358530000000002        3.4942645000000001E-002   0.0000000000000000        0.0000000000000000     
   33.000000000000000        1.4709712000000001       0.43617384000000003        3.4799957700000002E-002   0.0000000000000000        0.0000000000000000     
   34.000000000000000        1.4636767000000002       0.42900249000000001        3.4662978800000001E-002   0.0000000000000000        0.0000000000000000     
   35.000000000000000        1.4565496000000000       0.42203788000000003        3.4530314899999998E-002   0.0000000000000000        0.0000000000000000     
   36.000000000000000        1.4496888000000003       0.41526686000000002        3.4401966000000006E-002   0.0000000000000000        0.0000000000000000     
   37.000000000000000        1.4429954000000000       0.40868258000000007        3.4277898399999999E-002   0.0000000000000000        0.0000000000000000     
   38.000000000000000        1.4364020000000002       0.40225852000000001        3.4157415400000002E-002   0.0000000000000000        0.0000000000000000     
   39.000000000000000        1.4300086000000003       0.39598805000000009        3.4039820300000002E-002   0.0000000000000000        0.0000000000000000     
   40.000000000000000        1.4237488999999999       0.38986116999999998        3.3925079400000002E-002   0.0000000000000000        0.0000000000000000     
   41.000000000000000        1.4176892000000001       0.38387114000000006        3.3813226400000007E-002   0.0000000000000000        0.0000000000000000     
   42.000000000000000        1.4116969000000001       0.37800144000000002        3.3703497200000002E-002   0.0000000000000000        0.0000000000000000     
   43.000000000000000        1.4058709000000000       0.37225533000000000        3.3595959200000004E-002   0.0000000000000000        0.0000000000000000     
   44.000000000000000        1.4001123000000000       0.36661651700000009        3.3490511299999998E-002   0.0000000000000000        0.0000000000000000     
   45.000000000000000        1.3944874000000000       0.36107702300000000        3.3386557900000002E-002   0.0000000000000000        0.0000000000000000     
   46.000000000000000        1.3889625000000001       0.35564213000000000        3.3284694600000005E-002   0.0000000000000000        0.0000000000000000     
   47.000000000000000        1.3834713000000001       0.35029723000000001        3.3183629100000001E-002   0.0000000000000000        0.0000000000000000     
   48.000000000000000        1.3781137999999999       0.34504726800000002        3.3084653700000001E-002   0.0000000000000000        0.0000000000000000     
   49.000000000000000        1.3728900000000002       0.33987797300000006        3.2986408700000004E-002   0.0000000000000000        0.0000000000000000     
   50.000000000000000        1.3676999000000001       0.33478732300000003        3.2889590800000000E-002   0.0000000000000000        0.0000000000000000     
   51.000000000000000        1.3626098000000000       0.32977464400000001        3.2793503299999999E-002   0.0000000000000000        0.0000000000000000     
   52.000000000000000        1.3575534000000000       0.32483858799999998        3.2698146200000000E-002   0.0000000000000000        0.0000000000000000     
   53.000000000000000        1.3525644000000001       0.31997083999999998        3.2604182500000002E-002   0.0000000000000000        0.0000000000000000     
   54.000000000000000        1.3476754000000000       0.31517701900000000        3.2510949200000000E-002   0.0000000000000000        0.0000000000000000     
   55.000000000000000        1.3428864000000000       0.31044251700000003        3.2417749600000004E-002   0.0000000000000000        0.0000000000000000     
   56.000000000000000        1.3381311000000000       0.30577958299999997        3.2325246700000004E-002   0.0000000000000000        0.0000000000000000     
   57.000000000000000        1.3334095000000001       0.30117360900000001        3.2234137200000006E-002   0.0000000000000000        0.0000000000000000     
   58.000000000000000        1.3287215999999999       0.29662324700000003        3.2142398400000001E-002   0.0000000000000000        0.0000000000000000     
   59.000000000000007        1.3241674000000001       0.29213445300000002        3.2051985599999999E-002   0.0000000000000000        0.0000000000000000     
   60.000000000000000        1.3196795000000001       0.28770554200000004        3.1961640200000002E-002   0.0000000000000000        0.0000000000000000     
   61.000000000000007        1.3151590000000000       0.28332224299999997        3.1871294800000005E-002   0.0000000000000000        0.0000000000000000     
   62.000000000000000        1.3107722000000002       0.27899646800000000        3.1781646100000005E-002   0.0000000000000000        0.0000000000000000     
   63.000000000000007        1.3063853999999999       0.27472091299999996        3.1691997399999998E-002   0.0000000000000000        0.0000000000000000     
   64.000000000000000        1.3020986000000001       0.27049389300000004        3.1602382400000004E-002   0.0000000000000000        0.0000000000000000     
   65.000000000000000        1.2978455000000000       0.26632170100000002        3.1513430400000000E-002   0.0000000000000000        0.0000000000000000     
   66.000000000000000        1.2935924000000001       0.26218905500000000        3.1424512100000003E-002   0.0000000000000000        0.0000000000000000     
   67.000000000000000        1.2894730000000001       0.25810887799999999        3.1335593799999999E-002   0.0000000000000000        0.0000000000000000     
   68.000000000000000        1.2853536000000001       0.25407352900000002        3.1246709200000000E-002   0.0000000000000000        0.0000000000000000     
   69.000000000000000        1.2812679000000000       0.25008132300000002        3.1158453900000001E-002   0.0000000000000000        0.0000000000000000     
   70.000000000000000        1.2771822000000002       0.24613192300000003        3.1069569300000002E-002   0.0000000000000000        0.0000000000000000     
   71.000000000000000        1.2731965000000001       0.24222398100000000        3.0981314000000003E-002   0.0000000000000000        0.0000000000000000     
   72.000000000000000        1.2692445000000001       0.23835682300000000        3.0892429400000004E-002   0.0000000000000000        0.0000000000000000     
   73.000000000000000        1.2653588000000000       0.23453606800000001        3.0804207800000000E-002   0.0000000000000000        0.0000000000000000     
   74.000000000000000        1.2614405000000000       0.23075407500000000        3.0715986200000000E-002   0.0000000000000000        0.0000000000000000     
   75.000000000000000        1.2576222000000001       0.22701680000000002        3.0627101600000001E-002   0.0000000000000000        0.0000000000000000     
   76.000000000000000        1.2538702000000002       0.22330997200000002        3.0538880000000004E-002   0.0000000000000000        0.0000000000000000     
   77.000000000000000        1.2501182000000000       0.21964617700000003        3.0450624699999998E-002   0.0000000000000000        0.0000000000000000     
   78.000000000000000        1.2463999000000001       0.21602474099999999        3.0361740100000000E-002   0.0000000000000000        0.0000000000000000     
   79.000000000000000        1.2426816000000001       0.21243802300000000        3.0272821800000002E-002   0.0000000000000000        0.0000000000000000     
   80.000000000000000        1.2390633000000002       0.20889197900000001        3.0184600200000002E-002   0.0000000000000000        0.0000000000000000     
   81.000000000000000        1.2354449999999999       0.20537964200000003        3.0095681900000004E-002   0.0000000000000000        0.0000000000000000     
   82.000000000000000        1.2319267000000000       0.20190663100000000        3.0006763600000003E-002   0.0000000000000000        0.0000000000000000     
   83.000000000000000        1.2284084000000002       0.19847260899999999        2.9917845300000002E-002   0.0000000000000000        0.0000000000000000     
   84.000000000000000        1.2248901000000001       0.19506993500000003        2.9828893299999999E-002   0.0000000000000000        0.0000000000000000     
   85.000000000000000        1.2214718000000002       0.19170490200000001        2.9739975000000002E-002   0.0000000000000000        0.0000000000000000     
   86.000000000000000        1.2180534999999999       0.18837717300000001        2.9650360000000001E-002   0.0000000000000000        0.0000000000000000     
   87.000000000000000        1.2146352000000000       0.18508573700000000        2.9561408000000001E-002   0.0000000000000000        0.0000000000000000     
   88.000000000000000        1.2113169000000001       0.18183059400000001        2.9471793000000000E-002   0.0000000000000000        0.0000000000000000     
   89.000000000000000        1.2079648999999999       0.17861073299999999        2.9382807300000001E-002   0.0000000000000000        0.0000000000000000     
   90.000000000000000        1.2047129000000001       0.17542615400000000        2.9293192300000003E-002   0.0000000000000000        0.0000000000000000     
   91.000000000000000        1.2014946000000002       0.17227618300000003        2.9203543600000003E-002   0.0000000000000000        0.0000000000000000     
   92.000000000000000        1.1982425999999999       0.16916711300000001        2.9113231900000001E-002   0.0000000000000000        0.0000000000000000     
   93.000000000000000        1.1950905999999999       0.16608568400000001        2.9023549500000002E-002   0.0000000000000000        0.0000000000000000     
   94.000000000000000        1.1920049000000001       0.16304380800000001        2.8933900800000002E-002   0.0000000000000000        0.0000000000000000     
   95.000000000000000        1.1888529000000001       0.16003552900000001        2.8843555400000002E-002   0.0000000000000000        0.0000000000000000     
   96.000000000000000        1.1858335000000002       0.15705983599999998        2.8753210000000001E-002   0.0000000000000000        0.0000000000000000     
   97.000000000000000        1.1827815000000002       0.15412369600000000        2.8662830900000002E-002   0.0000000000000000        0.0000000000000000     
   98.000000000000000        1.1797621000000000       0.15121936690000001        2.8572485500000001E-002   0.0000000000000000        0.0000000000000000     
   99.000000000000000        1.1768427000000001       0.14834715200000001        2.8482106400000002E-002   0.0000000000000000        0.0000000000000000     
   100.00000000000000        1.1739233000000000       0.14551324320000003        2.8391727299999999E-002   0.0000000000000000        0.0000000000000000     
   101.00000000000000        1.1710039000000001       0.14271080829999999        2.8300685200000002E-002   0.0000000000000000        0.0000000000000000     
   102.00000000000000        1.1681845000000000       0.13994617400000001        2.8210306100000002E-002   0.0000000000000000        0.0000000000000000     
   103.00000000000000        1.1653313999999999       0.13721917179999998        2.8119230299999999E-002   0.0000000000000000        0.0000000000000000     
   104.00000000000000        1.1625445999999999       0.13452293580000002        2.8028154500000003E-002   0.0000000000000000        0.0000000000000000     
   105.00000000000001        1.1597915000000001       0.13185726380000001        2.7937775400000000E-002   0.0000000000000000        0.0000000000000000     
   106.00000000000000        1.1571047000000001       0.12922861730000001        2.7846699600000000E-002   0.0000000000000000        0.0000000000000000     
   107.00000000000000        1.1544178999999999       0.12663682779999999        2.7754927100000000E-002   0.0000000000000000        0.0000000000000000     
   108.00000000000000        1.1517311000000001       0.12407502940000002        2.7663851300000000E-002   0.0000000000000000        0.0000000000000000     
   109.00000000000001        1.1491106000000000       0.12154978470000001        2.7572741800000002E-002   0.0000000000000000        0.0000000000000000     
   110.00000000000000        1.1465564000000001       0.11906089150000000        2.7481003000000004E-002   0.0000000000000000        0.0000000000000000     
   111.00000000000000        1.1440022000000001       0.11660158500000001        2.7389893499999998E-002   0.0000000000000000        0.0000000000000000     
   112.00000000000000        1.1414480000000000       0.11417836040000000        2.7298121000000002E-002   0.0000000000000000        0.0000000000000000     
   113.00000000000000        1.1389938000000002       0.11179108290000001        2.7207011499999999E-002   0.0000000000000000        0.0000000000000000     
   114.00000000000000        1.1365059000000000       0.10943302140000001        2.7115205300000004E-002   0.0000000000000000        0.0000000000000000     
   115.00000000000000        1.1341180000000002       0.10711070480000000        2.7023432800000000E-002   0.0000000000000000        0.0000000000000000     
   116.00000000000000        1.1317964000000000       0.10482396460000000        2.6932323300000002E-002   0.0000000000000000        0.0000000000000000     
   117.00000000000000        1.1293747999999999       0.10256613710000001        2.6840517100000003E-002   0.0000000000000000        0.0000000000000000     
   118.00000000000001        1.1271195000000001       0.10034375120000001        2.6748744599999999E-002   0.0000000000000000        0.0000000000000000     
   119.00000000000000        1.1247979000000001        9.8156672100000023E-002   2.6656938400000003E-002   0.0000000000000000        0.0000000000000000     
   120.00000000000000        1.1225426000000001        9.5998202399999996E-002   2.6565165900000003E-002   0.0000000000000000        0.0000000000000000     
   121.00000000000000        1.1203536000000001        9.3874904699999998E-002   2.6473359700000001E-002   0.0000000000000000        0.0000000000000000     
   122.00000000000001        1.1181646000000001        9.1786711600000015E-002   2.6381553500000002E-002   0.0000000000000000        0.0000000000000000     
   123.00000000000000        1.1160419000000001        8.9726858300000017E-002   2.6289747300000003E-002   0.0000000000000000        0.0000000000000000     
   124.00000000000000        1.1139192000000000        8.7695344800000019E-002   2.6197974799999999E-002   0.0000000000000000        0.0000000000000000     
   125.00000000000000        1.1117965000000001        8.5705296299999997E-002   2.6106168600000000E-002   0.0000000000000000        0.0000000000000000     
   126.00000000000001        1.1097737999999999        8.3736822800000013E-002   2.6014362400000001E-002   0.0000000000000000        0.0000000000000000     
   127.00000000000000        1.1077173999999999        8.1809713200000009E-002   2.5922589899999997E-002   0.0000000000000000        0.0000000000000000     
   128.00000000000000        1.1057273000000001        7.9910673799999998E-002   2.5830783700000002E-002   0.0000000000000000        0.0000000000000000     
   129.00000000000000        1.1037709000000002        7.8039637200000012E-002   2.5738977500000003E-002   0.0000000000000000        0.0000000000000000     
   130.00000000000000        1.1018471000000001        7.6203199700000002E-002   2.5647205000000006E-002   0.0000000000000000        0.0000000000000000     
   131.00000000000000        1.0999232999999999        7.4394630200000006E-002   2.5555398800000000E-002   0.0000000000000000        0.0000000000000000     
   132.00000000000000        1.0980995000000000        7.2620558700000004E-002   2.5463626300000004E-002   0.0000000000000000        0.0000000000000000     
   133.00000000000000        1.0962420000000002        7.0867657799999997E-002   2.5371820100000005E-002   0.0000000000000000        0.0000000000000000     
   134.00000000000000        1.0944182000000002        6.9155817500000008E-002   2.5280710599999999E-002   0.0000000000000000        0.0000000000000000     
   135.00000000000000        1.0926607000000002        6.7465013000000004E-002   2.5188938100000002E-002   0.0000000000000000        0.0000000000000000     
   136.00000000000000        1.0908694999999999        6.5809234699999997E-002   2.5097165599999999E-002   0.0000000000000000        0.0000000000000000     
   137.00000000000000        1.0891782999999999        6.4181088500000011E-002   2.5006056100000004E-002   0.0000000000000000        0.0000000000000000     
   138.00000000000000        1.0874871000000002        6.2581203700000004E-002   2.4914283600000000E-002   0.0000000000000000        0.0000000000000000     
   139.00000000000000        1.0858285000000001        6.1010209599999997E-002   2.4823207800000000E-002   0.0000000000000000        0.0000000000000000     
   140.00000000000000        1.0842035999999999        5.9468082610000000E-002   2.4732098300000002E-002   0.0000000000000000        0.0000000000000000     
   141.00000000000000        1.0825787000000000        5.7952803399999996E-002   2.4641022500000002E-002   0.0000000000000000        0.0000000000000000     
   142.00000000000000        1.0810200999999999        5.6466327269999998E-002   2.4549946700000002E-002   0.0000000000000000        0.0000000000000000     
   143.00000000000000        1.0794615000000001        5.5006631520000002E-002   2.4458870900000006E-002   0.0000000000000000        0.0000000000000000     
   144.00000000000000        1.0779692000000001        5.3574352190000001E-002   2.4367795100000002E-002   0.0000000000000000        0.0000000000000000     
   145.00000000000000        1.0764432000000002        5.2168799320000007E-002   2.4276752999999998E-002   0.0000000000000000        0.0000000000000000     
   146.00000000000000        1.0749509000000002        5.0789945949999998E-002   2.4186340200000000E-002   0.0000000000000000        0.0000000000000000     
   147.00000000000000        1.0735249000000002        4.9436439119999995E-002   2.4095298100000002E-002   0.0000000000000000        0.0000000000000000     
   148.00000000000000        1.0720989000000003        4.8109581240000004E-002   2.4004952700000002E-002   0.0000000000000000        0.0000000000000000     
   149.00000000000000        1.0707392000000002        4.6808022720000002E-002   2.3914573600000003E-002   0.0000000000000000        0.0000000000000000     
   150.00000000000000        1.0693132000000001        4.5531739969999999E-002   2.3824228199999999E-002   0.0000000000000000        0.0000000000000000     
   151.00000000000000        1.0680198000000001        4.4280712769999994E-002   2.3733882799999998E-002   0.0000000000000000        0.0000000000000000     
   152.00000000000000        1.0666601000000002        4.3053592878000001E-002   2.3644200399999999E-002   0.0000000000000000        0.0000000000000000     
   153.00000000000000        1.0654004000000001        4.1851022400000000E-002   2.3553854999999999E-002   0.0000000000000000        0.0000000000000000     
   154.00000000000000        1.0641733000000002        4.0672318789999995E-002   2.3464206299999998E-002   0.0000000000000000        0.0000000000000000     
   155.00000000000000        1.0628799000000000        3.9517463850000004E-002   2.3374557599999998E-002   0.0000000000000000        0.0000000000000000     
   156.00000000000000        1.0616528000000001        3.8385777730000008E-002   2.3284908899999998E-002   0.0000000000000000        0.0000000000000000     
   157.00000000000000        1.0604920000000000        3.7277240210000000E-002   2.3195956900000002E-002   0.0000000000000000        0.0000000000000000     
   158.00000000000000        1.0592649000000001        3.6190505070000004E-002   2.3106341899999997E-002   0.0000000000000000        0.0000000000000000     
   159.00000000000000        1.0581377999999999        3.5126888199999998E-002   2.3017389900000001E-002   0.0000000000000000        0.0000000000000000     
   160.00000000000000        1.0570433000000001        3.4084383750000002E-002   2.2928471600000000E-002   0.0000000000000000        0.0000000000000000     
   161.00000000000000        1.0558825000000001        3.3064297499999999E-002   2.2839553299999999E-002   0.0000000000000000        0.0000000000000000     
   162.00000000000000        1.0547880000000001        3.2065289970000001E-002   2.2750635000000002E-002   0.0000000000000000        0.0000000000000000     
   163.00000000000000        1.0537935000000000        3.1086688050000002E-002   2.2662413400000001E-002   0.0000000000000000        0.0000000000000000     
   164.00000000000000        1.0526990000000001        3.0129134520000003E-002   2.2574191800000001E-002   0.0000000000000000        0.0000000000000000     
   165.00000000000000        1.0516708000000001        2.9191959640000001E-002   2.2486003900000003E-002   0.0000000000000000        0.0000000000000000     
   166.00000000000000        1.0506426000000002        2.8274483560000001E-002   2.2397816000000001E-002   0.0000000000000000        0.0000000000000000     
   167.00000000000000        1.0497144000000000        2.7376689430000000E-002   2.2310291100000004E-002   0.0000000000000000        0.0000000000000000     
   168.00000000000000        1.0486861999999999        2.6497910880000003E-002   2.2222766200000001E-002   0.0000000000000000        0.0000000000000000     
   169.00000000000000        1.0477906000000001        2.5638137799999999E-002   2.2135275000000003E-002   0.0000000000000000        0.0000000000000000     
   170.00000000000000        1.0468624000000000        2.4797346600000002E-002   2.2047817500000001E-002   0.0000000000000000        0.0000000000000000     
   171.00000000000000        1.0459005000000001        2.3974860799999997E-002   2.1961023000000003E-002   0.0000000000000000        0.0000000000000000     
   172.00000000000000        1.0450386000000003        2.3170017399999999E-002   2.1873565500000001E-002   0.0000000000000000        0.0000000000000000     
   173.00000000000000        1.0441430000000000        2.2383479399999996E-002   2.1787467700000000E-002   0.0000000000000000        0.0000000000000000     
   174.00000000000000        1.0433136999999999        2.1613887100000003E-002   2.1700706900000002E-002   0.0000000000000000        0.0000000000000000     
   175.00000000000000        1.0424518000000000        2.0861903500000001E-002   2.1614642800000000E-002   0.0000000000000000        0.0000000000000000     
   176.00000000000000        1.0416225000000001        2.0126168900000001E-002   2.1528578700000002E-002   0.0000000000000000        0.0000000000000000     
   177.00000000000000        1.0408269000000001        1.9406717000000000E-002   2.1442514600000000E-002   0.0000000000000000        0.0000000000000000     
   178.00000000000000        1.0400639000000000        1.8703547800000001E-002   2.1356484200000001E-002   0.0000000000000000        0.0000000000000000     
   179.00000000000000        1.0392683000000003        1.8016593900000002E-002   2.1271150500000002E-002   0.0000000000000000        0.0000000000000000     
   180.00000000000000        1.0385053000000002        1.7344563000000000E-002   2.1185816800000003E-002   0.0000000000000000        0.0000000000000000     
   181.00000000000000        1.0377760000000000        1.6688747400000002E-002   2.1101146100000003E-002   0.0000000000000000        0.0000000000000000     
   182.00000000000000        1.0370793000000000        1.6047191799999999E-002   2.1015846100000003E-002   0.0000000000000000        0.0000000000000000     
   183.00000000000000        1.0363500000000001        1.5420491800000000E-002   2.0931209100000001E-002   0.0000000000000000        0.0000000000000000     
   184.00000000000000        1.0356533000000001        1.4808018100000001E-002   2.0847268800000002E-002   0.0000000000000000        0.0000000000000000     
   185.00000000000000        1.0349903000000000        1.4209770699999999E-002   2.0762699200000002E-002   0.0000000000000000        0.0000000000000000     
   186.00000000000000        1.0342936000000000        1.3625715900000000E-002   2.0678792600000002E-002   0.0000000000000000        0.0000000000000000     
   187.00000000000000        1.0336306000000000        1.3054527700000000E-002   2.0595549000000001E-002   0.0000000000000000        0.0000000000000000     
   188.00000000000000        1.0330002000000000        1.2497532100000000E-002   2.0511676100000001E-002   0.0000000000000000        0.0000000000000000     
   189.00000000000000        1.0324035000000000        1.1952740099999999E-002   2.0428466200000002E-002   0.0000000000000000        0.0000000000000000     
   190.00000000000000        1.0317731000000001        1.1420781000000001E-002   2.0345290000000002E-002   0.0000000000000000        0.0000000000000000     
   191.00000000000000        1.0311764000000001        1.0901688499999999E-002   2.0262810500000002E-002   0.0000000000000000        0.0000000000000000     
   192.00000000000000        1.0305797000000001        1.0394732200000001E-002   2.0180331000000003E-002   0.0000000000000000        0.0000000000000000     
   193.00000000000000        1.0300156000000000        9.8999795000000012E-003   2.0097851500000000E-002   0.0000000000000000        0.0000000000000000     
   194.00000000000000        1.0294189000000000        9.4167000000000001E-003   2.0015439400000001E-002   0.0000000000000000        0.0000000000000000     
   195.00000000000000        1.0288548000000000        8.9449274000000002E-003   1.9933656599999999E-002   0.0000000000000000        0.0000000000000000     
   196.00000000000000        1.0283244000000000        8.4846617000000017E-003   1.9852570500000000E-002   0.0000000000000000        0.0000000000000000     
   197.00000000000003        1.0277940000000001        8.0345432000000008E-003   1.9770855099999998E-002   0.0000000000000000        0.0000000000000000     
   198.00000000000000        1.0272962000000001        7.5958979000000015E-003   1.9689802699999998E-002   0.0000000000000000        0.0000000000000000     
   199.00000000000000        1.0267658000000000        7.1680627999999996E-003   1.9608784000000001E-002   0.0000000000000000        0.0000000000000000     
   200.00000000000000        1.0263017000000001        6.7503411999999992E-003   1.9528462000000003E-002   0.0000000000000000        0.0000000000000000     
   201.00000000000000        1.0258039000000001        6.3428005000000006E-003   1.9448139999999999E-002   0.0000000000000000        0.0000000000000000     
   202.00000000000000        1.0253398000000000        5.9446440000000007E-003   1.9367818000000002E-002   0.0000000000000000        0.0000000000000000     
   203.00000000000000        1.0248756999999999        5.5564358000000005E-003   1.9288192700000002E-002   0.0000000000000000        0.0000000000000000     
   204.00000000000000        1.0243779000000002        5.1777444000000008E-003   1.9208601100000000E-002   0.0000000000000000        0.0000000000000000     
   205.00000000000003        1.0239137999999999        4.8082383000000008E-003   1.9129009500000002E-002   0.0000000000000000        0.0000000000000000     
   206.00000000000000        1.0235159999999999        4.4478512000000001E-003   1.9050114600000001E-002   0.0000000000000000        0.0000000000000000     
   207.00000000000000        1.0230845000000002        4.0962516000000006E-003   1.8971253400000002E-002   0.0000000000000000        0.0000000000000000     
   208.00000000000000        1.0226204000000001        3.7532405999999999E-003   1.8893055199999998E-002   0.0000000000000000        0.0000000000000000     
   209.00000000000000        1.0222226000000001        3.4187519000000006E-003   1.8814857000000001E-002   0.0000000000000000        0.0000000000000000     
   210.00000000000003        1.0217911000000002        3.0925529000000000E-003   1.8736726200000001E-002   0.0000000000000000        0.0000000000000000     
   211.00000000000000        1.0214596000000000        2.7743457999999999E-003   1.8659224700000001E-002   0.0000000000000000        0.0000000000000000     
   212.00000000000000        1.0210618000000000        2.4641306000000003E-003   1.8581127600000000E-002   0.0000000000000000        0.0000000000000000     
   213.00000000000000        1.0206303000000001        2.1615084000000001E-003   1.8504356499999999E-002   0.0000000000000000        0.0000000000000000     
   214.00000000000000        1.0202988000000000        1.8664803000000003E-003   1.8427585400000002E-002   0.0000000000000000        0.0000000000000000     
   215.00000000000000        1.0199009999999999        1.5788137000000001E-003   1.8350881699999998E-002   0.0000000000000000        0.0000000000000000     
   216.00000000000000        1.0195695000000000        1.2983760000000000E-003   1.8274144300000003E-002   0.0000000000000000        0.0000000000000000     
   217.00000000000000        1.0192043000000002        1.0248683000000001E-003   1.8198137300000000E-002   0.0000000000000000        0.0000000000000000     
   218.00000000000003        1.0188728000000000        7.5829170000000004E-004   1.8122130300000001E-002   0.0000000000000000        0.0000000000000000     
   219.00000000000000        1.0185412999999999        4.9844620000000011E-004   1.8046786299999999E-002   0.0000000000000000        0.0000000000000000     
   220.00000000000000        1.0182098000000002        2.4510029999999993E-004   1.7971509699999999E-002   0.0000000000000000        0.0000000000000000     
   221.00000000000000        1.0179109000000002       -1.8460000000000091E-006   1.7896233100000002E-002   0.0000000000000000        0.0000000000000000     
   222.00000000000000        1.0175794000000000       -2.4248497000000009E-004   1.7821619500000000E-002   0.0000000000000000        0.0000000000000000     
   223.00000000000003        1.0172479000000001       -4.7702214000000005E-004   1.7747039600000000E-002   0.0000000000000000        0.0000000000000000     
   224.00000000000000        1.0169827000000000       -7.0564822800000008E-004   1.7672493399999999E-002   0.0000000000000000        0.0000000000000000     
   225.00000000000000        1.0166838000000000       -9.2842313000000007E-004   1.7598610200000003E-002   0.0000000000000000        0.0000000000000000     
   226.00000000000000        1.0163523000000001       -1.1455184500000000E-003   1.7524760700000003E-002   0.0000000000000000        0.0000000000000000     
   227.00000000000000        1.0160871000000000       -1.3570628100000003E-003   1.7451574200000000E-002   0.0000000000000000        0.0000000000000000     
   228.00000000000000        1.0158218999999999       -1.5632087000000002E-003   1.7378455099999999E-002   0.0000000000000000        0.0000000000000000     
   229.00000000000000        1.0155230000000000       -1.7639959000000001E-003   1.7305965300000000E-002   0.0000000000000000        0.0000000000000000     
   230.00000000000000        1.0152578000000001       -1.9596432000000001E-003   1.7232879899999998E-002   0.0000000000000000        0.0000000000000000     
   231.00000000000003        1.0149926000000002       -2.1502832000000003E-003   1.7161120500000002E-002   0.0000000000000000        0.0000000000000000     
   232.00000000000000        1.0147274000000002       -2.3359496000000001E-003   1.7088698100000001E-002   0.0000000000000000        0.0000000000000000     
   233.00000000000000        1.0145284999999999       -2.5168402000000003E-003   1.7017006099999999E-002   0.0000000000000000        0.0000000000000000     
   234.00000000000000        1.0142296000000002       -2.6930561000000001E-003   1.6945280400000002E-002   0.0000000000000000        0.0000000000000000     
   235.00000000000000        1.0140307000000002       -2.8646288000000004E-003   1.6874285100000001E-002   0.0000000000000000        0.0000000000000000     
   236.00000000000003        1.0137655000000001       -3.0317920000000002E-003   1.6803289799999999E-002   0.0000000000000000        0.0000000000000000     
   237.00000000000000        1.0135666000000001       -3.1945109000000001E-003   1.6732991199999998E-002   0.0000000000000000        0.0000000000000000     
   238.00000000000000        1.0133014000000000       -3.3530192000000001E-003   1.6662692600000001E-002   0.0000000000000000        0.0000000000000000     
   239.00000000000003        1.0130688000000001       -3.5073820999999999E-003   1.6592427700000002E-002   0.0000000000000000        0.0000000000000000     
   240.00000000000000        1.0128699000000001       -3.6576333000000001E-003   1.6522859500000001E-002   0.0000000000000000        0.0000000000000000     
   241.00000000000000        1.0126710000000001       -3.8039380000000006E-003   1.6453291300000002E-002   0.0000000000000000        0.0000000000000000     
   242.00000000000000        1.0124721000000001       -3.9463635999999998E-003   1.6383756800000000E-002   0.0000000000000000        0.0000000000000000     
   243.00000000000000        1.0122069000000000       -4.0850416000000004E-003   1.6314885299999998E-002   0.0000000000000000        0.0000000000000000     
   244.00000000000003        1.0120080000000002       -4.2200057000000004E-003   1.6246047499999999E-002   0.0000000000000000        0.0000000000000000     
   245.00000000000000        1.0118417000000002       -4.3513222000000004E-003   1.6177906400000001E-002   0.0000000000000000        0.0000000000000000     
   246.00000000000000        1.0116428000000002       -4.4792237000000007E-003   1.6109765300000002E-002   0.0000000000000000        0.0000000000000000     
   247.00000000000000        1.0114439000000002       -4.6036428000000001E-003   1.6041657899999999E-002   0.0000000000000000        0.0000000000000000     
   248.00000000000000        1.0112450000000002       -4.7247132000000002E-003   1.5974247200000000E-002   0.0000000000000000        0.0000000000000000     
   249.00000000000003        1.0110461000000002       -4.8425001000000001E-003   1.5906836500000000E-002   0.0000000000000000        0.0000000000000000     
   250.00000000000000        1.0109135000000000       -4.9571372000000004E-003   1.5840122500000001E-002   0.0000000000000000        0.0000000000000000     
   251.00000000000000        1.0106809000000001       -5.0686571000000003E-003   1.5772745500000001E-002   0.0000000000000000        0.0000000000000000     
   252.00000000000003        1.0105483000000002       -5.1770598000000006E-003   1.5706728200000002E-002   0.0000000000000000        0.0000000000000000     
   253.00000000000000        1.0103494000000000       -5.2825779000000000E-003   1.5640081600000001E-002   0.0000000000000000        0.0000000000000000     
   254.00000000000000        1.0102168000000000       -5.3851777000000003E-003   1.5574761000000001E-002   0.0000000000000000        0.0000000000000000     
   255.00000000000000        1.0100179000000000       -5.4849592000000011E-003   1.5508811099999999E-002   0.0000000000000000        0.0000000000000000     
   256.00000000000000        1.0098853000000001       -5.5820213000000000E-003   1.5443557900000002E-002   0.0000000000000000        0.0000000000000000     
   257.00000000000000        1.0096864000000001       -5.6762977000000001E-003   1.5378304700000001E-002   0.0000000000000000        0.0000000000000000     
   258.00000000000000        1.0095201000000000       -5.7679547000000003E-003   1.5313748200000001E-002   0.0000000000000000        0.0000000000000000     
   259.00000000000000        1.0093875000000001       -5.8571248999999999E-003   1.5249191700000001E-002   0.0000000000000000        0.0000000000000000     
   260.00000000000000        1.0092549000000002       -5.9437083000000003E-003   1.5184668900000002E-002   0.0000000000000000        0.0000000000000000     
   261.00000000000000        1.0091223000000002       -6.0279374999999994E-003   1.5120842800000001E-002   0.0000000000000000        0.0000000000000000     
   262.00000000000000        1.0089234000000000       -6.1096462000000008E-003   1.5057016700000000E-002   0.0000000000000000        0.0000000000000000     
   263.00000000000000        1.0087908000000001       -6.1891333000000000E-003   1.4993224300000002E-002   0.0000000000000000        0.0000000000000000     
   264.00000000000000        1.0086582000000002       -6.2662661999999996E-003   1.4930094900000001E-002   0.0000000000000000        0.0000000000000000     
   265.00000000000000        1.0084919000000001       -6.3412438000000010E-003   1.4867662200000001E-002   0.0000000000000000        0.0000000000000000     
   266.00000000000000        1.0083593000000000       -6.4139661000000006E-003   1.4804600200000002E-002   0.0000000000000000        0.0000000000000000     
   267.00000000000000        1.0082267000000000       -6.4846656999999995E-003   1.4742201200000003E-002   0.0000000000000000        0.0000000000000000     
   268.00000000000000        1.0080941000000001       -6.5532100000000003E-003   1.4680498900000000E-002   0.0000000000000000        0.0000000000000000     
   269.00000000000000        1.0080278000000000       -6.6197979000000009E-003   1.4618830300000000E-002   0.0000000000000000        0.0000000000000000     
   270.00000000000000        1.0078952000000001       -6.6843631000000001E-003   1.4557161700000001E-002   0.0000000000000000        0.0000000000000000     
   271.00000000000000        1.0077626000000000       -6.7470382000000013E-003   1.4495526800000000E-002   0.0000000000000000        0.0000000000000000     
   272.00000000000000        1.0076299999999998       -6.8077894999999996E-003   1.4434554900000000E-002   0.0000000000000000        0.0000000000000000     
   273.00000000000000        1.0074974000000001       -6.8667507000000003E-003   1.4373616700000001E-002   0.0000000000000000        0.0000000000000000     
   274.00000000000000        1.0073973999999999       -6.9238881000000000E-003   1.4313341500000000E-002   0.0000000000000000        0.0000000000000000     
   275.00000000000000        1.0072648000000000       -6.9792343000000005E-003   1.4253099999999999E-002   0.0000000000000000        0.0000000000000000     
   276.00000000000000        1.0071322000000000       -7.0329230000000000E-003   1.4193555199999999E-002   0.0000000000000000        0.0000000000000000     
   277.00000000000000        1.0070659000000000       -7.0849204999999995E-003   1.4133347399999999E-002   0.0000000000000000        0.0000000000000000     
   278.00000000000000        1.0069333000000000       -7.1352930999999996E-003   1.4073836300000000E-002   0.0000000000000000        0.0000000000000000     
   279.00000000000000        1.0068670000000002       -7.1840408000000003E-003   1.4015021900000001E-002   0.0000000000000000        0.0000000000000000     
   280.00000000000000        1.0067344000000000       -7.2312299000000003E-003   1.3956207500000001E-002   0.0000000000000000        0.0000000000000000     
   281.00000000000000        1.0066018000000001       -7.2769604000000000E-003   1.3897393100000001E-002   0.0000000000000000        0.0000000000000000     
   282.00000000000000        1.0065355000000000       -7.3210986000000009E-003   1.3839309100000001E-002   0.0000000000000000        0.0000000000000000     
   283.00000000000000        1.0064029000000001       -7.3638445000000002E-003   1.3781191400000000E-002   0.0000000000000000        0.0000000000000000     
   284.00000000000000        1.0063029000000001       -7.4050981000000011E-003   1.3723141100000001E-002   0.0000000000000000        0.0000000000000000     
   285.00000000000000        1.0062366000000000       -7.4450582999999997E-003   1.3665753800000000E-002   0.0000000000000000        0.0000000000000000     
   286.00000000000000        1.0061039999999999       -7.4836924999999999E-003   1.3608366500000000E-002   0.0000000000000000        0.0000000000000000     
   287.00000000000000        1.0060377000000000       -7.5209669999999999E-003   1.3551012899999999E-002   0.0000000000000000        0.0000000000000000     
   288.00000000000000        1.0059051000000001       -7.5568818000000008E-003   1.3494356000000001E-002   0.0000000000000000        0.0000000000000000     
   289.00000000000000        1.0058388000000000       -7.5914369000000008E-003   1.3437699100000002E-002   0.0000000000000000        0.0000000000000000     
   290.00000000000000        1.0057725000000000       -7.6253290000000001E-003   1.3381738900000001E-002   0.0000000000000000        0.0000000000000000     
   291.00000000000000        1.0057062000000001       -7.6571984000000006E-003   1.3325149400000002E-002   0.0000000000000000        0.0000000000000000     
   292.00000000000000        1.0055736000000000       -7.6884048000000005E-003   1.3269885900000000E-002   0.0000000000000000        0.0000000000000000     
   293.00000000000000        1.0055073000000001       -7.7182515000000004E-003   1.3213959400000001E-002   0.0000000000000000        0.0000000000000000     
   294.00000000000000        1.0054410000000000       -7.7467385000000010E-003   1.3158729600000000E-002   0.0000000000000000        0.0000000000000000     
   295.00000000000000        1.0053410000000000       -7.7745625000000011E-003   1.3103533500000000E-002   0.0000000000000000        0.0000000000000000     
   296.00000000000000        1.0052084000000001       -7.8010605000000000E-003   1.3049000400000000E-002   0.0000000000000000        0.0000000000000000     
   297.00000000000000        1.0051421000000000       -7.8268281000000006E-003   1.2994501000000002E-002   0.0000000000000000        0.0000000000000000     
   298.00000000000000        1.0050758000000000       -7.8512696999999999E-003   1.2940035300000001E-002   0.0000000000000000        0.0000000000000000     
   299.00000000000000        1.0050095000000001       -7.8750482999999996E-003   1.2886198900000003E-002   0.0000000000000000        0.0000000000000000     
   300.00000000000000        1.0049432000000000       -7.8974672000000010E-003   1.2832429900000001E-002   0.0000000000000000        0.0000000000000000     
   301.00000000000000        1.0048769000000000       -7.9192231000000009E-003   1.2778660900000002E-002   0.0000000000000000        0.0000000000000000     
   302.00000000000000        1.0048105999999999       -7.9396193000000007E-003   1.2725588600000001E-002   0.0000000000000000        0.0000000000000000     
   303.00000000000000        1.0047443000000000       -7.9593525000000009E-003   1.2672516300000001E-002   0.0000000000000000        0.0000000000000000     
   304.00000000000000        1.0046780000000000       -7.9784227000000013E-003   1.2619444000000000E-002   0.0000000000000000        0.0000000000000000     
   305.00000000000000        1.0046116999999999       -7.9961332000000000E-003   1.2567102100000001E-002   0.0000000000000000        0.0000000000000000     
   306.00000000000000        1.0045454000000000       -8.0131470000000000E-003   1.2514726500000000E-002   0.0000000000000000        0.0000000000000000     
   307.00000000000000        1.0044791000000000       -8.0294978000000003E-003   1.2462418300000002E-002   0.0000000000000000        0.0000000000000000     
   308.00000000000000        1.0043791000000000       -8.0451856000000009E-003   1.2410773100000001E-002   0.0000000000000000        0.0000000000000000     
   309.00000000000000        1.0043128000000001       -8.0595474000000004E-003   1.2359127900000001E-002   0.0000000000000000        0.0000000000000000     
   310.00000000000000        1.0042465000000000       -8.0732125000000012E-003   1.2307516400000001E-002   0.0000000000000000        0.0000000000000000     
   311.00000000000000        1.0041802000000000       -8.0861809000000000E-003   1.2256601600000000E-002   0.0000000000000000        0.0000000000000000     
   312.00000000000000        1.0041139000000001       -8.0985200000000014E-003   1.2205686800000001E-002   0.0000000000000000        0.0000000000000000     
   313.00000000000000        1.0040476000000000       -8.1101624000000008E-003   1.2155435000000001E-002   0.0000000000000000        0.0000000000000000     
   314.00000000000000        1.0039813000000000       -8.1211080999999997E-003   1.2104553900000000E-002   0.0000000000000000        0.0000000000000000     
   315.00000000000000        1.0039150000000001       -8.1314244999999997E-003   1.2054369500000000E-002   0.0000000000000000        0.0000000000000000     
   316.00000000000000        1.0038487000000000       -8.1410442000000010E-003   1.2004848100000002E-002   0.0000000000000000        0.0000000000000000     
   317.00000000000000        1.0037824000000000       -8.1500009000000009E-003   1.1954663700000000E-002   0.0000000000000000        0.0000000000000000     
   318.00000000000000        1.0037824000000000       -8.1582609000000004E-003   1.1905209700000001E-002   0.0000000000000000        0.0000000000000000     
   319.00000000000000        1.0037161000000001       -8.1652286000000011E-003   1.1856385000000002E-002   0.0000000000000000        0.0000000000000000     
   320.00000000000000        1.0036498000000003       -8.1721625999999995E-003   1.1806931000000000E-002   0.0000000000000000        0.0000000000000000     
   321.00000000000000        1.0035835000000000       -8.1783999000000010E-003   1.1758173700000001E-002   0.0000000000000000        0.0000000000000000     
   322.00000000000000        1.0035172000000001       -8.1846708999999997E-003   1.1709416400000002E-002   0.0000000000000000        0.0000000000000000     
   323.00000000000000        1.0034835000000000       -8.1895822000000000E-003   1.1661355800000000E-002   0.0000000000000000        0.0000000000000000     
   324.00000000000000        1.0034171999999999       -8.1938304999999989E-003   1.1613295200000000E-002   0.0000000000000000        0.0000000000000000     
   325.00000000000000        1.0033509000000000       -8.1980787999999995E-003   1.1565268300000002E-002   0.0000000000000000        0.0000000000000000     
   326.00000000000000        1.0032846000000000       -8.2016641000000005E-003   1.1517904400000003E-002   0.0000000000000000        0.0000000000000000     
   327.00000000000000        1.0032846000000000       -8.2045527000000010E-003   1.1470574200000002E-002   0.0000000000000000        0.0000000000000000     
   328.00000000000000        1.0032182999999999       -8.2068120000000008E-003   1.1423244000000001E-002   0.0000000000000000        0.0000000000000000     
   329.00000000000000        1.0031520000000000       -8.2083746000000003E-003   1.1375947500000002E-002   0.0000000000000000        0.0000000000000000     
   330.00000000000000        1.0030857000000000       -8.2099371999999997E-003   1.1329314000000000E-002   0.0000000000000000        0.0000000000000000     
   331.00000000000000        1.0030857000000000       -8.2108368000000011E-003   1.1282714200000000E-002   0.0000000000000000        0.0000000000000000     
   332.00000000000000        1.0030193999999999       -8.2110397000000005E-003   1.1236114400000000E-002   0.0000000000000000        0.0000000000000000     
   333.00000000000000        1.0029531000000000       -8.2112763000000005E-003   1.1190211300000001E-002   0.0000000000000000        0.0000000000000000     
   334.00000000000000        1.0029531000000000       -8.2108162000000002E-003   1.1144308200000001E-002   0.0000000000000000        0.0000000000000000     
   335.00000000000000        1.0028868000000000       -8.2096931000000001E-003   1.1098438799999999E-002   0.0000000000000000        0.0000000000000000     
   336.00000000000000        1.0028204999999999       -8.2079070000000004E-003   1.1053232400000000E-002   0.0000000000000000        0.0000000000000000     
   337.00000000000000        1.0028204999999999       -8.2061209000000006E-003   1.1008059700000000E-002   0.0000000000000000        0.0000000000000000     
   338.00000000000000        1.0027542000000000       -8.2036717999999995E-003   1.0962886999999999E-002   0.0000000000000000        0.0000000000000000     
   339.00000000000000        1.0027542000000000       -8.2012227000000000E-003   1.0918377300000000E-002   0.0000000000000000        0.0000000000000000     
   340.00000000000000        1.0026879000000002       -8.1980769000000002E-003   1.0873238299999999E-002   0.0000000000000000        0.0000000000000000     
   341.00000000000000        1.0026215999999999       -8.1949647999999993E-003   1.0828796000000002E-002   0.0000000000000000        0.0000000000000000     
   342.00000000000000        1.0026215999999999       -8.1911560000000015E-003   1.0785016700000000E-002   0.0000000000000000        0.0000000000000000     
   343.00000000000000        1.0025216000000001       -8.1867178999999995E-003   1.0741237400000001E-002   0.0000000000000000        0.0000000000000000     
   344.00000000000000        1.0025216000000001       -8.1822461000000003E-003   1.0696828799999999E-002   0.0000000000000000        0.0000000000000000     
   345.00000000000000        1.0024553000000000       -8.1771113000000013E-003   1.0653779900000002E-002   0.0000000000000000        0.0000000000000000     
   346.00000000000000        1.0024553000000000       -8.1719765000000007E-003   1.0610068000000000E-002   0.0000000000000000        0.0000000000000000     
   347.00000000000000        1.0023890000000002       -8.1661787000000003E-003   1.0567019100000000E-002   0.0000000000000000        0.0000000000000000     
   348.00000000000000        1.0023227000000001       -8.1603808999999999E-003   1.0524003900000000E-002   0.0000000000000000        0.0000000000000000     
   349.00000000000000        1.0023227000000001       -8.1539200999999999E-003   1.0481651700000000E-002   0.0000000000000000        0.0000000000000000     
   350.00000000000000        1.0022564000000000       -8.1474592999999998E-003   1.0438670200000002E-002   0.0000000000000000        0.0000000000000000     
   351.00000000000000        1.0022564000000000       -8.1403355000000000E-003   1.0396351700000001E-002   0.0000000000000000        0.0000000000000000     
   352.00000000000000        1.0021901000000002       -8.1332117000000002E-003   1.0354033200000001E-002   0.0000000000000000        0.0000000000000000     
   353.00000000000000        1.0021901000000002       -8.1260879000000005E-003   1.0312411399999999E-002   0.0000000000000000        0.0000000000000000     
   354.00000000000000        1.0021237999999999       -8.1183010999999992E-003   1.0270823300000001E-002   0.0000000000000000        0.0000000000000000     
   355.00000000000000        1.0021237999999999       -8.1098175999999994E-003   1.0229235200000001E-002   0.0000000000000000        0.0000000000000000     
   356.00000000000000        1.0020575000000000       -8.1013678000000002E-003   1.0187647100000001E-002   0.0000000000000000        0.0000000000000000     
   357.00000000000000        1.0020575000000000       -8.0929180000000010E-003   1.0146755699999999E-002   0.0000000000000000        0.0000000000000000     
   358.00000000000000        1.0020575000000000       -8.0837714999999997E-003   1.0105201300000002E-002   0.0000000000000000        0.0000000000000000     
   359.00000000000000        1.0019912000000000       -8.0746586999999991E-003   1.0065006600000001E-002   0.0000000000000000        0.0000000000000000     
   360.00000000000000        1.0019912000000000       -8.0655459000000002E-003   1.0024148900000000E-002   0.0000000000000000        0.0000000000000000     
   361.00000000000000        1.0019248999999999       -8.0557700999999999E-003   9.9839542000000007E-003   0.0000000000000000        0.0000000000000000     
   362.00000000000000        1.0019248999999999       -8.0459606000000006E-003   9.9437932000000021E-003   0.0000000000000000        0.0000000000000000     
   363.00000000000000        1.0018586000000000       -8.0355218000000006E-003   9.9036659000000006E-003   0.0000000000000000        0.0000000000000000     
   364.00000000000000        1.0018586000000000       -8.0257460000000003E-003   9.8635385999999992E-003   0.0000000000000000        0.0000000000000000     
   365.00000000000000        1.0017923000000000       -8.0146104999999999E-003   9.8240743000000009E-003   0.0000000000000000        0.0000000000000000     
   366.00000000000000        1.0017923000000000       -8.0041717000000016E-003   9.7846437000000015E-003   0.0000000000000000        0.0000000000000000     
   367.00000000000000        1.0017923000000000       -7.9930699000000001E-003   9.7452131000000004E-003   0.0000000000000000        0.0000000000000000     
   368.00000000000000        1.0017260000000001       -7.9819681000000003E-003   9.7064455000000008E-003   0.0000000000000000        0.0000000000000000     
   369.00000000000000        1.0016923000000000       -7.9702032999999992E-003   9.6677116000000000E-003   0.0000000000000000        0.0000000000000000     
   370.00000000000000        1.0016259999999999       -7.9590677999999988E-003   9.6289777000000010E-003   0.0000000000000000        0.0000000000000000     
   371.00000000000000        1.0016259999999999       -7.9473030000000010E-003   9.5902775000000010E-003   0.0000000000000000        0.0000000000000000     
   372.00000000000000        1.0016259999999999       -7.9348752000000002E-003   9.5515772999999991E-003   0.0000000000000000        0.0000000000000000     
   373.00000000000000        1.0015597000000001       -7.9231104000000007E-003   9.5135738000000011E-003   0.0000000000000000        0.0000000000000000     
   374.00000000000000        1.0015597000000001       -7.9106825999999998E-003   9.4755702999999997E-003   0.0000000000000000        0.0000000000000000     
   375.00000000000000        1.0015597000000001       -7.8982548000000007E-003   9.4382298000000014E-003   0.0000000000000000        0.0000000000000000     
   376.00000000000000        1.0014934000000000       -7.8851640000000001E-003   9.4002600000000006E-003   0.0000000000000000        0.0000000000000000     
   377.00000000000000        1.0014934000000000       -7.8721069000000001E-003   9.3629532000000012E-003   0.0000000000000000        0.0000000000000000     
   378.00000000000000        1.0014271000000001       -7.8596790999999992E-003   9.3256801000000007E-003   0.0000000000000000        0.0000000000000000     
   379.00000000000000        1.0014271000000001       -7.8459253000000007E-003   9.2884070000000003E-003   0.0000000000000000        0.0000000000000000     
   380.00000000000000        1.0014271000000001       -7.8328345000000001E-003   9.2517969000000012E-003   0.0000000000000000        0.0000000000000000     
   381.00000000000000        1.0013608000000001       -7.8191144000000004E-003   9.2152205000000011E-003   0.0000000000000000        0.0000000000000000     
   382.00000000000000        1.0013608000000001       -7.8060236000000007E-003   9.1786441000000010E-003   0.0000000000000000        0.0000000000000000     
   383.00000000000000        1.0013608000000001       -7.7923035000000010E-003   9.1420676999999992E-003   0.0000000000000000        0.0000000000000000     
   384.00000000000000        1.0012945000000000       -7.7778867000000002E-003   9.1055250000000015E-003   0.0000000000000000        0.0000000000000000     
   385.00000000000000        1.0012945000000000       -7.7641666000000005E-003   9.0696453000000000E-003   0.0000000000000000        0.0000000000000000     
   386.00000000000000        1.0012945000000000       -7.7497834999999994E-003   9.0337993000000009E-003   0.0000000000000000        0.0000000000000000     
   387.00000000000000        1.0012945000000000       -7.7354004000000001E-003   8.9979533000000000E-003   0.0000000000000000        0.0000000000000000     
   388.00000000000000        1.0012282000000001       -7.7209836000000000E-003   8.9628039999999996E-003   0.0000000000000000        0.0000000000000000     
   389.00000000000006        1.0012282000000001       -7.7066004999999998E-003   8.9269580000000005E-003   0.0000000000000000        0.0000000000000000     
   390.00000000000000        1.0012282000000001       -7.6922174000000005E-003   8.8918424000000006E-003   0.0000000000000000        0.0000000000000000     
   391.00000000000000        1.0011619000000000       -7.6772050000000003E-003   8.8566931000000002E-003   0.0000000000000000        0.0000000000000000     
   392.00000000000000        1.0011619000000000       -7.6621589000000004E-003   8.8222405000000000E-003   0.0000000000000000        0.0000000000000000     
   393.00000000000000        1.0011619000000000       -7.6471128000000013E-003   8.7871249000000019E-003   0.0000000000000000        0.0000000000000000     
   394.00000000000006        1.0010956000000000       -7.6321003999999994E-003   8.7527059999999990E-003   0.0000000000000000        0.0000000000000000     
   395.00000000000000        1.0010956000000000       -7.6170543000000004E-003   8.7182870999999995E-003   0.0000000000000000        0.0000000000000000     
   396.00000000000000        1.0010956000000000       -7.6013789000000005E-003   8.6845311999999997E-003   0.0000000000000000        0.0000000000000000     
   397.00000000000000        1.0010956000000000       -7.5863327999999997E-003   8.6501460000000009E-003   0.0000000000000000        0.0000000000000000     
   398.00000000000000        1.0010293000000001       -7.5706574000000007E-003   8.6164238000000001E-003   0.0000000000000000        0.0000000000000000     
   399.00000000000006        1.0010293000000001       -7.5549820000000009E-003   8.5827352999999999E-003   0.0000000000000000        0.0000000000000000     
   400.00000000000000        1.0010293000000001       -7.5393066000000010E-003   8.5490131000000007E-003   0.0000000000000000        0.0000000000000000     
   401.00000000000000        1.0010293000000001       -7.5236312000000012E-003   8.5153246000000005E-003   0.0000000000000000        0.0000000000000000     
   402.00000000000000        1.0009630000000000       -7.5079558000000005E-003   8.4823328000000024E-003   0.0000000000000000        0.0000000000000000     
   403.00000000000000        1.0009630000000000       -7.4922804000000006E-003   8.4493409999999991E-003   0.0000000000000000        0.0000000000000000     
   404.00000000000000        1.0009630000000000       -7.4759757000000008E-003   8.4163492000000010E-003   0.0000000000000000        0.0000000000000000     
   405.00000000000000        1.0009630000000000       -7.4596373000000004E-003   8.3833911000000001E-003   0.0000000000000000        0.0000000000000000     
   406.00000000000000        1.0008967000000000       -7.4439956000000012E-003   8.3510960000000006E-003   0.0000000000000000        0.0000000000000000     
   407.00000000000000        1.0008630000000001       -7.4276908999999997E-003   8.3181379000000014E-003   0.0000000000000000        0.0000000000000000     
   408.00000000000000        1.0008630000000001       -7.4113525000000001E-003   8.2858428000000001E-003   0.0000000000000000        0.0000000000000000     
   409.00000000000000        1.0008630000000001       -7.3950478000000004E-003   8.2535813999999996E-003   0.0000000000000000        0.0000000000000000     
   410.00000000000006        1.0007967000000000       -7.3787431000000006E-003   8.2220167000000011E-003   0.0000000000000000        0.0000000000000000     
   411.00000000000000        1.0007967000000000       -7.3624384000000008E-003   8.1897553000000005E-003   0.0000000000000000        0.0000000000000000     
   412.00000000000000        1.0007967000000000       -7.3455044000000002E-003   8.1581906000000003E-003   0.0000000000000000        0.0000000000000000     
   413.00000000000000        1.0007967000000000       -7.3291997000000005E-003   8.1266259000000018E-003   0.0000000000000000        0.0000000000000000     
   414.00000000000000        1.0007967000000000       -7.3122320000000001E-003   8.0950949000000005E-003   0.0000000000000000        0.0000000000000000     
   415.00000000000006        1.0007304000000001       -7.2959610000000001E-003   8.0635639000000009E-003   0.0000000000000000        0.0000000000000000     
   416.00000000000000        1.0007304000000001       -7.2790270000000004E-003   8.0326959000000010E-003   0.0000000000000000        0.0000000000000000     
   417.00000000000000        1.0007304000000001       -7.2620929999999998E-003   8.0018616000000001E-003   0.0000000000000000        0.0000000000000000     
   418.00000000000000        1.0007304000000001       -7.2451590000000010E-003   7.9710273000000009E-003   0.0000000000000000        0.0000000000000000     
   419.00000000000000        1.0007304000000001       -7.2288880000000002E-003   7.9401929999999999E-003   0.0000000000000000        0.0000000000000000     
   420.00000000000006        1.0006640999999998       -7.2119540000000013E-003   7.9093587000000007E-003   0.0000000000000000        0.0000000000000000     
   421.00000000000000        1.0006640999999998       -7.1943570000000002E-003   7.8792211000000001E-003   0.0000000000000000        0.0000000000000000     
   422.00000000000000        1.0006640999999998       -7.1774567000000011E-003   7.8484204999999998E-003   0.0000000000000000        0.0000000000000000     
   423.00000000000000        1.0006640999999998       -7.1605227000000006E-003   7.8183165999999998E-003   0.0000000000000000        0.0000000000000000     
   424.00000000000000        1.0006640999999998       -7.1436224000000006E-003   7.7882127000000008E-003   0.0000000000000000        0.0000000000000000     
   425.00000000000006        1.0005978000000000       -7.1265232000000001E-003   7.7587718000000005E-003   0.0000000000000000        0.0000000000000000     
   426.00000000000000        1.0005978000000000       -7.1093240000000002E-003   7.7286678999999997E-003   0.0000000000000000        0.0000000000000000     
   427.00000000000000        1.0005978000000000       -7.0921921999999998E-003   7.6992607000000001E-003   0.0000000000000000        0.0000000000000000     
   428.00000000000000        1.0005978000000000       -7.0750267000000006E-003   7.6698535000000005E-003   0.0000000000000000        0.0000000000000000     
   429.00000000000000        1.0005978000000000       -7.0577949000000008E-003   7.6404462999999992E-003   0.0000000000000000        0.0000000000000000     
   430.00000000000000        1.0005978000000000       -7.0404968000000005E-003   7.6110728000000002E-003   0.0000000000000000        0.0000000000000000     
   431.00000000000006        1.0005315000000001       -7.0232986999999997E-003   7.5823623000000001E-003   0.0000000000000000        0.0000000000000000     
   432.00000000000000        1.0005315000000001       -7.0059680000000004E-003   7.5536518000000000E-003   0.0000000000000000        0.0000000000000000     
   433.00000000000000        1.0005315000000001       -6.9886699000000002E-003   7.5243120000000000E-003   0.0000000000000000        0.0000000000000000     
   434.00000000000000        1.0005315000000001       -6.9713392000000001E-003   7.4962981999999994E-003   0.0000000000000000        0.0000000000000000     
   435.00000000000000        1.0005315000000001       -6.9539759000000010E-003   7.4676213999999999E-003   0.0000000000000000        0.0000000000000000     
   436.00000000000006        1.0005315000000001       -6.9365789000000004E-003   7.4389445999999996E-003   0.0000000000000000        0.0000000000000000     
   437.00000000000000        1.0004652000000001       -6.9191819000000007E-003   7.4109645000000005E-003   0.0000000000000000        0.0000000000000000     
   438.00000000000000        1.0004652000000001       -6.9018185999999999E-003   7.3829844000000006E-003   0.0000000000000000        0.0000000000000000     
   439.00000000000000        1.0004652000000001       -6.8843553000000005E-003   7.3550380000000004E-003   0.0000000000000000        0.0000000000000000     
   440.00000000000000        1.0004652000000001       -6.8669919999999997E-003   7.3270578999999995E-003   0.0000000000000000        0.0000000000000000     
   441.00000000000006        1.0004652000000001       -6.8494960999999997E-003   7.2991115000000011E-003   0.0000000000000000        0.0000000000000000     
   442.00000000000000        1.0004652000000001       -6.8320665000000010E-003   7.2711651000000000E-003   0.0000000000000000        0.0000000000000000     
   443.00000000000000        1.0004652000000001       -6.8146369000000005E-003   7.2439154000000002E-003   0.0000000000000000        0.0000000000000000     
   444.00000000000000        1.0003989000000000       -6.7971410000000005E-003   7.2166657000000004E-003   0.0000000000000000        0.0000000000000000     
   445.00000000000000        1.0003989000000000       -6.7796451000000004E-003   7.1894159999999997E-003   0.0000000000000000        0.0000000000000000     
   446.00000000000006        1.0003989000000000       -6.7621829000000010E-003   7.1622989000000008E-003   0.0000000000000000        0.0000000000000000     
   447.00000000000000        1.0003989000000000       -6.7447207000000007E-003   7.1353144000000004E-003   0.0000000000000000        0.0000000000000000     
   448.00000000000000        1.0003989000000000       -6.7272248000000007E-003   7.1084962000000007E-003   0.0000000000000000        0.0000000000000000     
   449.00000000000000        1.0003989000000000       -6.7096963000000008E-003   7.0817780000000004E-003   0.0000000000000000        0.0000000000000000     
   450.00000000000000        1.0003989000000000       -6.6922341000000005E-003   7.0551587000000004E-003   0.0000000000000000        0.0000000000000000     
   451.00000000000006        1.0003326000000001       -6.6747392999999995E-003   7.0286393999999999E-003   0.0000000000000000        0.0000000000000000     
   452.00000000000000        1.0003326000000001       -6.6572771000000010E-003   7.0023189999999999E-003   0.0000000000000000        0.0000000000000000     
   453.00000000000000        1.0003326000000001       -6.6397486000000011E-003   6.9759986000000000E-003   0.0000000000000000        0.0000000000000000     
   454.00000000000000        1.0003326000000001       -6.6222538000000001E-003   6.9498771000000015E-003   0.0000000000000000        0.0000000000000000     
   455.00000000000000        1.0003326000000001       -6.6048253000000005E-003   6.9238555999999998E-003   0.0000000000000000        0.0000000000000000     
   456.00000000000000        1.0003326000000001       -6.5873304999999995E-003   6.8979667000000008E-003   0.0000000000000000        0.0000000000000000     
   457.00000000000006        1.0003326000000001       -6.5698357000000002E-003   6.8722441000000000E-003   0.0000000000000000        0.0000000000000000     
   458.00000000000000        1.0003326000000001       -6.5523409000000001E-003   6.8465541000000000E-003   0.0000000000000000        0.0000000000000000     
   459.00000000000000        1.0002663000000001       -6.5349123999999996E-003   6.8210304000000006E-003   0.0000000000000000        0.0000000000000000     
   460.00000000000000        1.0002663000000001       -6.5174513000000002E-003   6.7956392999999997E-003   0.0000000000000000        0.0000000000000000     
   461.00000000000000        1.0002663000000001       -6.5000228000000005E-003   6.7703145000000001E-003   0.0000000000000000        0.0000000000000000     
   462.00000000000006        1.0002663000000001       -6.4825617000000002E-003   6.7450897000000008E-003   0.0000000000000000        0.0000000000000000     
   463.00000000000000        1.0002663000000001       -6.4651669000000004E-003   6.7200638000000004E-003   0.0000000000000000        0.0000000000000000     
   464.00000000000000        1.0002663000000001       -6.4477058000000000E-003   6.6950379000000008E-003   0.0000000000000000        0.0000000000000000     
   465.00000000000000        1.0002663000000001       -6.4303110000000002E-003   6.6702109000000001E-003   0.0000000000000000        0.0000000000000000     
   466.00000000000000        1.0002663000000001       -6.4129162000000003E-003   6.6454838999999996E-003   0.0000000000000000        0.0000000000000000     
   467.00000000000006        1.0002663000000001       -6.3955214000000005E-003   6.6208895000000002E-003   0.0000000000000000        0.0000000000000000     
   468.00000000000000        1.0002663000000001       -6.3781603000000004E-003   6.5963614000000004E-003   0.0000000000000000        0.0000000000000000     
   469.00000000000000        1.0002000000000000       -6.3608318000000002E-003   6.5719333000000000E-003   0.0000000000000000        0.0000000000000000     
   470.00000000000000        1.0001663000000001       -6.3434707000000002E-003   6.5476703999999995E-003   0.0000000000000000        0.0000000000000000     
   471.00000000000000        1.0001663000000001       -6.3261758999999997E-003   6.5234412000000014E-003   0.0000000000000000        0.0000000000000000     
   472.00000000000006        1.0001663000000001       -6.3088811000000002E-003   6.4994109000000005E-003   0.0000000000000000        0.0000000000000000     
   473.00000000000000        1.0001663000000001       -6.2915862999999997E-003   6.4754143000000002E-003   0.0000000000000000        0.0000000000000000     
   474.00000000000000        1.0001663000000001       -6.2743251999999991E-003   6.4515829000000007E-003   0.0000000000000000        0.0000000000000000     
   475.00000000000000        1.0001663000000001       -6.2570304000000012E-003   6.4277852000000002E-003   0.0000000000000000        0.0000000000000000     
   476.00000000000000        1.0001663000000001       -6.2398356000000002E-003   6.4041864000000002E-003   0.0000000000000000        0.0000000000000000     
   477.00000000000006        1.0001663000000001       -6.2226408000000000E-003   6.3805876000000003E-003   0.0000000000000000        0.0000000000000000     
   478.00000000000006        1.0001663000000001       -6.2054123000000001E-003   6.3572213999999998E-003   0.0000000000000000        0.0000000000000000     
   479.00000000000000        1.0001000000000000       -6.1882175000000008E-003   6.3338551999999994E-003   0.0000000000000000        0.0000000000000000     
   480.00000000000000        1.0001000000000000       -6.1711227000000009E-003   6.3106216000000008E-003   0.0000000000000000        0.0000000000000000     
   481.00000000000000        1.0001000000000000       -6.1539941999999995E-003   6.2875205999999998E-003   0.0000000000000000        0.0000000000000000     
   482.00000000000000        1.0001000000000000       -6.1368656999999998E-003   6.2645195999999998E-003   0.0000000000000000        0.0000000000000000     
   483.00000000000006        1.0001000000000000       -6.1197709000000008E-003   6.2416174999999994E-003   0.0000000000000000        0.0000000000000000     
   484.00000000000000        1.0001000000000000       -6.1027423999999997E-003   6.2187491000000004E-003   0.0000000000000000        0.0000000000000000     
   485.00000000000000        1.0001000000000000       -6.0856802000000014E-003   6.1960796000000004E-003   0.0000000000000000        0.0000000000000000     
   486.00000000000000        1.0001000000000000       -6.0686517000000002E-003   6.1734438000000010E-003   0.0000000000000000        0.0000000000000000     
   487.00000000000000        1.0001000000000000       -6.0516232000000000E-003   6.1509731999999998E-003   0.0000000000000000        0.0000000000000000     
   488.00000000000006        1.0001000000000000       -6.0346947000000008E-003   6.1285363000000001E-003   0.0000000000000000        0.0000000000000000     
   489.00000000000000        1.0001000000000000       -6.0177325000000002E-003   6.1062320000000005E-003   0.0000000000000000        0.0000000000000000     
   490.00000000000000        1.0001000000000000       -6.0008366000000009E-003   6.0840277000000003E-003   0.0000000000000000        0.0000000000000000     
   491.00000000000000        1.0001000000000000       -5.9839744000000005E-003   6.0619223000000005E-003   0.0000000000000000        0.0000000000000000     
   492.00000000000000        1.0000336999999999       -5.9671122000000010E-003   6.0399169000000001E-003   0.0000000000000000        0.0000000000000000     
   493.00000000000006        1.0000336999999999       -5.9502500000000007E-003   6.0180441000000006E-003   0.0000000000000000        0.0000000000000000     
   494.00000000000000        1.0000336999999999       -5.9334540999999999E-003   5.9961713000000003E-003   0.0000000000000000        0.0000000000000000     
   495.00000000000000        1.0000336999999999       -5.9166582000000009E-003   5.9744648000000008E-003   0.0000000000000000        0.0000000000000000     
   496.00000000000000        1.0000336999999999       -5.8998622999999993E-003   5.9528572000000007E-003   0.0000000000000000        0.0000000000000000     
   497.00000000000000        1.0000336999999999       -5.8831664000000006E-003   5.9313496000000000E-003   0.0000000000000000        0.0000000000000000     
   498.00000000000006        1.0000336999999999       -5.8664368000000012E-003   5.9099082999999998E-003   0.0000000000000000        0.0000000000000000     
   499.00000000000000        1.0000336999999999       -5.8498072000000003E-003   5.8885332999999993E-003   0.0000000000000000        0.0000000000000000     
   500.00000000000000        1.0000270700000000       -5.8331775999999995E-003   5.8673245999999995E-003   0.0000000000000000        0.0000000000000000     
   501.00000000000000        1.0000204400000001       -5.8165479999999995E-003   5.8461822000000002E-003   0.0000000000000000        0.0000000000000000     
   502.00000000000000        1.0000204400000001       -5.7999847000000009E-003   5.8250723999999999E-003   0.0000000000000000        0.0000000000000000     
   503.00000000000006        1.0000138100000000       -5.7834214000000005E-003   5.8041289000000012E-003   0.0000000000000000        0.0000000000000000     
   504.00000000000006        1.0000071799999999       -5.7669243999999998E-003   5.7832854000000001E-003   0.0000000000000000        0.0000000000000000     
   505.00000000000000        1.0000071799999999       -5.7504610999999997E-003   5.7624745000000015E-003   0.0000000000000000        0.0000000000000000     
   506.00000000000000        1.0000005500000000       -5.7339641000000007E-003   5.7418299000000003E-003   0.0000000000000000        0.0000000000000000     
   507.00000000000000        1.0000005500000000       -5.7175671000000011E-003   5.7211853000000007E-003   0.0000000000000000        0.0000000000000000     
   508.00000000000000       0.99999392000000009       -5.7011700999999998E-003   5.7006733000000013E-003   0.0000000000000000        0.0000000000000000     
   509.00000000000006       0.99999392000000009       -5.6847730999999993E-003   5.6802938999999993E-003   0.0000000000000000        0.0000000000000000     
   510.00000000000000       0.99998728999999997       -5.6684424000000011E-003   5.6599481999999998E-003   0.0000000000000000        0.0000000000000000     
   511.00000000000000       0.99998066000000008       -5.6521779999999999E-003   5.6397351000000012E-003   0.0000000000000000        0.0000000000000000     
   512.00000000000000       0.99998066000000008       -5.6358810000000006E-003   5.6195883000000005E-003   0.0000000000000000        0.0000000000000000     
   513.00000000000000       0.99997402999999996       -5.6196829000000007E-003   5.5995077999999995E-003   0.0000000000000000        0.0000000000000000     
   514.00000000000000       0.99997402999999996       -5.6034522000000002E-003   5.5795599000000003E-003   0.0000000000000000        0.0000000000000000     
   515.00000000000000       0.99996740000000006       -5.5872540999999994E-003   5.5596457000000000E-003   0.0000000000000000        0.0000000000000000     
   516.00000000000000       0.99996740000000006       -5.5711560000000007E-003   5.5398304000000001E-003   0.0000000000000000        0.0000000000000000     
   517.00000000000000       0.99996076999999994       -5.5550579000000003E-003   5.5201151000000004E-003   0.0000000000000000        0.0000000000000000     
   518.00000000000000       0.99996076999999994       -5.5390261000000003E-003   5.5004661000000003E-003   0.0000000000000000        0.0000000000000000     
   519.00000000000000       0.99995414000000005       -5.5229617000000005E-003   5.4809834000000002E-003   0.0000000000000000        0.0000000000000000     
   520.00000000000000       0.99995414000000005       -5.5069962000000002E-003   5.4614670000000002E-003   0.0000000000000000        0.0000000000000000     
   521.00000000000000       0.99994751000000004       -5.4910644000000005E-003   5.4421169000000002E-003   0.0000000000000000        0.0000000000000000     
   522.00000000000000       0.99994751000000004       -5.4750989000000002E-003   5.4227994000000000E-003   0.0000000000000000        0.0000000000000000     
   523.00000000000000       0.99994088000000003       -5.4592334000000001E-003   5.4036155999999998E-003   0.0000000000000000        0.0000000000000000     
   524.00000000000000       0.99994088000000003       -5.4433679000000000E-003   5.3845307000000009E-003   0.0000000000000000        0.0000000000000000     
   525.00000000000000       0.99993425000000002       -5.4275687000000005E-003   5.3654458000000002E-003   0.0000000000000000        0.0000000000000000     
   526.00000000000000       0.99993425000000002       -5.4117695000000009E-003   5.3465271999999994E-003   0.0000000000000000        0.0000000000000000     
   527.00000000000000       0.99993425000000002       -5.3959703000000005E-003   5.3276086000000004E-003   0.0000000000000000        0.0000000000000000     
   528.00000000000000       0.99992762000000002       -5.3802711000000003E-003   5.3088225999999997E-003   0.0000000000000000        0.0000000000000000     
   529.00000000000000       0.99992762000000002       -5.3646045000000000E-003   5.2901029000000004E-003   0.0000000000000000        0.0000000000000000     
   530.00000000000000       0.99992099000000001       -5.3489716000000003E-003   5.2714494999999998E-003   0.0000000000000000        0.0000000000000000     
   531.00000000000000       0.99992099000000001       -5.3334050000000003E-003   5.2529287000000003E-003   0.0000000000000000        0.0000000000000000     
   532.00000000000000       0.99991436000000000       -5.3178384000000002E-003   5.2344415999999996E-003   0.0000000000000000        0.0000000000000000     
   533.00000000000000       0.99991436000000000       -5.3022718000000002E-003   5.2160208000000003E-003   0.0000000000000000        0.0000000000000000     
   534.00000000000000       0.99991436000000000       -5.2867715000000006E-003   5.1977326000000003E-003   0.0000000000000000        0.0000000000000000     
   535.00000000000000       0.99990772999999999       -5.2713374999999998E-003   5.1795107000000007E-003   0.0000000000000000        0.0000000000000000     
   536.00000000000000       0.99990772999999999       -5.2559035000000007E-003   5.1613225000000009E-003   0.0000000000000000        0.0000000000000000     
   537.00000000000000       0.99990109999999999       -5.2405031999999997E-003   5.1432331999999997E-003   0.0000000000000000        0.0000000000000000     
   538.00000000000000       0.99990109999999999       -5.2251355000000003E-003   5.1252438999999997E-003   0.0000000000000000        0.0000000000000000     
   539.00000000000000       0.99990109999999999       -5.2098678000000002E-003   5.1073209000000001E-003   0.0000000000000000        0.0000000000000000     
   540.00000000000000       0.99989446999999998       -5.1946001000000002E-003   5.0894642000000002E-003   0.0000000000000000        0.0000000000000000     
   541.00000000000000       0.99989446999999998       -5.1793324000000002E-003   5.0716737999999999E-003   0.0000000000000000        0.0000000000000000     
   542.00000000000000       0.99989446999999998       -5.1641309999999998E-003   5.0539833999999999E-003   0.0000000000000000        0.0000000000000000     
   543.00000000000000       0.99988783999999997       -5.1489959000000007E-003   5.0363919000000002E-003   0.0000000000000000        0.0000000000000000     
   544.00000000000000       0.99988783999999997       -5.1338944999999997E-003   5.0188341000000003E-003   0.0000000000000000        0.0000000000000000     
   545.00000000000000       0.99988783999999997       -5.1187594000000006E-003   5.0013426000000000E-003   0.0000000000000000        0.0000000000000000     
   546.00000000000000       0.99988121000000008       -5.1037243000000010E-003   4.9839174000000002E-003   0.0000000000000000        0.0000000000000000     
   547.00000000000000       0.99988121000000008       -5.0887218000000003E-003   4.9666248000000005E-003   0.0000000000000000        0.0000000000000000     
   548.00000000000000       0.99988121000000008       -5.0737530000000003E-003   4.9493659000000006E-003   0.0000000000000000        0.0000000000000000     
   549.00000000000000       0.99987458000000007       -5.0588504999999999E-003   4.9322059000000001E-003   0.0000000000000000        0.0000000000000000     
   550.00000000000000       0.99987458000000007       -5.0439480000000004E-003   4.9150795999999995E-003   0.0000000000000000        0.0000000000000000     
