   1.0000000000000000        1.5359520000000002E-002 -0.98463648000000004        0.0000000000000000        0.0000000000000000        0.0000000000000000     
   2.0000000000000000       0.15703997000000000      -0.84296003000000008        0.0000000000000000        0.0000000000000000        0.0000000000000000     
   3.0000000000000000       0.31039375000000002      -0.68960624999999998        0.0000000000000000        0.0000000000000000        0.0000000000000000     
   4.0000000000000000       0.42585946000000008      -0.57414054000000003        0.0000000000000000        0.0000000000000000        0.0000000000000000     
   5.0000000000000000       0.51032648000000003      -0.48967352000000003        0.0000000000000000        0.0000000000000000        0.0000000000000000     
   6.0000000000000000       0.57343811000000000      -0.42656189000000000        0.0000000000000000        0.0000000000000000        0.0000000000000000     
   7.0000000000000000       0.62213175000000009      -0.37786825000000002        0.0000000000000000        0.0000000000000000        0.0000000000000000     
   8.0000000000000000       0.66065253000000002      -0.33934747000000004        0.0000000000000000        0.0000000000000000        0.0000000000000000     
   9.0000000000000000       0.69181459000000012      -0.30818541000000005        0.0000000000000000        0.0000000000000000        0.0000000000000000     
   10.000000000000000       0.71751511000000001      -0.28248488999999999        0.0000000000000000        0.0000000000000000        0.0000000000000000     
   11.000000000000000       0.73905779000000005      -0.26094221000000006        0.0000000000000000        0.0000000000000000        0.0000000000000000     
   12.000000000000000       0.75737622000000004      -0.24262378000000001        0.0000000000000000        0.0000000000000000        0.0000000000000000     
   13.000000000000000       0.77312398999999998      -0.22687601000000002        0.0000000000000000        0.0000000000000000        0.0000000000000000     
   14.000000000000000       0.78683110000000012      -0.21316890000000002        0.0000000000000000        0.0000000000000000        0.0000000000000000     
   15.000000000000000       0.79886103000000008      -0.20113897000000003        0.0000000000000000        0.0000000000000000        0.0000000000000000     
   16.000000000000000       0.80950389000000000      -0.19049611000000002        0.0000000000000000        0.0000000000000000        0.0000000000000000     
   17.000000000000000       0.81899642000000006      -0.18100358000000000        0.0000000000000000        0.0000000000000000        0.0000000000000000     
   18.000000000000000       0.82750199000000002      -0.17249800999999998        0.0000000000000000        0.0000000000000000        0.0000000000000000     
   19.000000000000000       0.83518397000000000      -0.16481603000000000        0.0000000000000000        0.0000000000000000        0.0000000000000000     
   20.000000000000000       0.84215573000000010      -0.15784427000000001        0.0000000000000000        0.0000000000000000        0.0000000000000000     
   21.000000000000000       0.84851063999999998      -0.15148936000000002        0.0000000000000000        0.0000000000000000        0.0000000000000000     
   22.000000000000000       0.85432869999999994      -0.14567130000000000        0.0000000000000000        0.0000000000000000        0.0000000000000000     
   23.000000000000000       0.85967990999999999      -0.14031975299999999        0.0000000000000000        0.0000000000000000        0.0000000000000000     
   24.000000000000000       0.86462101000000002      -0.13538000100000000        0.0000000000000000        0.0000000000000000        0.0000000000000000     
   25.000000000000000       0.86919526000000014      -0.13080339200000002        0.0000000000000000        0.0000000000000000        0.0000000000000000     
   26.000000000000000       0.87344277000000003      -0.12655554499999999        0.0000000000000000        0.0000000000000000        0.0000000000000000     
   27.000000000000000       0.87740354000000009      -0.12259780800000000        0.0000000000000000        0.0000000000000000        0.0000000000000000     
   28.000000000000000       0.88110746000000006      -0.11889287700000001        0.0000000000000000        0.0000000000000000        0.0000000000000000     
   29.000000000000000       0.88457464000000008      -0.11542502300000002        0.0000000000000000        0.0000000000000000        0.0000000000000000     
   30.000000000000000       0.88783508000000011      -0.11216660500000000        0.0000000000000000        0.0000000000000000        0.0000000000000000     
   31.000000000000000       0.89090204000000006      -0.10909694900000000        0.0000000000000000        0.0000000000000000        0.0000000000000000     
   32.000000000000000       0.89379563000000006      -0.10620403300000000        0.0000000000000000        0.0000000000000000        0.0000000000000000     
   33.000000000000000       0.89653248000000008      -0.10346920500000001        0.0000000000000000        0.0000000000000000        0.0000000000000000     
   34.000000000000000       0.89912585000000012      -0.10087381300000001        0.0000000000000000        0.0000000000000000        0.0000000000000000     
   35.000000000000000       0.90158585000000013       -9.8413813000000017E-002   0.0000000000000000        0.0000000000000000        0.0000000000000000     
   36.000000000000000       0.90391910999999991       -9.6079205000000001E-002   0.0000000000000000        0.0000000000000000        0.0000000000000000     
   37.000000000000000       0.90614562999999992       -9.3853359000000011E-002   0.0000000000000000        0.0000000000000000        0.0000000000000000     
   38.000000000000000       0.90826878000000000       -9.1732905000000003E-002   0.0000000000000000        0.0000000000000000        0.0000000000000000     
   39.000000000000000       0.91029844999999998       -8.9701887000000008E-002   0.0000000000000000        0.0000000000000000        0.0000000000000000     
   40.000000000000000       0.91223475000000009       -8.7764913000000014E-002   0.0000000000000000        0.0000000000000000        0.0000000000000000     
   41.000000000000000       0.91409430999999997       -8.5906027000000010E-002   0.0000000000000000        0.0000000000000000        0.0000000000000000     
   42.000000000000000       0.91587050000000003       -8.4129837000000013E-002   0.0000000000000000        0.0000000000000000        0.0000000000000000     
   43.000000000000000       0.91757657999999998       -8.2421734999999996E-002   0.0000000000000000        0.0000000000000000        0.0000000000000000     
   44.000000000000000       0.91921929000000002       -8.0779699000000010E-002   0.0000000000000000        0.0000000000000000        0.0000000000000000     
   45.000000000000000       0.92079863000000006       -7.9202043999999999E-002   0.0000000000000000        0.0000000000000000        0.0000000000000000     
   46.000000000000000       0.92231785999999993       -7.7681792000000000E-002   0.0000000000000000        0.0000000000000000        0.0000000000000000     
   47.000000000000000       0.92378372000000009       -7.6216257999999995E-002   0.0000000000000000        0.0000000000000000        0.0000000000000000     
   48.000000000000000       0.92519621000000007       -7.4802453000000005E-002   0.0000000000000000        0.0000000000000000        0.0000000000000000     
   49.000000000000000       0.92656196000000002       -7.3437366000000004E-002   0.0000000000000000        0.0000000000000000        0.0000000000000000     
   50.000000000000000       0.92788433999999997       -7.2117671000000008E-002   0.0000000000000000        0.0000000000000000        0.0000000000000000     
   51.000000000000000       0.92915998000000011       -7.0841357000000008E-002   0.0000000000000000        0.0000000000000000        0.0000000000000000     
   52.000000000000000       0.93039225000000003       -6.9605098000000004E-002   0.0000000000000000        0.0000000000000000        0.0000000000000000     
   53.000000000000000       0.93159115000000003       -6.8407220000000005E-002   0.0000000000000000        0.0000000000000000        0.0000000000000000     
   54.000000000000000       0.93275331000000006       -6.7245723000000007E-002   0.0000000000000000        0.0000000000000000        0.0000000000000000     
   55.000000000000000       0.93387873000000010       -6.6118270000000007E-002   0.0000000000000000        0.0000000000000000        0.0000000000000000     
   56.000000000000000       0.93497415000000006       -6.5023861000000002E-002   0.0000000000000000        0.0000000000000000        0.0000000000000000     
   57.000000000000000       0.93604283000000010       -6.3960496000000006E-002   0.0000000000000000        0.0000000000000000        0.0000000000000000     
   58.000000000000000       0.93707151000000000       -6.2926175000000001E-002   0.0000000000000000        0.0000000000000000        0.0000000000000000     
   59.000000000000007       0.93808345000000015       -6.1920224000000003E-002   0.0000000000000000        0.0000000000000000        0.0000000000000000     
   60.000000000000000       0.93906202000000005       -6.0940306000000007E-002   0.0000000000000000        0.0000000000000000        0.0000000000000000     
   61.000000000000007       0.94001722000000010       -5.9985431999999998E-002   0.0000000000000000        0.0000000000000000        0.0000000000000000     
   62.000000000000000       0.94094242000000006       -5.9055254000000008E-002   0.0000000000000000        0.0000000000000000        0.0000000000000000     
   63.000000000000007       0.94185088000000006       -5.8147446000000005E-002   0.0000000000000000        0.0000000000000000        0.0000000000000000     
   64.000000000000000       0.94273934000000004       -5.7261334000000011E-002   0.0000000000000000        0.0000000000000000        0.0000000000000000     
   65.000000000000000       0.94360443000000016       -5.6396918000000004E-002   0.0000000000000000        0.0000000000000000        0.0000000000000000     
   66.000000000000000       0.94444615000000010       -5.5551861000000001E-002   0.0000000000000000        0.0000000000000000        0.0000000000000000     
   67.000000000000000       0.94527450000000013       -5.4726162999999994E-002   0.0000000000000000        0.0000000000000000        0.0000000000000000     
   68.000000000000000       0.94608285000000003       -5.3918824000000004E-002   0.0000000000000000        0.0000000000000000        0.0000000000000000     
   69.000000000000000       0.94686782999999997       -5.3128844000000001E-002   0.0000000000000000        0.0000000000000000        0.0000000000000000     
   70.000000000000000       0.94764281000000006       -5.2355549000000001E-002   0.0000000000000000        0.0000000000000000        0.0000000000000000     
   71.000000000000000       0.94840104999999997       -5.1598275999999998E-002   0.0000000000000000        0.0000000000000000        0.0000000000000000     
   72.000000000000000       0.94914266000000003       -5.0855688000000003E-002   0.0000000000000000        0.0000000000000000        0.0000000000000000     
   73.000000000000000       0.94987090000000007       -5.0128448000000006E-002   0.0000000000000000        0.0000000000000000        0.0000000000000000     
   74.000000000000000       0.95058577000000000       -4.9415893000000002E-002   0.0000000000000000        0.0000000000000000        0.0000000000000000     
   75.000000000000000       0.95128064000000001       -4.8716348999999999E-002   0.0000000000000000        0.0000000000000000        0.0000000000000000     
   76.000000000000000       0.95196551000000007       -4.8030153000000006E-002   0.0000000000000000        0.0000000000000000        0.0000000000000000     
   77.000000000000000       0.95264038000000006       -4.7356967999999999E-002   0.0000000000000000        0.0000000000000000        0.0000000000000000     
   78.000000000000000       0.95330187999999993       -4.6695794000000006E-002   0.0000000000000000        0.0000000000000000        0.0000000000000000     
   79.000000000000000       0.95395338000000007       -4.6046294000000002E-002   0.0000000000000000        0.0000000000000000        0.0000000000000000     
   80.000000000000000       0.95459150999999998       -4.5407805000000002E-002   0.0000000000000000        0.0000000000000000        0.0000000000000000     
   81.000000000000000       0.95522301000000009       -4.4780652999999997E-002   0.0000000000000000        0.0000000000000000        0.0000000000000000     
   82.000000000000000       0.95583451000000008       -4.4163838000000004E-002   0.0000000000000000        0.0000000000000000        0.0000000000000000     
   83.000000000000000       0.95644264000000012       -4.3557562200000004E-002   0.0000000000000000        0.0000000000000000        0.0000000000000000     
   84.000000000000000       0.95704076999999999       -4.2960758199999997E-002   0.0000000000000000        0.0000000000000000        0.0000000000000000     
   85.000000000000000       0.95762890000000012       -4.2373954200000001E-002   0.0000000000000000        0.0000000000000000        0.0000000000000000     
   86.000000000000000       0.95820703000000007       -4.1796352400000007E-002   0.0000000000000000        0.0000000000000000        0.0000000000000000     
   87.000000000000000       0.95877516000000007       -4.1227784300000000E-002   0.0000000000000000        0.0000000000000000        0.0000000000000000     
   88.000000000000000       0.95933329000000012       -4.0667418400000002E-002   0.0000000000000000        0.0000000000000000        0.0000000000000000     
   89.000000000000000       0.95988479000000004       -4.0116479600000005E-002   0.0000000000000000        0.0000000000000000        0.0000000000000000     
   90.000000000000000       0.96042292000000007       -3.9573507100000002E-002   0.0000000000000000        0.0000000000000000        0.0000000000000000     
   91.000000000000000       0.96096105000000009       -3.9038366099999999E-002   0.0000000000000000        0.0000000000000000        0.0000000000000000     
   92.000000000000000       0.96149255000000000       -3.8510955500000006E-002   0.0000000000000000        0.0000000000000000        0.0000000000000000     
   93.000000000000000       0.96201068000000012       -3.7991803500000004E-002   0.0000000000000000        0.0000000000000000        0.0000000000000000     
   94.000000000000000       0.96252218000000012       -3.7479516700000007E-002   0.0000000000000000        0.0000000000000000        0.0000000000000000     
   95.000000000000000       0.96302368000000005       -3.6974623300000002E-002   0.0000000000000000        0.0000000000000000        0.0000000000000000     
   96.000000000000000       0.96352517999999998       -3.6477022200000001E-002   0.0000000000000000        0.0000000000000000        0.0000000000000000     
   97.000000000000000       0.96401668000000007       -3.5986679700000010E-002   0.0000000000000000        0.0000000000000000        0.0000000000000000     
   98.000000000000000       0.96449818000000009       -3.5502764300000003E-002   0.0000000000000000        0.0000000000000000        0.0000000000000000     
   99.000000000000000       0.96497305000000000       -3.5025275999999994E-002   0.0000000000000000        0.0000000000000000        0.0000000000000000     
   100.00000000000000       0.96544792000000013       -3.4554743000000006E-002   0.0000000000000000        0.0000000000000000        0.0000000000000000     
   101.00000000000000       0.96591278999999997       -3.4090468600000007E-002   0.0000000000000000        0.0000000000000000        0.0000000000000000     
   102.00000000000000       0.96636765999999996       -3.3633014699999998E-002   0.0000000000000000        0.0000000000000000        0.0000000000000000     
   103.00000000000000       0.96681927000000001       -3.3180987900000000E-002   0.0000000000000000        0.0000000000000000        0.0000000000000000     
   104.00000000000000       0.96726414000000005       -3.2735051199999997E-002   0.0000000000000000        0.0000000000000000        0.0000000000000000     
   105.00000000000001       0.96770575000000003       -3.2295036100000001E-002   0.0000000000000000        0.0000000000000000        0.0000000000000000     
   106.00000000000000       0.96813736000000006       -3.1861673000000000E-002   0.0000000000000000        0.0000000000000000        0.0000000000000000     
   107.00000000000000       0.96856560000000003       -3.1432804400000000E-002   0.0000000000000000        0.0000000000000000        0.0000000000000000     
   108.00000000000000       0.96898720999999999       -3.1010453000000004E-002   0.0000000000000000        0.0000000000000000        0.0000000000000000     
   109.00000000000001       0.96940881999999995       -3.0593854700000003E-002   0.0000000000000000        0.0000000000000000        0.0000000000000000     
   110.00000000000000       0.96981717000000001       -3.0181683500000001E-002   0.0000000000000000        0.0000000000000000        0.0000000000000000     
   111.00000000000000       0.97022215000000012       -2.9775827300000002E-002   0.0000000000000000        0.0000000000000000        0.0000000000000000     
   112.00000000000000       0.97062713000000000       -2.9374993800000002E-002   0.0000000000000000        0.0000000000000000        0.0000000000000000     
   113.00000000000000       0.97101884999999999       -2.8979711200000004E-002   0.0000000000000000        0.0000000000000000        0.0000000000000000     
   114.00000000000000       0.97141383000000014       -2.8589383900000005E-002   0.0000000000000000        0.0000000000000000        0.0000000000000000     
   115.00000000000000       0.97179554999999995       -2.8203877100000004E-002   0.0000000000000000        0.0000000000000000        0.0000000000000000     
   116.00000000000000       0.97217727000000009       -2.7823887500000005E-002   0.0000000000000000        0.0000000000000000        0.0000000000000000     
   117.00000000000000       0.97255236000000012       -2.7448718400000002E-002   0.0000000000000000        0.0000000000000000        0.0000000000000000     
   118.00000000000001       0.97292408000000008       -2.7078302400000000E-002   0.0000000000000000        0.0000000000000000        0.0000000000000000     
   119.00000000000000       0.97328917000000015       -2.6712605800000001E-002   0.0000000000000000        0.0000000000000000        0.0000000000000000     
   120.00000000000000       0.97364763000000010       -2.6352325300000000E-002   0.0000000000000000        0.0000000000000000        0.0000000000000000     
   121.00000000000000       0.97400609000000005       -2.5996033799999999E-002   0.0000000000000000        0.0000000000000000        0.0000000000000000     
   122.00000000000001       0.97435792000000010       -2.5645091000000002E-002   0.0000000000000000        0.0000000000000000        0.0000000000000000     
   123.00000000000000       0.97469975000000009       -2.5298103500000002E-002   0.0000000000000000        0.0000000000000000        0.0000000000000000     
   124.00000000000000       0.97504158000000007       -2.4956397300000002E-002   0.0000000000000000        0.0000000000000000        0.0000000000000000     
   125.00000000000000       0.97538341000000006       -2.4619275700000002E-002   0.0000000000000000        0.0000000000000000        0.0000000000000000     
   126.00000000000001       0.97571198000000003       -2.4286075700000003E-002   0.0000000000000000        0.0000000000000000        0.0000000000000000     
   127.00000000000000       0.97604380999999996       -2.3957426600000001E-002   0.0000000000000000        0.0000000000000000        0.0000000000000000     
   128.00000000000000       0.97636575000000003       -2.3633294700000002E-002   0.0000000000000000        0.0000000000000000        0.0000000000000000     
   129.00000000000000       0.97668431999999994       -2.3313680000000000E-002   0.0000000000000000        0.0000000000000000        0.0000000000000000     
   130.00000000000000       0.97700289000000007       -2.2997885800000003E-002   0.0000000000000000        0.0000000000000000        0.0000000000000000     
   131.00000000000000       0.97731483000000008       -2.2686575100000002E-002   0.0000000000000000        0.0000000000000000        0.0000000000000000     
   132.00000000000000       0.97762014000000019       -2.2379714200000001E-002   0.0000000000000000        0.0000000000000000        0.0000000000000000     
   133.00000000000000       0.97792544999999997       -2.2077303100000001E-002   0.0000000000000000        0.0000000000000000        0.0000000000000000     
   134.00000000000000       0.97822413000000008       -2.1778015800000002E-002   0.0000000000000000        0.0000000000000000        0.0000000000000000     
   135.00000000000000       0.97851944000000013       -2.1483807599999998E-002   0.0000000000000000        0.0000000000000000        0.0000000000000000     
   136.00000000000000       0.97880812000000006       -2.1193318799999999E-002   0.0000000000000000        0.0000000000000000        0.0000000000000000     
   137.00000000000000       0.97909354000000004       -2.0906549400000002E-002   0.0000000000000000        0.0000000000000000        0.0000000000000000     
   138.00000000000000       0.97937558999999996       -2.0623499400000002E-002   0.0000000000000000        0.0000000000000000        0.0000000000000000     
   139.00000000000000       0.97965764000000011       -2.0344831800000001E-002   0.0000000000000000        0.0000000000000000        0.0000000000000000     
   140.00000000000000       0.97993306000000013       -2.0069849900000002E-002   0.0000000000000000        0.0000000000000000        0.0000000000000000     
   141.00000000000000       0.98019848000000009       -1.9799183000000001E-002   0.0000000000000000        0.0000000000000000        0.0000000000000000     
   142.00000000000000       0.98046727000000000       -1.9531538800000001E-002   0.0000000000000000        0.0000000000000000        0.0000000000000000     
   143.00000000000000       0.98073606000000013       -1.9268209600000002E-002   0.0000000000000000        0.0000000000000000        0.0000000000000000     
   144.00000000000000       0.98098821999999997       -1.9008532400000000E-002   0.0000000000000000        0.0000000000000000        0.0000000000000000     
   145.00000000000000       0.98124701000000014       -1.8752507200000004E-002   0.0000000000000000        0.0000000000000000        0.0000000000000000     
   146.00000000000000       0.98150253999999992       -1.8500100299999999E-002   0.0000000000000000        0.0000000000000000        0.0000000000000000     
   147.00000000000000       0.98174807000000008       -1.8251277999999999E-002   0.0000000000000000        0.0000000000000000        0.0000000000000000     
   148.00000000000000       0.98199360000000013       -1.8006107699999999E-002   0.0000000000000000        0.0000000000000000        0.0000000000000000     
   149.00000000000000       0.98223912999999996       -1.7763859000000000E-002   0.0000000000000000        0.0000000000000000        0.0000000000000000     
   150.00000000000000       0.98247803000000000       -1.7525857900000000E-002   0.0000000000000000        0.0000000000000000        0.0000000000000000     
   151.00000000000000       0.98271030000000004       -1.7290812100000004E-002   0.0000000000000000        0.0000000000000000        0.0000000000000000     
   152.00000000000000       0.98293920000000001       -1.7059317200000000E-002   0.0000000000000000        0.0000000000000000        0.0000000000000000     
   153.00000000000000       0.98317147000000005       -1.6831406900000002E-002   0.0000000000000000        0.0000000000000000        0.0000000000000000     
   154.00000000000000       0.98339711000000007       -1.6606384499999998E-002   0.0000000000000000        0.0000000000000000        0.0000000000000000     
   155.00000000000000       0.98361275000000004       -1.6384946700000000E-002   0.0000000000000000        0.0000000000000000        0.0000000000000000     
   156.00000000000000       0.98383176000000006       -1.6166363100000001E-002   0.0000000000000000        0.0000000000000000        0.0000000000000000     
   157.00000000000000       0.98404740000000013       -1.5951330400000002E-002   0.0000000000000000        0.0000000000000000        0.0000000000000000     
   158.00000000000000       0.98425978000000014       -1.5739848600000002E-002   0.0000000000000000        0.0000000000000000        0.0000000000000000     
   159.00000000000000       0.98446878999999998       -1.5530591700000001E-002   0.0000000000000000        0.0000000000000000        0.0000000000000000     
   160.00000000000000       0.98467780000000005       -1.5325481300000001E-002   0.0000000000000000        0.0000000000000000        0.0000000000000000     
   161.00000000000000       0.98487355000000010       -1.5122595799999999E-002   0.0000000000000000        0.0000000000000000        0.0000000000000000     
   162.00000000000000       0.98507593000000004       -1.4923227500000000E-002   0.0000000000000000        0.0000000000000000        0.0000000000000000     
   163.00000000000000       0.98527168000000009       -1.4726713400000001E-002   0.0000000000000000        0.0000000000000000        0.0000000000000000     
   164.00000000000000       0.98546743000000003       -1.4533019800000000E-002   0.0000000000000000        0.0000000000000000        0.0000000000000000     
   165.00000000000000       0.98565654999999996       -1.4342180400000001E-002   0.0000000000000000        0.0000000000000000        0.0000000000000000     
   166.00000000000000       0.98584567000000001       -1.4154161500000000E-002   0.0000000000000000        0.0000000000000000        0.0000000000000000     
   167.00000000000000       0.98602816000000004       -1.3969659800000001E-002   0.0000000000000000        0.0000000000000000        0.0000000000000000     
   168.00000000000000       0.98621727999999997       -1.3787315599999999E-002   0.0000000000000000        0.0000000000000000        0.0000000000000000     
   169.00000000000000       0.98638976999999994       -1.3607758200000002E-002   0.0000000000000000        0.0000000000000000        0.0000000000000000     
   170.00000000000000       0.98657226000000009       -1.3431055000000001E-002   0.0000000000000000        0.0000000000000000        0.0000000000000000     
   171.00000000000000       0.98674149000000000       -1.3257138600000001E-002   0.0000000000000000        0.0000000000000000        0.0000000000000000     
   172.00000000000000       0.98691397999999997       -1.3085413400000001E-002   0.0000000000000000        0.0000000000000000        0.0000000000000000     
   173.00000000000000       0.98708320999999999       -1.2917104300000001E-002   0.0000000000000000        0.0000000000000000        0.0000000000000000     
   174.00000000000000       0.98724907000000006       -1.2750952700000000E-002   0.0000000000000000        0.0000000000000000        0.0000000000000000     
   175.00000000000000       0.98741167000000007       -1.2586958600000000E-002   0.0000000000000000        0.0000000000000000        0.0000000000000000     
   176.00000000000000       0.98757090000000003       -1.2426380600000000E-002   0.0000000000000000        0.0000000000000000        0.0000000000000000     
   177.00000000000000       0.98773013000000009       -1.2267297100000000E-002   0.0000000000000000        0.0000000000000000        0.0000000000000000     
   178.00000000000000       0.98789273000000000       -1.2111663400000000E-002   0.0000000000000000        0.0000000000000000        0.0000000000000000     
   179.00000000000000       0.98804533000000005       -1.1957490500000001E-002   0.0000000000000000        0.0000000000000000        0.0000000000000000     
   180.00000000000000       0.98819129999999999       -1.1806733700000000E-002   0.0000000000000000        0.0000000000000000        0.0000000000000000     
   181.00000000000000       0.98834390000000005       -1.1657471400000001E-002   0.0000000000000000        0.0000000000000000        0.0000000000000000     
   182.00000000000000       0.98849324000000005       -1.1510962200000001E-002   0.0000000000000000        0.0000000000000000        0.0000000000000000     
   183.00000000000000       0.98863258000000009       -1.1366576800000000E-002   0.0000000000000000        0.0000000000000000        0.0000000000000000     
   184.00000000000000       0.98877855000000014       -1.1224281500000002E-002   0.0000000000000000        0.0000000000000000        0.0000000000000000     
   185.00000000000000       0.98891788999999997       -1.1084076300000002E-002   0.0000000000000000        0.0000000000000000        0.0000000000000000     
   186.00000000000000       0.98905723000000001       -1.0946691600000001E-002   0.0000000000000000        0.0000000000000000        0.0000000000000000     
   187.00000000000000       0.98918994000000016       -1.0810700300000002E-002   0.0000000000000000        0.0000000000000000        0.0000000000000000     
   188.00000000000000       0.98932265000000008       -1.0677462100000000E-002   0.0000000000000000        0.0000000000000000        0.0000000000000000     
   189.00000000000000       0.98945536000000001       -1.0545684700000000E-002   0.0000000000000000        0.0000000000000000        0.0000000000000000     
   190.00000000000000       0.98958807000000015       -1.0416660400000001E-002   0.0000000000000000        0.0000000000000000        0.0000000000000000     
   191.00000000000000       0.98971078000000001       -1.0289063200000000E-002   0.0000000000000000        0.0000000000000000        0.0000000000000000     
   192.00000000000000       0.98983686000000004       -1.0164219100000000E-002   0.0000000000000000        0.0000000000000000        0.0000000000000000     
   193.00000000000000       0.98995631000000006       -1.0040768400000000E-002   0.0000000000000000        0.0000000000000000        0.0000000000000000     
   194.00000000000000       0.99008238999999998       -9.9187785000000011E-003   0.0000000000000000        0.0000000000000000        0.0000000000000000     
   195.00000000000000       0.99020184000000011       -9.7995080000000019E-003   0.0000000000000000        0.0000000000000000        0.0000000000000000     
   196.00000000000000       0.99031792000000007       -9.6816646000000006E-003   0.0000000000000000        0.0000000000000000        0.0000000000000000     
   197.00000000000003       0.99043074000000009       -9.5659113000000004E-003   0.0000000000000000        0.0000000000000000        0.0000000000000000     
   198.00000000000000       0.99055019000000011       -9.4522144000000006E-003   0.0000000000000000        0.0000000000000000        0.0000000000000000     
   199.00000000000000       0.99065964000000006       -9.3399446000000004E-003   0.0000000000000000        0.0000000000000000        0.0000000000000000     
   200.00000000000000       0.99077246000000008       -9.2290682000000009E-003   0.0000000000000000        0.0000000000000000        0.0000000000000000     
   201.00000000000000       0.99087864999999997       -9.1202819000000008E-003   0.0000000000000000        0.0000000000000000        0.0000000000000000     
   202.00000000000000       0.99098810000000004       -9.0128889999999996E-003   0.0000000000000000        0.0000000000000000        0.0000000000000000     
   203.00000000000000       0.99109429000000004       -8.9075861999999995E-003   0.0000000000000000        0.0000000000000000        0.0000000000000000     
   204.00000000000000       0.99119711000000010       -8.8043397999999998E-003   0.0000000000000000        0.0000000000000000        0.0000000000000000     
   205.00000000000003       0.99129667000000010       -8.7018237999999994E-003   0.0000000000000000        0.0000000000000000        0.0000000000000000     
   206.00000000000000       0.99139949000000005       -8.6013642000000012E-003   0.0000000000000000        0.0000000000000000        0.0000000000000000     
   207.00000000000000       0.99149905000000005       -8.5022980000000001E-003   0.0000000000000000        0.0000000000000000        0.0000000000000000     
   208.00000000000000       0.99159523999999999       -8.4046589000000005E-003   0.0000000000000000        0.0000000000000000        0.0000000000000000     
   209.00000000000000       0.99169143000000004       -8.3090762000000012E-003   0.0000000000000000        0.0000000000000000        0.0000000000000000     
   210.00000000000003       0.99178436000000003       -8.2141902000000006E-003   0.0000000000000000        0.0000000000000000        0.0000000000000000     
   211.00000000000000       0.99188055000000008       -8.1213943000000011E-003   0.0000000000000000        0.0000000000000000        0.0000000000000000     
   212.00000000000000       0.99197348000000007       -8.0293288000000008E-003   0.0000000000000000        0.0000000000000000        0.0000000000000000     
   213.00000000000000       0.99206304000000012       -7.9393196999999992E-003   0.0000000000000000        0.0000000000000000        0.0000000000000000     
   214.00000000000000       0.99214597000000004       -7.8506702999999994E-003   0.0000000000000000        0.0000000000000000        0.0000000000000000     
   215.00000000000000       0.99223890000000003       -7.7634479999999992E-003   0.0000000000000000        0.0000000000000000        0.0000000000000000     
   216.00000000000000       0.99232183000000007       -7.6769224000000002E-003   0.0000000000000000        0.0000000000000000        0.0000000000000000     
   217.00000000000000       0.99240476000000011       -7.5924532000000008E-003   0.0000000000000000        0.0000000000000000        0.0000000000000000     
   218.00000000000003       0.99248769000000014       -7.5086807000000000E-003   0.0000000000000000        0.0000000000000000        0.0000000000000000     
   219.00000000000000       0.99257399000000013       -7.4263353000000006E-003   0.0000000000000000        0.0000000000000000        0.0000000000000000     
   220.00000000000000       0.99265692000000005       -7.3453496000000004E-003   0.0000000000000000        0.0000000000000000        0.0000000000000000     
   221.00000000000000       0.99273322000000008       -7.2657573000000008E-003   0.0000000000000000        0.0000000000000000        0.0000000000000000     
   222.00000000000000       0.99280952000000000       -7.1875247000000005E-003   0.0000000000000000        0.0000000000000000        0.0000000000000000     
   223.00000000000003       0.99289245000000004       -7.1100562000000001E-003   0.0000000000000000        0.0000000000000000        0.0000000000000000     
   224.00000000000000       0.99296212000000006       -7.0337810999999998E-003   0.0000000000000000        0.0000000000000000        0.0000000000000000     
   225.00000000000000       0.99304178999999992       -6.9587004999999997E-003   0.0000000000000000        0.0000000000000000        0.0000000000000000     
   226.00000000000000       0.99311809000000006       -6.8848144000000005E-003   0.0000000000000000        0.0000000000000000        0.0000000000000000     
   227.00000000000000       0.99318776000000009       -6.8119565000000007E-003   0.0000000000000000        0.0000000000000000        0.0000000000000000     
   228.00000000000000       0.99325743000000011       -6.7402268000000005E-003   0.0000000000000000        0.0000000000000000        0.0000000000000000     
   229.00000000000000       0.99333373000000003       -6.6695916000000001E-003   0.0000000000000000        0.0000000000000000        0.0000000000000000     
   230.00000000000000       0.99340340000000005       -6.5999183000000003E-003   0.0000000000000000        0.0000000000000000        0.0000000000000000     
   231.00000000000003       0.99346643999999995       -6.5313732000000001E-003   0.0000000000000000        0.0000000000000000        0.0000000000000000     
   232.00000000000000       0.99353611000000008       -6.4638236999999994E-003   0.0000000000000000        0.0000000000000000        0.0000000000000000     
   233.00000000000000       0.99360577999999999       -6.3972024000000004E-003   0.0000000000000000        0.0000000000000000        0.0000000000000000     
   234.00000000000000       0.99366882000000001       -6.3315767000000000E-003   0.0000000000000000        0.0000000000000000        0.0000000000000000     
   235.00000000000000       0.99373186000000002       -6.2669792000000007E-003   0.0000000000000000        0.0000000000000000        0.0000000000000000     
   236.00000000000003       0.99379490000000004       -6.2032447000000008E-003   0.0000000000000000        0.0000000000000000        0.0000000000000000     
   237.00000000000000       0.99385794000000005       -6.1404383999999999E-003   0.0000000000000000        0.0000000000000000        0.0000000000000000     
   238.00000000000000       0.99392098000000006       -6.0785614000000007E-003   0.0000000000000000        0.0000000000000000        0.0000000000000000     
   239.00000000000003       0.99398402000000008       -6.0175800000000007E-003   0.0000000000000000        0.0000000000000000        0.0000000000000000     
   240.00000000000000       0.99404043000000009       -5.9574616000000000E-003   0.0000000000000000        0.0000000000000000        0.0000000000000000     
   241.00000000000000       0.99410346999999999       -5.8982050999999997E-003   0.0000000000000000        0.0000000000000000        0.0000000000000000     
   242.00000000000000       0.99415988000000011       -5.8398116000000005E-003   0.0000000000000000        0.0000000000000000        0.0000000000000000     
   243.00000000000000       0.99421292000000006       -5.7822474000000009E-003   0.0000000000000000        0.0000000000000000        0.0000000000000000     
   244.00000000000003       0.99427596000000018       -5.7254788000000003E-003   0.0000000000000000        0.0000000000000000        0.0000000000000000     
   245.00000000000000       0.99433237000000008       -5.6695069000000002E-003   0.0000000000000000        0.0000000000000000        0.0000000000000000     
   246.00000000000000       0.99438215000000008       -5.6143643000000007E-003   0.0000000000000000        0.0000000000000000        0.0000000000000000     
   247.00000000000000       0.99443856000000008       -5.5599183999999998E-003   0.0000000000000000        0.0000000000000000        0.0000000000000000     
   248.00000000000000       0.99449496999999998       -5.5063220200000000E-003   0.0000000000000000        0.0000000000000000        0.0000000000000000     
   249.00000000000003       0.99454475000000009       -5.4534054900000004E-003   0.0000000000000000        0.0000000000000000        0.0000000000000000     
   250.00000000000000       0.99459779000000004       -5.4012519600000006E-003   0.0000000000000000        0.0000000000000000        0.0000000000000000     
   251.00000000000000       0.99464757000000004       -5.3497985000000008E-003   0.0000000000000000        0.0000000000000000        0.0000000000000000     
   252.00000000000003       0.99470398000000015       -5.2991046700000006E-003   0.0000000000000000        0.0000000000000000        0.0000000000000000     
   253.00000000000000       0.99475376000000004       -5.2490378700000007E-003   0.0000000000000000        0.0000000000000000        0.0000000000000000     
   254.00000000000000       0.99480353999999993       -5.1996677700000011E-003   0.0000000000000000        0.0000000000000000        0.0000000000000000     
   255.00000000000000       0.99484995000000009       -5.1509943700000001E-003   0.0000000000000000        0.0000000000000000        0.0000000000000000     
   256.00000000000000       0.99489973000000009       -5.1030109300000005E-003   0.0000000000000000        0.0000000000000000        0.0000000000000000     
   257.00000000000000       0.99494287999999997       -5.0555882200000006E-003   0.0000000000000000        0.0000000000000000        0.0000000000000000     
   258.00000000000000       0.99499265999999997       -5.0088588400000007E-003   0.0000000000000000        0.0000000000000000        0.0000000000000000     
   259.00000000000000       0.99503907000000003       -4.9627564900000002E-003   0.0000000000000000        0.0000000000000000        0.0000000000000000     
   260.00000000000000       0.99508222000000002       -4.9172148700000005E-003   0.0000000000000000        0.0000000000000000        0.0000000000000000     
   261.00000000000000       0.99512537000000001       -4.8722935399999993E-003   0.0000000000000000        0.0000000000000000        0.0000000000000000     
   262.00000000000000       0.99517515000000012       -4.8280026100000007E-003   0.0000000000000000        0.0000000000000000        0.0000000000000000     
   263.00000000000000       0.99521492999999994       -4.7842656700000001E-003   0.0000000000000000        0.0000000000000000        0.0000000000000000     
   264.00000000000000       0.99525808000000004       -4.7410860900000008E-003   0.0000000000000000        0.0000000000000000        0.0000000000000000     
   265.00000000000000       0.99530122999999993       -4.6985335400000008E-003   0.0000000000000000        0.0000000000000000        0.0000000000000000     
   266.00000000000000       0.99534100999999997       -4.6564686799999994E-003   0.0000000000000000        0.0000000000000000        0.0000000000000000     
   267.00000000000000       0.99538416000000007       -4.6149578100000005E-003   0.0000000000000000        0.0000000000000000        0.0000000000000000     
   268.00000000000000       0.99542731000000018       -4.5740076700000005E-003   0.0000000000000000        0.0000000000000000        0.0000000000000000     
   269.00000000000000       0.99546709000000000       -4.5335418500000004E-003   0.0000000000000000        0.0000000000000000        0.0000000000000000     
   270.00000000000000       0.99550361000000009       -4.4936367600000001E-003   0.0000000000000000        0.0000000000000000        0.0000000000000000     
   271.00000000000000       0.99554676000000009       -4.4542159900000005E-003   0.0000000000000000        0.0000000000000000        0.0000000000000000     
   272.00000000000000       0.99558654000000002       -4.4152829100000002E-003   0.0000000000000000        0.0000000000000000        0.0000000000000000     
   273.00000000000000       0.99562306000000000       -4.3768408899999998E-003   0.0000000000000000        0.0000000000000000        0.0000000000000000     
   274.00000000000000       0.99566284000000005       -4.3388831900000010E-003   0.0000000000000000        0.0000000000000000        0.0000000000000000     
   275.00000000000000       0.99569936000000014       -4.3014165500000002E-003   0.0000000000000000        0.0000000000000000        0.0000000000000000     
   276.00000000000000       0.99573588000000013       -4.2644342300000001E-003   0.0000000000000000        0.0000000000000000        0.0000000000000000     
   277.00000000000000       0.99576903000000005       -4.2278699300000002E-003   0.0000000000000000        0.0000000000000000        0.0000000000000000     
   278.00000000000000       0.99580555000000004       -4.1917270200000000E-003   0.0000000000000000        0.0000000000000000        0.0000000000000000     
   279.00000000000000       0.99584533000000008       -4.1560718000000002E-003   0.0000000000000000        0.0000000000000000        0.0000000000000000     
   280.00000000000000       0.99588184999999996       -4.1209009000000001E-003   0.0000000000000000        0.0000000000000000        0.0000000000000000     
   281.00000000000000       0.99591837000000005       -4.0860817200000007E-003   0.0000000000000000        0.0000000000000000        0.0000000000000000     
   282.00000000000000       0.99594489000000008       -4.0516805599999997E-003   0.0000000000000000        0.0000000000000000        0.0000000000000000     
   283.00000000000000       0.99598140999999996       -4.0176974200000007E-003   0.0000000000000000        0.0000000000000000        0.0000000000000000     
   284.00000000000000       0.99601456000000010       -3.9842019700000002E-003   0.0000000000000000        0.0000000000000000        0.0000000000000000     
   285.00000000000000       0.99605107999999998       -3.9509885700000002E-003   0.0000000000000000        0.0000000000000000        0.0000000000000000     
   286.00000000000000       0.99607760000000001       -3.9182594900000001E-003   0.0000000000000000        0.0000000000000000        0.0000000000000000     
   287.00000000000000       0.99611412000000010       -3.8858821300000001E-003   0.0000000000000000        0.0000000000000000        0.0000000000000000     
   288.00000000000000       0.99614727000000003       -3.8539194200000000E-003   0.0000000000000000        0.0000000000000000        0.0000000000000000     
   289.00000000000000       0.99617716000000012       -3.8222421300000003E-003   0.0000000000000000        0.0000000000000000        0.0000000000000000     
   290.00000000000000       0.99621031000000004       -3.7910491600000001E-003   0.0000000000000000        0.0000000000000000        0.0000000000000000     
   291.00000000000000       0.99624019999999991       -3.7601348700000005E-003   0.0000000000000000        0.0000000000000000        0.0000000000000000     
   292.00000000000000       0.99627009000000000       -3.7296419700000001E-003   0.0000000000000000        0.0000000000000000        0.0000000000000000     
   293.00000000000000       0.99630324000000003       -3.6994277500000000E-003   0.0000000000000000        0.0000000000000000        0.0000000000000000     
   294.00000000000000       0.99633313000000001       -3.6696315500000004E-003   0.0000000000000000        0.0000000000000000        0.0000000000000000     
   295.00000000000000       0.99635965000000004       -3.6401174000000001E-003   0.0000000000000000        0.0000000000000000        0.0000000000000000     
   296.00000000000000       0.99638954000000002       -3.6109516000000000E-003   0.0000000000000000        0.0000000000000000        0.0000000000000000     
   297.00000000000000       0.99641606000000005       -3.5821341500000005E-003   0.0000000000000000        0.0000000000000000        0.0000000000000000     
   298.00000000000000       0.99644258000000008       -3.5536616799999999E-003   0.0000000000000000        0.0000000000000000        0.0000000000000000     
   299.00000000000000       0.99647247000000005       -3.5254746300000003E-003   0.0000000000000000        0.0000000000000000        0.0000000000000000     
   300.00000000000000       0.99649899000000008       -3.4976359300000004E-003   0.0000000000000000        0.0000000000000000        0.0000000000000000     
   301.00000000000000       0.99652888000000006       -3.4700759100000002E-003   0.0000000000000000        0.0000000000000000        0.0000000000000000     
   302.00000000000000       0.99655540000000009       -3.4427979399999998E-003   0.0000000000000000        0.0000000000000000        0.0000000000000000     
   303.00000000000000       0.99658529000000007       -3.4158649499999999E-003   0.0000000000000000        0.0000000000000000        0.0000000000000000     
   304.00000000000000       0.99661181000000010       -3.3892140100000002E-003   0.0000000000000000        0.0000000000000000        0.0000000000000000     
   305.00000000000000       0.99663507000000007       -3.3628451200000001E-003   0.0000000000000000        0.0000000000000000        0.0000000000000000     
   306.00000000000000       0.99666159000000010       -3.3368178400000007E-003   0.0000000000000000        0.0000000000000000        0.0000000000000000     
   307.00000000000000       0.99669148000000019       -3.3110096800000001E-003   0.0000000000000000        0.0000000000000000        0.0000000000000000     
   308.00000000000000       0.99671137000000010       -3.2854768300000004E-003   0.0000000000000000        0.0000000000000000        0.0000000000000000     
   309.00000000000000       0.99673789000000013       -3.2602923300000001E-003   0.0000000000000000        0.0000000000000000        0.0000000000000000     
   310.00000000000000       0.99676778000000010       -3.2353202100000003E-003   0.0000000000000000        0.0000000000000000        0.0000000000000000     
   311.00000000000000       0.99678767000000001       -3.2106267700000002E-003   0.0000000000000000        0.0000000000000000        0.0000000000000000     
   312.00000000000000       0.99681755999999999       -3.1861490800000002E-003   0.0000000000000000        0.0000000000000000        0.0000000000000000     
   313.00000000000000       0.99683745000000012       -3.1620130000000000E-003   0.0000000000000000        0.0000000000000000        0.0000000000000000     
   314.00000000000000       0.99686070999999998       -3.1380892999999998E-003   0.0000000000000000        0.0000000000000000        0.0000000000000000     
   315.00000000000000       0.99688723000000001       -3.1144442799999998E-003   0.0000000000000000        0.0000000000000000        0.0000000000000000     
   316.00000000000000       0.99690711999999992       -3.0910116399999999E-003   0.0000000000000000        0.0000000000000000        0.0000000000000000     
   317.00000000000000       0.99693038000000000       -3.0677913800000001E-003   0.0000000000000000        0.0000000000000000        0.0000000000000000     
   318.00000000000000       0.99695690000000003       -3.0449161000000000E-003   0.0000000000000000        0.0000000000000000        0.0000000000000000     
   319.00000000000000       0.99698015999999989       -3.0221869000000004E-003   0.0000000000000000        0.0000000000000000        0.0000000000000000     
   320.00000000000000       0.99700005000000003       -2.9997330100000000E-003   0.0000000000000000        0.0000000000000000        0.0000000000000000     
   321.00000000000000       0.99701993999999994       -2.9774915000000002E-003   0.0000000000000000        0.0000000000000000        0.0000000000000000     
   322.00000000000000       0.99704320000000002       -2.9555253000000002E-003   0.0000000000000000        0.0000000000000000        0.0000000000000000     
   323.00000000000000       0.99706309000000015       -2.9337051800000001E-003   0.0000000000000000        0.0000000000000000        0.0000000000000000     
   324.00000000000000       0.99708961000000018       -2.9121603699999998E-003   0.0000000000000000        0.0000000000000000        0.0000000000000000     
   325.00000000000000       0.99711287000000004       -2.8908279400000000E-003   0.0000000000000000        0.0000000000000000        0.0000000000000000     
   326.00000000000000       0.99713276000000006       -2.8697078900000003E-003   0.0000000000000000        0.0000000000000000        0.0000000000000000     
   327.00000000000000       0.99715602000000003       -2.8487934800000003E-003   0.0000000000000000        0.0000000000000000        0.0000000000000000     
   328.00000000000000       0.99716928000000005       -2.8280914500000000E-003   0.0000000000000000        0.0000000000000000        0.0000000000000000     
   329.00000000000000       0.99718917000000007       -2.8075355000000005E-003   0.0000000000000000        0.0000000000000000        0.0000000000000000     
   330.00000000000000       0.99721243000000004       -2.7872514900000003E-003   0.0000000000000000        0.0000000000000000        0.0000000000000000     
   331.00000000000000       0.99723232000000006       -2.7671798599999999E-003   0.0000000000000000        0.0000000000000000        0.0000000000000000     
   332.00000000000000       0.99725221000000008       -2.7472509400000003E-003   0.0000000000000000        0.0000000000000000        0.0000000000000000     
   333.00000000000000       0.99727547000000005       -2.7275973300000004E-003   0.0000000000000000        0.0000000000000000        0.0000000000000000     
   334.00000000000000       0.99729536000000008       -2.7080898000000002E-003   0.0000000000000000        0.0000000000000000        0.0000000000000000     
   335.00000000000000       0.99730862000000009       -2.6887216100000000E-003   0.0000000000000000        0.0000000000000000        0.0000000000000000     
   336.00000000000000       0.99733188000000006       -2.6696287300000000E-003   0.0000000000000000        0.0000000000000000        0.0000000000000000     
   337.00000000000000       0.99735177000000008       -2.6506819300000000E-003   0.0000000000000000        0.0000000000000000        0.0000000000000000     
   338.00000000000000       0.99736503000000010       -2.6318744700000000E-003   0.0000000000000000        0.0000000000000000        0.0000000000000000     
   339.00000000000000       0.99738829000000007       -2.6133423200000003E-003   0.0000000000000000        0.0000000000000000        0.0000000000000000     
   340.00000000000000       0.99740817999999998       -2.5948865800000001E-003   0.0000000000000000        0.0000000000000000        0.0000000000000000     
   341.00000000000000       0.99742143999999999       -2.5767061500000005E-003   0.0000000000000000        0.0000000000000000        0.0000000000000000     
   342.00000000000000       0.99744470000000007       -2.5586021300000004E-003   0.0000000000000000        0.0000000000000000        0.0000000000000000     
   343.00000000000000       0.99745796000000009       -2.5407071200000001E-003   0.0000000000000000        0.0000000000000000        0.0000000000000000     
   344.00000000000000       0.99747785000000011       -2.5230177500000003E-003   0.0000000000000000        0.0000000000000000        0.0000000000000000     
   345.00000000000000       0.99749448000000007       -2.5054710900000001E-003   0.0000000000000000        0.0000000000000000        0.0000000000000000     
   346.00000000000000       0.99751437000000009       -2.4880671400000004E-003   0.0000000000000000        0.0000000000000000        0.0000000000000000     
   347.00000000000000       0.99752763000000000       -2.4708688300000003E-003   0.0000000000000000        0.0000000000000000        0.0000000000000000     
   348.00000000000000       0.99754752000000002       -2.4538166000000004E-003   0.0000000000000000        0.0000000000000000        0.0000000000000000     
   349.00000000000000       0.99756415000000009       -2.4369003400000005E-003   0.0000000000000000        0.0000000000000000        0.0000000000000000     
   350.00000000000000       0.99757741000000011       -2.4201267900000002E-003   0.0000000000000000        0.0000000000000000        0.0000000000000000     
   351.00000000000000       0.99759730000000002       -2.4035622500000000E-003   0.0000000000000000        0.0000000000000000        0.0000000000000000     
   352.00000000000000       0.99761392999999998       -2.3870707499999999E-003   0.0000000000000000        0.0000000000000000        0.0000000000000000     
   353.00000000000000       0.99762719000000000       -2.3707882599999998E-003   0.0000000000000000        0.0000000000000000        0.0000000000000000     
   354.00000000000000       0.99764708000000002       -2.3546451100000003E-003   0.0000000000000000        0.0000000000000000        0.0000000000000000     
   355.00000000000000       0.99766034000000003       -2.3386446700000003E-003   0.0000000000000000        0.0000000000000000        0.0000000000000000     
   356.00000000000000       0.99767697000000011       -2.3227835700000005E-003   0.0000000000000000        0.0000000000000000        0.0000000000000000     
   357.00000000000000       0.99769023000000012       -2.3071314800000003E-003   0.0000000000000000        0.0000000000000000        0.0000000000000000     
   358.00000000000000       0.99771012000000003       -2.2915490600000001E-003   0.0000000000000000        0.0000000000000000        0.0000000000000000     
   359.00000000000000       0.99772675000000011       -2.2761093500000005E-003   0.0000000000000000        0.0000000000000000        0.0000000000000000     
   360.00000000000000       0.99774001000000012       -2.2608123500000000E-003   0.0000000000000000        0.0000000000000000        0.0000000000000000     
   361.00000000000000       0.99775327000000003       -2.2456546900000000E-003   0.0000000000000000        0.0000000000000000        0.0000000000000000     
   362.00000000000000       0.99776653000000004       -2.2306330000000001E-003   0.0000000000000000        0.0000000000000000        0.0000000000000000     
   363.00000000000000       0.99778316000000000       -2.2157573900000002E-003   0.0000000000000000        0.0000000000000000        0.0000000000000000     
   364.00000000000000       0.99779642000000002       -2.2010177500000005E-003   0.0000000000000000        0.0000000000000000        0.0000000000000000     
   365.00000000000000       0.99781631000000015       -2.1863511500000003E-003   0.0000000000000000        0.0000000000000000        0.0000000000000000     
   366.00000000000000       0.99782957000000017       -2.1718935600000002E-003   0.0000000000000000        0.0000000000000000        0.0000000000000000     
   367.00000000000000       0.99784620000000013       -2.1575090100000001E-003   0.0000000000000000        0.0000000000000000        0.0000000000000000     
   368.00000000000000       0.99785946000000003       -2.1432637999999997E-003   0.0000000000000000        0.0000000000000000        0.0000000000000000     
   369.00000000000000       0.99787272000000005       -2.1291579300000002E-003   0.0000000000000000        0.0000000000000000        0.0000000000000000     
   370.00000000000000       0.99788598000000006       -2.1151913999999999E-003   0.0000000000000000        0.0000000000000000        0.0000000000000000     
   371.00000000000000       0.99790261000000013       -2.1012979100000001E-003   0.0000000000000000        0.0000000000000000        0.0000000000000000     
   372.00000000000000       0.99791587000000015       -2.0875437599999999E-003   0.0000000000000000        0.0000000000000000        0.0000000000000000     
   373.00000000000000       0.99792250000000005       -2.0738626500000001E-003   0.0000000000000000        0.0000000000000000        0.0000000000000000     
   374.00000000000000       0.99793576000000006       -2.0603871800000000E-003   0.0000000000000000        0.0000000000000000        0.0000000000000000     
   375.00000000000000       0.99795239000000002       -2.0469847500000000E-003   0.0000000000000000        0.0000000000000000        0.0000000000000000     
   376.00000000000000       0.99796565000000004       -2.0336519900000004E-003   0.0000000000000000        0.0000000000000000        0.0000000000000000     
   377.00000000000000       0.99797891000000005       -2.0205282400000001E-003   0.0000000000000000        0.0000000000000000        0.0000000000000000     
   378.00000000000000       0.99799217000000007       -2.0074112300000001E-003   0.0000000000000000        0.0000000000000000        0.0000000000000000     
   379.00000000000000       0.99800880000000003       -1.9944964899999999E-003   0.0000000000000000        0.0000000000000000        0.0000000000000000     
   380.00000000000000       0.99802206000000004       -1.9816581600000001E-003   0.0000000000000000        0.0000000000000000        0.0000000000000000     
   381.00000000000000       0.99802868999999994       -1.9688895000000003E-003   0.0000000000000000        0.0000000000000000        0.0000000000000000     
   382.00000000000000       0.99804194999999996       -1.9562601800000002E-003   0.0000000000000000        0.0000000000000000        0.0000000000000000     
   383.00000000000000       0.99805520999999997       -1.9437039000000001E-003   0.0000000000000000        0.0000000000000000        0.0000000000000000     
   384.00000000000000       0.99807184000000004       -1.9312835900000000E-003   0.0000000000000000        0.0000000000000000        0.0000000000000000     
   385.00000000000000       0.99807847000000005       -1.9190059900000001E-003   0.0000000000000000        0.0000000000000000        0.0000000000000000     
   386.00000000000000       0.99809173000000007       -1.9067980600000001E-003   0.0000000000000000        0.0000000000000000        0.0000000000000000     
   387.00000000000000       0.99810499000000008       -1.8946598000000002E-003   0.0000000000000000        0.0000000000000000        0.0000000000000000     
   388.00000000000000       0.99812162000000004       -1.8826642500000003E-003   0.0000000000000000        0.0000000000000000        0.0000000000000000     
   389.00000000000006       0.99812825000000005       -1.8707383700000001E-003   0.0000000000000000        0.0000000000000000        0.0000000000000000     
   390.00000000000000       0.99814151000000007       -1.8588855300000001E-003   0.0000000000000000        0.0000000000000000        0.0000000000000000     
   391.00000000000000       0.99815477000000008       -1.8471686600000001E-003   0.0000000000000000        0.0000000000000000        0.0000000000000000     
   392.00000000000000       0.99816139999999998       -1.8355248300000002E-003   0.0000000000000000        0.0000000000000000        0.0000000000000000     
   393.00000000000000       0.99817803000000005       -1.8240203400000001E-003   0.0000000000000000        0.0000000000000000        0.0000000000000000     
   394.00000000000006       0.99819129000000006       -1.8125855200000003E-003   0.0000000000000000        0.0000000000000000        0.0000000000000000     
   395.00000000000000       0.99819792000000007       -1.8012237399999999E-003   0.0000000000000000        0.0000000000000000        0.0000000000000000     
   396.00000000000000       0.99821118000000009       -1.7899316300000001E-003   0.0000000000000000        0.0000000000000000        0.0000000000000000     
   397.00000000000000       0.99821781000000009       -1.7787788600000002E-003   0.0000000000000000        0.0000000000000000        0.0000000000000000     
   398.00000000000000       0.99823443999999995       -1.7676991300000003E-003   0.0000000000000000        0.0000000000000000        0.0000000000000000     
   399.00000000000006       0.99824107000000006       -1.7567553700000003E-003   0.0000000000000000        0.0000000000000000        0.0000000000000000     
   400.00000000000000       0.99825433000000008       -1.7458149800000000E-003   0.0000000000000000        0.0000000000000000        0.0000000000000000     
   401.00000000000000       0.99826095999999997       -1.7350139300000003E-003   0.0000000000000000        0.0000000000000000        0.0000000000000000     
   402.00000000000000       0.99827421999999999       -1.7242859200000001E-003   0.0000000000000000        0.0000000000000000        0.0000000000000000     
   403.00000000000000       0.99829085000000006       -1.7136275800000002E-003   0.0000000000000000        0.0000000000000000        0.0000000000000000     
   404.00000000000000       0.99829748000000007       -1.7031052100000001E-003   0.0000000000000000        0.0000000000000000        0.0000000000000000     
   405.00000000000000       0.99831074000000009       -1.6925895800000003E-003   0.0000000000000000        0.0000000000000000        0.0000000000000000     
   406.00000000000000       0.99831737000000009       -1.6822099200000001E-003   0.0000000000000000        0.0000000000000000        0.0000000000000000     
   407.00000000000000       0.99832400000000010       -1.6719033000000001E-003   0.0000000000000000        0.0000000000000000        0.0000000000000000     
   408.00000000000000       0.99834062999999995       -1.6616663500000001E-003   0.0000000000000000        0.0000000000000000        0.0000000000000000     
   409.00000000000000       0.99834726000000007       -1.6514990700000000E-003   0.0000000000000000        0.0000000000000000        0.0000000000000000     
   410.00000000000006       0.99836052000000008       -1.6414711299999999E-003   0.0000000000000000        0.0000000000000000        0.0000000000000000     
   411.00000000000000       0.99836714999999998       -1.6314465600000001E-003   0.0000000000000000        0.0000000000000000        0.0000000000000000     
   412.00000000000000       0.99838041000000000       -1.6215579600000001E-003   0.0000000000000000        0.0000000000000000        0.0000000000000000     
   413.00000000000000       0.99838704000000011       -1.6116760999999999E-003   0.0000000000000000        0.0000000000000000        0.0000000000000000     
   414.00000000000000       0.99839703999999996       -1.6019302099999999E-003   0.0000000000000000        0.0000000000000000        0.0000000000000000     
   415.00000000000006       0.99841029999999997       -1.5922539900000002E-003   0.0000000000000000        0.0000000000000000        0.0000000000000000     
   416.00000000000000       0.99841693000000009       -1.5825845100000001E-003   0.0000000000000000        0.0000000000000000        0.0000000000000000     
   417.00000000000000       0.99842355999999999       -1.5730510000000000E-003   0.0000000000000000        0.0000000000000000        0.0000000000000000     
   418.00000000000000       0.99843682000000000       -1.5635871600000002E-003   0.0000000000000000        0.0000000000000000        0.0000000000000000     
   419.00000000000000       0.99844345000000012       -1.5541929900000000E-003   0.0000000000000000        0.0000000000000000        0.0000000000000000     
   420.00000000000006       0.99845345000000019       -1.5448718600000000E-003   0.0000000000000000        0.0000000000000000        0.0000000000000000     
   421.00000000000000       0.99846671000000020       -1.5356204000000003E-003   0.0000000000000000        0.0000000000000000        0.0000000000000000     
   422.00000000000000       0.99847334000000010       -1.5264386100000001E-003   0.0000000000000000        0.0000000000000000        0.0000000000000000     
   423.00000000000000       0.99847997000000022       -1.5173264900000000E-003   0.0000000000000000        0.0000000000000000        0.0000000000000000     
   424.00000000000000       0.99849323000000023       -1.5082874100000002E-003   0.0000000000000000        0.0000000000000000        0.0000000000000000     
   425.00000000000006       0.99849986000000013       -1.4992483299999999E-003   0.0000000000000000        0.0000000000000000        0.0000000000000000     
   426.00000000000000       0.99850985999999997       -1.4903485900000001E-003   0.0000000000000000        0.0000000000000000        0.0000000000000000     
   427.00000000000000       0.99851649000000009       -1.4815185200000001E-003   0.0000000000000000        0.0000000000000000        0.0000000000000000     
   428.00000000000000       0.99852975000000010       -1.4727581200000002E-003   0.0000000000000000        0.0000000000000000        0.0000000000000000     
   429.00000000000000       0.99853638000000000       -1.4640010900000000E-003   0.0000000000000000        0.0000000000000000        0.0000000000000000     
   430.00000000000000       0.99854300999999990       -1.4553834000000001E-003   0.0000000000000000        0.0000000000000000        0.0000000000000000     
   431.00000000000006       0.99854964000000002       -1.4467657100000000E-003   0.0000000000000000        0.0000000000000000        0.0000000000000000     
   432.00000000000000       0.99856627000000020       -1.4382210600000001E-003   0.0000000000000000        0.0000000000000000        0.0000000000000000     
   433.00000000000000       0.99857290000000010       -1.4298090099999999E-003   0.0000000000000000        0.0000000000000000        0.0000000000000000     
   434.00000000000000       0.99857952999999999       -1.4214036999999999E-003   0.0000000000000000        0.0000000000000000        0.0000000000000000     
   435.00000000000000       0.99858616000000011       -1.4130680600000002E-003   0.0000000000000000        0.0000000000000000        0.0000000000000000     
   436.00000000000006       0.99859279000000001       -1.4047357900000002E-003   0.0000000000000000        0.0000000000000000        0.0000000000000000     
   437.00000000000000       0.99859942000000013       -1.3965394900000000E-003   0.0000000000000000        0.0000000000000000        0.0000000000000000     
   438.00000000000000       0.99861605000000009       -1.3884128600000001E-003   0.0000000000000000        0.0000000000000000        0.0000000000000000     
   439.00000000000000       0.99862267999999998       -1.3802896000000002E-003   0.0000000000000000        0.0000000000000000        0.0000000000000000     
   440.00000000000000       0.99862931000000010       -1.3722360099999999E-003   0.0000000000000000        0.0000000000000000        0.0000000000000000     
   441.00000000000006       0.99863594000000000       -1.3642520899999999E-003   0.0000000000000000        0.0000000000000000        0.0000000000000000     
   442.00000000000000       0.99864257000000012       -1.3563378400000001E-003   0.0000000000000000        0.0000000000000000        0.0000000000000000     
   443.00000000000000       0.99864920000000001       -1.3484932599999999E-003   0.0000000000000000        0.0000000000000000        0.0000000000000000     
   444.00000000000000       0.99865583000000013       -1.3406520500000001E-003   0.0000000000000000        0.0000000000000000        0.0000000000000000     
   445.00000000000000       0.99866582999999998       -1.3328805100000002E-003   0.0000000000000000        0.0000000000000000        0.0000000000000000     
   446.00000000000006       0.99867908999999999       -1.3251786400000000E-003   0.0000000000000000        0.0000000000000000        0.0000000000000000     
   447.00000000000000       0.99868572000000011       -1.3175464400000001E-003   0.0000000000000000        0.0000000000000000        0.0000000000000000     
   448.00000000000000       0.99869235000000001       -1.3099805400000003E-003   0.0000000000000000        0.0000000000000000        0.0000000000000000     
   449.00000000000000       0.99869898000000012       -1.3024213800000000E-003   0.0000000000000000        0.0000000000000000        0.0000000000000000     
   450.00000000000000       0.99870561000000002       -1.2949318899999999E-003   0.0000000000000000        0.0000000000000000        0.0000000000000000     
   451.00000000000006       0.99871224000000014       -1.2875120700000001E-003   0.0000000000000000        0.0000000000000000        0.0000000000000000     
   452.00000000000000       0.99871887000000004       -1.2801585500000002E-003   0.0000000000000000        0.0000000000000000        0.0000000000000000     
   453.00000000000000       0.99872887000000010       -1.2728117700000000E-003   0.0000000000000000        0.0000000000000000        0.0000000000000000     
   454.00000000000000       0.99873550000000000       -1.2655312900000002E-003   0.0000000000000000        0.0000000000000000        0.0000000000000000     
   455.00000000000000       0.99874213000000012       -1.2583204800000001E-003   0.0000000000000000        0.0000000000000000        0.0000000000000000     
   456.00000000000000       0.99874876000000001       -1.2511164099999999E-003   0.0000000000000000        0.0000000000000000        0.0000000000000000     
   457.00000000000006       0.99875539000000013       -1.2439786400000000E-003   0.0000000000000000        0.0000000000000000        0.0000000000000000     
   458.00000000000000       0.99876202000000003       -1.2369105400000001E-003   0.0000000000000000        0.0000000000000000        0.0000000000000000     
   459.00000000000000       0.99876864999999992       -1.2299121099999999E-003   0.0000000000000000        0.0000000000000000        0.0000000000000000     
   460.00000000000000       0.99877865000000010       -1.2229136800000001E-003   0.0000000000000000        0.0000000000000000        0.0000000000000000     
   461.00000000000000       0.99878528000000000       -1.2159882900000002E-003   0.0000000000000000        0.0000000000000000        0.0000000000000000     
   462.00000000000006       0.99879191000000012       -1.2091292000000000E-003   0.0000000000000000        0.0000000000000000        0.0000000000000000     
   463.00000000000000       0.99879854000000001       -1.2022734800000000E-003   0.0000000000000000        0.0000000000000000        0.0000000000000000     
   464.00000000000000       0.99880517000000013       -1.1954874300000001E-003   0.0000000000000000        0.0000000000000000        0.0000000000000000     
   465.00000000000000       0.99881180000000003       -1.1887710499999999E-003   0.0000000000000000        0.0000000000000000        0.0000000000000000     
   466.00000000000000       0.99881843000000003       -1.1820580400000000E-003   0.0000000000000000        0.0000000000000000        0.0000000000000000     
   467.00000000000006       0.99882506000000004       -1.1754113299999999E-003   0.0000000000000000        0.0000000000000000        0.0000000000000000     
   468.00000000000000       0.99883506000000000       -1.1688342900000000E-003   0.0000000000000000        0.0000000000000000        0.0000000000000000     
   469.00000000000000       0.99884169000000012       -1.1622639899999999E-003   0.0000000000000000        0.0000000000000000        0.0000000000000000     
   470.00000000000000       0.99884832000000001       -1.1557566199999999E-003   0.0000000000000000        0.0000000000000000        0.0000000000000000     
   471.00000000000000       0.99884832000000001       -1.1492559900000000E-003   0.0000000000000000        0.0000000000000000        0.0000000000000000     
   472.00000000000006       0.99885494999999991       -1.1428216600000000E-003   0.0000000000000000        0.0000000000000000        0.0000000000000000     
   473.00000000000000       0.99886158000000003       -1.1364570000000000E-003   0.0000000000000000        0.0000000000000000        0.0000000000000000     
   474.00000000000000       0.99886820999999992       -1.1301620100000001E-003   0.0000000000000000        0.0000000000000000        0.0000000000000000     
   475.00000000000000       0.99887484000000004       -1.1238040900000000E-003   0.0000000000000000        0.0000000000000000        0.0000000000000000     
   476.00000000000000       0.99888146999999994       -1.1175787700000001E-003   0.0000000000000000        0.0000000000000000        0.0000000000000000     
   477.00000000000006       0.99889147000000000       -1.1113601900000001E-003   0.0000000000000000        0.0000000000000000        0.0000000000000000     
   478.00000000000006       0.99889810000000001       -1.1052045399999998E-003   0.0000000000000000        0.0000000000000000        0.0000000000000000     
   479.00000000000000       0.99890473000000002       -1.0990556300000001E-003   0.0000000000000000        0.0000000000000000        0.0000000000000000     
   480.00000000000000       0.99890473000000002       -1.0929730200000000E-003   0.0000000000000000        0.0000000000000000        0.0000000000000000     
   481.00000000000000       0.99891136000000003       -1.0869634500000002E-003   0.0000000000000000        0.0000000000000000        0.0000000000000000     
   482.00000000000000       0.99891799000000003       -1.0809505099999999E-003   0.0000000000000000        0.0000000000000000        0.0000000000000000     
   483.00000000000006       0.99892462000000004       -1.0749443100000000E-003   0.0000000000000000        0.0000000000000000        0.0000000000000000     
   484.00000000000000       0.99893125000000005       -1.0690044100000000E-003   0.0000000000000000        0.0000000000000000        0.0000000000000000     
   485.00000000000000       0.99893788000000006       -1.0631341800000000E-003   0.0000000000000000        0.0000000000000000        0.0000000000000000     
   486.00000000000000       0.99894125000000011       -1.0572639499999998E-003   0.0000000000000000        0.0000000000000000        0.0000000000000000     
   487.00000000000000       0.99894788000000001       -1.0514633900000001E-003   0.0000000000000000        0.0000000000000000        0.0000000000000000     
   488.00000000000006       0.99895451000000013       -1.0456662000000001E-003   0.0000000000000000        0.0000000000000000        0.0000000000000000     
   489.00000000000000       0.99896114000000003       -1.0399386799999999E-003   0.0000000000000000        0.0000000000000000        0.0000000000000000     
   490.00000000000000       0.99896777000000014       -1.0342774600000000E-003   0.0000000000000000        0.0000000000000000        0.0000000000000000     
   491.00000000000000       0.99896777000000014       -1.0286196100000001E-003   0.0000000000000000        0.0000000000000000        0.0000000000000000     
   492.00000000000000       0.99897440000000004       -1.0229651300000002E-003   0.0000000000000000        0.0000000000000000        0.0000000000000000     
   493.00000000000006       0.99898103000000016       -1.0173769500000001E-003   0.0000000000000000        0.0000000000000000        0.0000000000000000     
   494.00000000000000       0.99898766000000006       -1.0118584400000000E-003   0.0000000000000000        0.0000000000000000        0.0000000000000000     
   495.00000000000000       0.99899766000000012       -1.0063399299999999E-003   0.0000000000000000        0.0000000000000000        0.0000000000000000     
   496.00000000000000       0.99899766000000012       -1.0008247900000001E-003   0.0000000000000000        0.0000000000000000        0.0000000000000000     
   497.00000000000000       0.99900429000000002       -9.9537932000000003E-004   0.0000000000000000        0.0000000000000000        0.0000000000000000     
   498.00000000000006       0.99901092000000002       -9.9000015000000005E-004   0.0000000000000000        0.0000000000000000        0.0000000000000000     
   499.00000000000000       0.99901755000000003       -9.8462435000000025E-004   0.0000000000000000        0.0000000000000000        0.0000000000000000     
   500.00000000000000       0.99901755000000003       -9.7925192000000000E-004   0.0000000000000000        0.0000000000000000        0.0000000000000000     
   501.00000000000000       0.99902418000000004       -9.7394579000000003E-004   0.0000000000000000        0.0000000000000000        0.0000000000000000     
   502.00000000000000       0.99903081000000005       -9.6870932999999998E-004   0.0000000000000000        0.0000000000000000        0.0000000000000000     
   503.00000000000006       0.99903744000000005       -9.6347287000000004E-004   0.0000000000000000        0.0000000000000000        0.0000000000000000     
   504.00000000000006       0.99903744000000005       -9.5823978000000008E-004   0.0000000000000000        0.0000000000000000        0.0000000000000000     
   505.00000000000000       0.99904744000000001       -9.5307636000000005E-004   0.0000000000000000        0.0000000000000000        0.0000000000000000     
   506.00000000000000       0.99905407000000013       -9.4791294000000001E-004   0.0000000000000000        0.0000000000000000        0.0000000000000000     
   507.00000000000000       0.99906070000000002       -9.4281919000000001E-004   0.0000000000000000        0.0000000000000000        0.0000000000000000     
   508.00000000000000       0.99906070000000002       -9.3772544000000012E-004   0.0000000000000000        0.0000000000000000        0.0000000000000000     
   509.00000000000006       0.99906733000000014       -9.3270135999999994E-004   0.0000000000000000        0.0000000000000000        0.0000000000000000     
   510.00000000000000       0.99907396000000004       -9.2768064999999996E-004   0.0000000000000000        0.0000000000000000        0.0000000000000000     
   511.00000000000000       0.99907396000000004       -9.2272624000000003E-004   0.0000000000000000        0.0000000000000000        0.0000000000000000     
   512.00000000000000       0.99908059000000016       -9.1777183000000000E-004   0.0000000000000000        0.0000000000000000        0.0000000000000000     
   513.00000000000000       0.99908722000000005       -9.1282079000000016E-004   0.0000000000000000        0.0000000000000000        0.0000000000000000     
   514.00000000000000       0.99909384999999995       -9.0793942000000002E-004   0.0000000000000000        0.0000000000000000        0.0000000000000000     
   515.00000000000000       0.99909384999999995       -9.0312435000000006E-004   0.0000000000000000        0.0000000000000000        0.0000000000000000     
   516.00000000000000       0.99910385000000013       -8.9831264999999997E-004   0.0000000000000000        0.0000000000000000        0.0000000000000000     
   517.00000000000000       0.99911048000000002       -8.9350094999999998E-004   0.0000000000000000        0.0000000000000000        0.0000000000000000     
   518.00000000000000       0.99911048000000002       -8.8869262000000008E-004   0.0000000000000000        0.0000000000000000        0.0000000000000000     
   519.00000000000000       0.99911711000000014       -8.8402026000000006E-004   0.0000000000000000        0.0000000000000000        0.0000000000000000     
   520.00000000000000       0.99912374000000004       -8.7927823000000010E-004   0.0000000000000000        0.0000000000000000        0.0000000000000000     
   521.00000000000000       0.99912374000000004       -8.7460924000000006E-004   0.0000000000000000        0.0000000000000000        0.0000000000000000     
   522.00000000000000       0.99913037000000005       -8.6994025000000001E-004   0.0000000000000000        0.0000000000000000        0.0000000000000000     
   523.00000000000000       0.99913700000000005       -8.6533756000000002E-004   0.0000000000000000        0.0000000000000000        0.0000000000000000     
   524.00000000000000       0.99913700000000005       -8.6073824000000001E-004   0.0000000000000000        0.0000000000000000        0.0000000000000000     
   525.00000000000000       0.99914363000000006       -8.5620859000000004E-004   0.0000000000000000        0.0000000000000000        0.0000000000000000     
   526.00000000000000       0.99914363000000006       -8.5167893999999996E-004   0.0000000000000000        0.0000000000000000        0.0000000000000000     
   527.00000000000000       0.99915363000000013       -8.4714928999999998E-004   0.0000000000000000        0.0000000000000000        0.0000000000000000     
   528.00000000000000       0.99916026000000002       -8.4268931000000004E-004   0.0000000000000000        0.0000000000000000        0.0000000000000000     
   529.00000000000000       0.99916026000000002       -8.3822933000000000E-004   0.0000000000000000        0.0000000000000000        0.0000000000000000     
   530.00000000000000       0.99916688999999992       -8.3377272000000004E-004   0.0000000000000000        0.0000000000000000        0.0000000000000000     
   531.00000000000000       0.99917352000000004       -8.2938578000000011E-004   0.0000000000000000        0.0000000000000000        0.0000000000000000     
   532.00000000000000       0.99917352000000004       -8.2499884000000008E-004   0.0000000000000000        0.0000000000000000        0.0000000000000000     
   533.00000000000000       0.99918014999999993       -8.2067819999999999E-004   0.0000000000000000        0.0000000000000000        0.0000000000000000     
   534.00000000000000       0.99918014999999993       -8.1636093000000010E-004   0.0000000000000000        0.0000000000000000        0.0000000000000000     
   535.00000000000000       0.99918678000000005       -8.1204366000000010E-004   0.0000000000000000        0.0000000000000000        0.0000000000000000     
   536.00000000000000       0.99919340999999995       -8.0779606000000003E-004   0.0000000000000000        0.0000000000000000        0.0000000000000000     
   537.00000000000000       0.99919340999999995       -8.0354846000000007E-004   0.0000000000000000        0.0000000000000000        0.0000000000000000     
   538.00000000000000       0.99920004000000007       -7.9930423000000009E-004   0.0000000000000000        0.0000000000000000        0.0000000000000000     
   539.00000000000000       0.99920004000000007       -7.9512630000000005E-004   0.0000000000000000        0.0000000000000000        0.0000000000000000     
   540.00000000000000       0.99921004000000002       -7.9094837000000012E-004   0.0000000000000000        0.0000000000000000        0.0000000000000000     
   541.00000000000000       0.99921667000000003       -7.8684348000000010E-004   0.0000000000000000        0.0000000000000000        0.0000000000000000     
   542.00000000000000       0.99921667000000003       -7.8273522000000010E-004   0.0000000000000000        0.0000000000000000        0.0000000000000000     
   543.00000000000000       0.99922330000000004       -7.7863033000000008E-004   0.0000000000000000        0.0000000000000000        0.0000000000000000     
   544.00000000000000       0.99922330000000004       -7.7459174000000001E-004   0.0000000000000000        0.0000000000000000        0.0000000000000000     
   545.00000000000000       0.99922993000000004       -7.7055652000000013E-004   0.0000000000000000        0.0000000000000000        0.0000000000000000     
   546.00000000000000       0.99923656000000005       -7.6652130000000014E-004   0.0000000000000000        0.0000000000000000        0.0000000000000000     
   547.00000000000000       0.99923656000000005       -7.6248945000000014E-004   0.0000000000000000        0.0000000000000000        0.0000000000000000     
   548.00000000000000       0.99924319000000006       -7.5852390000000008E-004   0.0000000000000000        0.0000000000000000        0.0000000000000000     
   549.00000000000000       0.99924319000000006       -7.5462465000000018E-004   0.0000000000000000        0.0000000000000000        0.0000000000000000     
   550.00000000000000       0.99924982000000007       -7.5066247000000000E-004   0.0000000000000000        0.0000000000000000        0.0000000000000000     
