# Torres-Rincon, Ramos, Tolos "Femtoscopy of D mesons and light mesons upon unitarized effective field theories". July 5, 2023
# Femtoscopic correlation function,  D+ K-
# q (MeV)   C(q) (Strong+Coulomb)   C(q) Coulomb only
0.10000000149011612 176.20719150232463 167.87636782955914
1.0000000000000000 20.371851588103219 16.787660582226955
2.0000000000000000 9.7735129636667235 8.3949507006027879
3.0000000000000000 6.4083353066376922 5.6102753660201614
4.0000000000000000 4.8061402983212851 4.2452211389532781
5.0000000000000000 3.8884559503868350 3.4537000696535145
6.0000000000000000 3.3055363044340011 2.9469841820534812
7.0000000000000000 2.9110820585188368 2.5996066938636768
8.0000000000000000 2.6333854147598128 2.3489805905850361
9.0000000000000000 2.4320790130163634 2.1608356595816254
10.000000000000000 2.2813697141587879 2.0150505398316398
13.000000000000000 1.9757409934820414 1.7271355629792615
16.000000000000000 1.7636447885794251 1.5583430201043129
19.000000000000000 1.6297083817619189 1.4481995178636971
22.000000000000000 1.5428262704314779 1.3709660064707900
25.000000000000000 1.4762884714402058 1.3139542214628976
28.000000000000000 1.4214103140781533 1.2702237983291464
31.000000000000000 1.3791111475603774 1.2356710120848797
34.000000000000000 1.3465443409726550 1.2077198510695983
37.000000000000000 1.3158762099631403 1.1846735573444991
40.000000000000000 1.2895960063493108 1.1653704085318670
43.000000000000000 1.2682813410763596 1.1489880311575869
46.000000000000000 1.2487726922331788 1.1349288095583101
49.000000000000000 1.2307396197448530 1.1227477996668700
52.000000000000000 1.2151724391262171 1.1121069297219321
55.000000000000000 1.2013544959899685 1.1027447644572979
60.000000000000000 1.1795710835662852 1.0894445248838096
65.000000000000000 1.1612390450611192 1.0784297230927899
70.000000000000000 1.1443332909163475 1.0691966899719758
75.000000000000000 1.1297107620420896 1.0613792747819757
80.000000000000000 1.1160812533827151 1.0547042992813027
85.000000000000000 1.1040587762989609 1.0489641265679042
90.000000000000000 1.0928580391534741 1.0439976706362819
95.000000000000000 1.0828920857588953 1.0396778543902980
100.00000000000000 1.0736515079227478 1.0359032094721807
105.00000000000000 1.0654146052134890 1.0325912012937815
110.00000000000000 1.0577695815292216 1.0296748088049039
115.00000000000000 1.0509729160614467 1.0270978970895890
120.00000000000000 1.0447013225297854 1.0248142744741047
125.00000000000000 1.0391591241294105 1.0227848028034658
130.00000000000000 1.0340591632661038 1.0209761974012324
135.00000000000000 1.0295785259266008 1.0193605222625541
140.00000000000000 1.0254759184457181 1.0179135477785655
145.00000000000000 1.0218968733437355 1.0166145316782169
150.00000000000000 1.0186362150914570 1.0154456130480018
155.00000000000000 1.0158129609452531 1.0143913515291130
160.00000000000000 1.0132483706088116 1.0134383307756880
165.00000000000000 1.0110425971758936 1.0125748497323612
170.00000000000000 1.0090485392064856 1.0117907701471922
175.00000000000000 1.0073470690529120 1.0110771871377795
180.00000000000000 1.0058129346756173 1.0104262356095115
185.00000000000000 1.0045068527757046 1.0098311778382640
190.00000000000000 1.0033400722357371 1.0092858980992110
195.00000000000000 1.0023449765166932 1.0087853057072282
200.00000000000000 1.0014671375651010 1.0083246875910907
205.00000000000000 1.0007291564470671 1.0079000407133585
210.00000000000000 1.0000746880252658 1.0075076295773271
215.00000000000000 0.99953219936649385 1.0071442698711903
220.00000000000000 0.99905511550391024 1.0068072745948160
225.00000000000000 0.99864787804250543 1.0064941640524427
230.00000000000000 0.99830311358120782 1.0062025195706870
235.00000000000000 0.99800687045864933 1.0059305486850800
240.00000000000000 0.99776356275989797 1.0056765327700556
245.00000000000000 0.99755873441388476 1.0054388565813266
250.00000000000000 0.99739495200861739 1.0052160621076902
255.00000000000000 0.99725951471361751 1.0050068536713992
260.00000000000000 0.99715660991236710 1.0048102979217273
265.00000000000000 0.99707596744666782 1.0046253467423543
270.00000000000000 0.99702191763149839 1.0044509318880663
275.00000000000000 0.99698087010269476 1.0042864492856023
280.00000000000000 0.99696610735399316 1.0041310016140634
285.00000000000000 0.99695555013332937 1.0039839967997517
290.00000000000000 0.99697127828902155 1.0038448207642090
295.00000000000000 0.99698374836206805 1.0037128900068437
300.00000000000000 0.99702342559740076 1.0035876654123950
305.00000000000000 0.99705415418978804 1.0034686769644883
310.00000000000000 0.99711160711746305 1.0033557245254821
315.00000000000000 0.99715761937525627 1.0032481625898109
320.00000000000000 0.99722824212064454 1.0031457354868001
325.00000000000000 0.99728673784746791 1.0030481088965102
330.00000000000000 0.99736709266313106 1.0029550847666335
335.00000000000000 0.99743644268461873 1.0028661350820831
340.00000000000000 0.99752370955576197 1.0027813715100495
345.00000000000000 0.99760184787295836 1.0027001531727833
350.00000000000000 0.99769393594035471 1.0026225148291656
355.00000000000000 0.99777963110836443 1.0025482352106774
360.00000000000000 0.99787516291595391 1.0024771229245630
365.00000000000000 0.99796633701541670 1.0024088636608248
370.00000000000000 0.99806422051371235 1.0023434223300469
375.00000000000000 0.99815944413725965 1.0022806354527731
380.00000000000000 0.99825876396901869 1.0022203504469793
385.00000000000000 0.99835669944124328 1.0021624324208485
390.00000000000000 0.99845674222374070 1.0021067462907478
395.00000000000000 0.99855658367916156 1.0020532988123494
400.00000000000000 0.99865707058535769 1.0020017320156853
