# D+K+ correlation function. Double Gaussian source. 
# q [MeV]   C(q)   C(q)+dC(q)   C(q)-dC(q)
0.10000000149011612	-6.3452959217322191E-005	6.5489519271016983E-005	-1.8564484831372352E-004
1.0000000000000000	-9.5361404792868032E-005	5.8509462324024542E-005	-2.4115925632546553E-004
2.0000000000000000	1.1114575844172470E-003	9.6304716822576131E-004	1.1114575844172470E-003
3.0000000000000000	1.6291749221447827E-002	1.6375325325823156E-002	1.6235574660668425E-002
4.0000000000000000	5.5202007185737131E-002	5.5380216378152033E-002	5.5095896330088739E-002
5.0000000000000000	0.11011793499457936	0.11061523138243427	0.10975625232474709
6.0000000000000000	0.17074727983415980	0.17157959489509725	0.17012135491991492
7.0000000000000000	0.23066966400163594	0.23181048942510080	0.22980600543823204
8.0000000000000000	0.28680401663891497	0.28820613286743829	0.28574641495780090
9.0000000000000000	0.33797572911047968	0.33958727918775078	0.33677117910030369
10.000000000000000	0.38400682882804632	0.38578751213606538	0.38268993684657709
13.000000000000000	0.49595832415270941	0.49819730270443630	0.49431296949202946
16.000000000000000	0.57831279350479159	0.58094210937696211	0.57636251567687091
19.000000000000000	0.63920934611650204	0.64207473110166069	0.63708325217400841
22.000000000000000	0.68579845221487312	0.68882553951874248	0.68355122763889120
25.000000000000000	0.72311576564561841	0.72629050807842810	0.72074593526780206
28.000000000000000	0.75300192206004535	0.75628046314897390	0.75054265179668667
31.000000000000000	0.77655060096975115	0.77989039645088443	0.77404159017205820
34.000000000000000	0.79668715797833289	0.80008606389398063	0.79412275250829756
37.000000000000000	0.81363052618223553	0.81708022852082707	0.81101526877228669
40.000000000000000	0.82727910903246327	0.83076712846493683	0.82462657884870172
43.000000000000000	0.83922161399770534	0.84274503813168833	0.83653142155052806
46.000000000000000	0.84989676409598824	0.85345641170007669	0.84716544605198141
49.000000000000000	0.85885878996240861	0.86245306164227664	0.85608876769806319
52.000000000000000	0.86645902416978893	0.87009035834788018	0.86364941307583210
55.000000000000000	0.87360251886681328	0.87727039801404172	0.87075126736675923
60.000000000000000	0.88335159387430229	0.88709202497897288	0.88042320137067087
65.000000000000000	0.89148427949432341	0.89530735165446185	0.88847029278863132
70.000000000000000	0.89834837589650673	0.90226509463856708	0.89523957683721389
75.000000000000000	0.90417870718178828	0.90820081638505057	0.90096609380502513
80.000000000000000	0.90925977092885879	0.91339926844226149	0.90593293740169412
85.000000000000000	0.91362753329857538	0.91789748449621977	0.91017602354969540
90.000000000000000	0.91761559458779729	0.92202087154969581	0.91403424038814129
95.000000000000000	0.92108992936059009	0.92564195400733307	0.91736861073534759
100.00000000000000	0.92441424354829249	0.92910816987296385	0.92055500222870579
105.00000000000000	0.92729191207880379	0.93214123212751088	0.92328158012454764
110.00000000000000	0.93012744544883841	0.93512106014264207	0.92597213307698611
115.00000000000000	0.93263431698463828	0.93777838967658267	0.92832602394492658
120.00000000000000	0.93518344716973045	0.94045711165526380	0.93073605290466976
125.00000000000000	0.93743726448347098	0.94284526716816464	0.93284336179417604
130.00000000000000	0.93975822216396265	0.94527454310227521	0.93503600101147932
135.00000000000000	0.94183616159403194	0.94746088687944074	0.93698223025691618
140.00000000000000	0.94399902328940055	0.94970104516525966	0.93903661665927984
145.00000000000000	0.94595267383208448	0.95172925501466210	0.94088131425464661
150.00000000000000	0.94798792730421511	0.95380580249301761	0.94283392642890040
155.00000000000000	0.94983279345810434	0.95568864719360069	0.94459697169065782
160.00000000000000	0.95174643262485714	0.95760726589708889	0.94645636829762214
165.00000000000000	0.95350126317884931	0.95936144493003284	0.94816108588682002
170.00000000000000	0.95531041898696123	0.96113890988381945	0.94994756807472036
175.00000000000000	0.95697273324355758	0.96276525087106424	0.95159120887026694
180.00000000000000	0.95867306397399754	0.96440182491225712	0.95329893783255959
185.00000000000000	0.96024955946075463	0.96590995572276217	0.95488830439199335
190.00000000000000	0.96183380594764545	0.96740414014461329	0.95650735015237154
195.00000000000000	0.96332574934322857	0.96879987821989721	0.95804203918320097
200.00000000000000	0.96480353611123582	0.97016567093543771	0.95958010157840989
205.00000000000000	0.96619601102837060	0.97144218244271707	0.96103961962642903
210.00000000000000	0.96758474982379572	0.97270040175561878	0.96251248719470073
215.00000000000000	0.96888229028501582	0.97386763050040637	0.96389746018620315
220.00000000000000	0.97017437968868125	0.97501792558590439	0.96529153266819900
225.00000000000000	0.97138977860502884	0.97609228380127022	0.96661180707726180
230.00000000000000	0.97256882689462609	0.97712618675706997	0.96790354189255712
235.00000000000000	0.97369735063958185	0.97810859990632792	0.96914936927880835
240.00000000000000	0.97478094023774897	0.97904569054721424	0.97035431632794744
245.00000000000000	0.97582193977472509	0.97994031234142054	0.97152006553519143
250.00000000000000	0.97681923975198126	0.98079262021639280	0.97264405126335129
255.00000000000000	0.97777840600587795	0.98160795766972930	0.97373192607750947
260.00000000000000	0.97869625969609264	0.98238457274991275	0.97477886360002697
265.00000000000000	0.97957959444946885	0.98312883916662874	0.97579190995553111
270.00000000000000	0.98042364562156969	0.98383731831213739	0.97676460727517778
275.00000000000000	0.98124024198241677	0.98452031681589913	0.97771021053291551
280.00000000000000	0.98201456857756797	0.98516611462142412	0.97861036564741122
285.00000000000000	0.98276981298310462	0.98579419263199264	0.97949195875680195
290.00000000000000	0.98348216930356203	0.98638523547847901	0.98032622384068002
295.00000000000000	0.98418281618690651	0.98696523953059212	0.98114962562321517
300.00000000000000	0.98483787971751269	0.98750658875320707	0.98192145309905965
305.00000000000000	0.98548787072218258	0.98804279038093201	0.98268945770232707
310.00000000000000	0.98609209786255014	0.98854053279654930	0.98340499859154451
315.00000000000000	0.98669439953800975	0.98903608842348334	0.98411974522990942
320.00000000000000	0.98725280221727074	0.98949489574048655	0.98478373278152043
325.00000000000000	0.98781154332575394	0.98995357139192397	0.98544913097841214
330.00000000000000	0.98832852222448253	0.99037740202508306	0.98606593897954253
335.00000000000000	0.98884494002105050	0.99080054800978823	0.98668268514598423
340.00000000000000	0.98932564789409294	0.99119393609377948	0.98725774946726053
345.00000000000000	0.98980398727428598	0.99158524484346078	0.98783038532607981
350.00000000000000	0.99025090634361679	0.99195040424785808	0.98836624102133719
355.00000000000000	0.99069383360523922	0.99231227814853529	0.98889749368969104
360.00000000000000	0.99111104443338049	0.99265272318701370	0.98939862480973662
365.00000000000000	0.99152144078565252	0.99298753888309754	0.98989173695577037
370.00000000000000	0.99191116228163367	0.99330511074354144	0.99036058314635100
375.00000000000000	0.99229280946820531	0.99361601752974804	0.99081985382398752
380.00000000000000	0.99265706152320088	0.99391242624455878	0.99125866645357830
385.00000000000000	0.99301269054555463	0.99420169967906924	0.99168725498566401
390.00000000000000	0.99335398094091387	0.99447905316739704	0.99209895570615547
395.00000000000000	0.99368526644751431	0.99474821888640808	0.99249869716936467
400.00000000000000	0.99400490223584947	0.99500767445124350	0.99288474157364748
