# Torres-Rincon, Ramos, Tolos "Femtoscopy of D mesons and light mesons upon unitarized effective field theories". July 5, 2023
# Femtoscopic correlation function,  D*+ pi+
# q (MeV)   C(q) (Strong+Coulomb)   C(q) Coulomb only
0.10000000149011612 -3.6227656081981086E-002 6.1937082720485926E-025
1.0000000000000000 -2.2900257717915040E-002 1.5424497717607065E-002
2.0000000000000000 0.12175273030993039 0.16149649317100298
3.0000000000000000 0.28006387381516040 0.32096065500154392
4.0000000000000000 0.39885160294313737 0.44132326110030151
5.0000000000000000 0.48435334751116793 0.52954226923761505
6.0000000000000000 0.54621818776978515 0.59564905588581429
7.0000000000000000 0.59159412926572930 0.64661238361974005
8.0000000000000000 0.62573276555913482 0.68693921977153349
9.0000000000000000 0.65269082431785652 0.71957308547265497
10.000000000000000 0.67538471866856820 0.74648816302697507
13.000000000000000 0.72944914947393713 0.80470428269492378
16.000000000000000 0.76474019491685552 0.84268200855522624
19.000000000000000 0.78778601777154811 0.86936640365932238
22.000000000000000 0.80590477456979148 0.88912081048264258
25.000000000000000 0.82083789150301079 0.90432072060532565
28.000000000000000 0.83231573824326421 0.91636781360759845
31.000000000000000 0.84138917579472261 0.92614202236371279
34.000000000000000 0.84990375841103172 0.93422356019423514
37.000000000000000 0.85694077626688925 0.94101024649879894
40.000000000000000 0.86274685578712418 0.94678401316162841
43.000000000000000 0.86835177506232231 0.95175032307869001
46.000000000000000 0.87352453253212392 0.95606239057299613
49.000000000000000 0.87801174184072273 0.95983673437136674
52.000000000000000 0.88222378328723439 0.96316368665068786
55.000000000000000 0.88641181765507693 0.96611435081312635
60.000000000000000 0.89249139012020673 0.97034513228919361
65.000000000000000 0.89831963917795910 0.97388428372769931
70.000000000000000 0.90363222635865892 0.97687610753581156
75.000000000000000 0.90881757028274723 0.97942779837544436
80.000000000000000 0.91364608758146015 0.98162017204691365
85.000000000000000 0.91837455115026256 0.98351574433017463
90.000000000000000 0.92285619181269907 0.98516347131164916
95.000000000000000 0.92724165511330914 0.98660257394877360
100.00000000000000 0.93144514025302139 0.98786440860163272
105.00000000000000 0.93552916522919882 0.98897503001778719
110.00000000000000 0.93943719791962932 0.98995573334416598
115.00000000000000 0.94321689064170333 0.99082404261144852
120.00000000000000 0.94684246458842658 0.99159517517941509
125.00000000000000 0.95031942612772347 0.99228168320607013
130.00000000000000 0.95364222035562629 0.99289431872734935
135.00000000000000 0.95680417048804722 0.99344228855232208
140.00000000000000 0.95982121049852409 0.99393350088124544
145.00000000000000 0.96266973731965400 0.99437479117377858
150.00000000000000 0.96538170029604387 0.99477212694671580
155.00000000000000 0.96792007889429799 0.99513056402946942
160.00000000000000 0.97032813526179695 0.99545478338216375
165.00000000000000 0.97256964498086340 0.99574851685678478
170.00000000000000 0.97469428896631638 0.99601524872402658
175.00000000000000 0.97665777476713633 0.99625797676651373
180.00000000000000 0.97851501112337824 0.99647937943874532
185.00000000000000 0.98022035516143247 0.99668175008813364
190.00000000000000 0.98182809229505463 0.99686710262724754
195.00000000000000 0.98330367751538794 0.99703720021019981
200.00000000000000 0.98469260212144927 0.99719370204667257
205.00000000000000 0.98596903828276017 0.99733788201605089
210.00000000000000 0.98718090569399297 0.99747107698314597
215.00000000000000 0.98828429532556727 0.99759422509103512
220.00000000000000 0.98934460673725289 0.99770851624604151
225.00000000000000 0.99029076037222818 0.99781467521355660
230.00000000000000 0.99118781306622228 0.99791334016848132
235.00000000000000 0.99200185834937527 0.99800538648127401
240.00000000000000 0.99276896164668793 0.99809145161284463
245.00000000000000 0.99347408925053016 0.99817177724363459
250.00000000000000 0.99413829090716666 0.99824711483721851
255.00000000000000 0.99475096955925946 0.99831772467291668
260.00000000000000 0.99532852479541201 0.99838413660717085
265.00000000000000 0.99586490692048268 0.99844668333534725
270.00000000000000 0.99637172258876761 0.99850542339670345
275.00000000000000 0.99684376662403573 0.99856098948448324
280.00000000000000 0.99729104767131771 0.99861341670438708
285.00000000000000 0.99770882414701434 0.99866301230509524
290.00000000000000 0.99810569406770377 0.99870989010696165
295.00000000000000 0.99847891187186966 0.99875434637707405
300.00000000000000 0.99883331006587461 0.99879655468311190
305.00000000000000 0.99916830482866481 0.99883653255736204
310.00000000000000 0.99948367538018323 0.99887456669178032
315.00000000000000 0.99978580577765297 0.99891076591726358
320.00000000000000 1.0000682013724453 0.99894526623318891
325.00000000000000 1.0003416141380861 0.99897803119791284
330.00000000000000 1.0005939470821288 0.99900942606699750
335.00000000000000 1.0008409439357657 0.99903930501279070
340.00000000000000 1.0010678637133932 0.99906785386600960
345.00000000000000 1.0012917147097697 0.99909503398856425
350.00000000000000 1.0014965108694154 0.99912116978386467
355.00000000000000 1.0016991180015000 0.99914620770788676
360.00000000000000 1.0018851575135066 0.99917008830433718
365.00000000000000 1.0020692029824509 0.99919298141619095
370.00000000000000 1.0022392745928295 0.99921494774019148
375.00000000000000 1.0024072744150434 0.99923605042809494
380.00000000000000 1.0025635117965577 0.99925631160575101
385.00000000000000 1.0027173253325632 0.99927567393449301
390.00000000000000 1.0028612171952846 0.99929440472187858
395.00000000000000 1.0030020780378210 0.99931230392678139
400.00000000000000 1.0031352918960337 0.99932966766419584
